t,eta,x_opt,xdot_opt,x_minus_eta_opt,P_abs_opt,x_grid,xdot_grid,x_minus_eta_grid,P_abs_grid
60.0,-0.423965184281842,0.0,0.0,0.423965184281842,0.0,0.0,0.0,0.423965184281842,0.0
60.05,-0.394965167870032,0.0001872154269031234,0.0076299792028065964,0.39515238329693514,23.286633054104474,0.0001889096574008112,0.0077322885004632224,0.3951540775274328,10.629028525225918
60.1,-0.364424102888085,0.000777133191264998,0.01610803806567621,0.36520123607935,103.7875561301095,0.0007909639867858284,0.016528490306766418,0.3652150668748709,48.567287434821594
60.15,-0.333883037906133,0.0018121198154517713,0.025432120299782448,0.33569515772158476,258.7170971770426,0.0018597261774953588,0.02640256443939413,0.33574276408362835,123.92807270690834
60.2,-0.303341972924186,0.003334356495598336,0.03559689094374047,0.30667632941978434,506.8554579442208,0.0034493463817954787,0.03736403629111189,0.3067913193059815,248.19043697129356
60.25,-0.272463419936852,0.0053856780692513335,0.046593843672253006,0.27784909800610336,868.3945072617405,0.005614340656522675,0.04941801580207195,0.2780777605933747,434.15827303357037
60.3,-0.239200677492104,0.00800741637271097,0.05841137620418191,0.24720809386481496,1364.7555480265873,0.008409370119722303,0.0625651946612735,0.2476100476118263,695.8939703116527
60.35,-0.20593793504736,0.011240247059681933,0.07103485267640135,0.21717818210704193,2018.3801179032175,0.011889019892020338,0.07680183953202713,0.21782695493938034,1048.6262320894657
60.4,-0.172675192602612,0.015124038085176168,0.08444658663909303,0.18779923068778817,2852.4903979975384,0.016107576426588284,0.09211971254935675,0.18878276902920027,1508.629589364643
60.45,-0.139412450157868,0.019697696186405798,0.09862582549652996,0.15911014634427378,3890.821381948791,0.02111879980099981,0.10850599668963304,0.1605312499588678,2093.07578979745
60.5,-0.104798878561736,0.024999013759511864,0.11354873431299808,0.12979789232124786,5157.326025633532,0.026975693551785467,0.12594322443254072,0.13177457211352148,2819.8570276382798
60.55,-0.0695784127091774,0.03106451342757264,0.1291883600219662,0.10064292613675005,6675.852946066063,0.033730269498517026,0.14440918894810542,0.10330868220769443,3707.3802404710423
60.6,-0.034357946856624,0.037929292548213096,0.1455146490341768,0.0722872394048371,8469.80523341586,0.04143330993852373,0.16387691230047413,0.07579125679514773,4774.336424024407
60.65,0.0008625189959343,0.04562686912528956,0.16249449266533994,0.04476435012935526,10561.784058626487,0.050134128897284844,0.18431464662261465,0.049271609901350544,6039.446926154545
60.7,0.0363760568397323,0.05418903148516663,0.1800918377478245,0.017812974645434326,12973.228009355498,0.059880335106539735,0.20568594799307438,0.023504278266807434,7521.192746988391
60.75,0.0726900748984212,0.0636456952378865,0.19826786176304362,-0.009044379660534702,15724.05800323575,0.07071760068434768,0.2279498254678906,-0.0019724742140735246,9237.532965482986
60.8,0.109004092957115,0.07402477011548911,0.216981191392843,-0.03497932284162589,18832.334967303024,0.08268943870646225,0.251060946644209,-0.02631465425065274,11205.617587535355
60.85,0.145318111015804,0.08535203833413435,0.2361881374547963,-0.05996607268166965,22313.9345097463,0.09583699201673458,0.27496987434527664,-0.049481118999069415,13441.49898621462
60.9,0.181632129074498,0.09765104508116229,0.2558429555411835,-0.0839810839933357,26182.247160019208,0.11019883462988443,0.2996233443119476,-0.07143329444461356,15959.84861452016
60.95,0.218080056884879,0.11094300234023671,0.2758980969999052,-0.10713705454464229,30447.90397126764,0.12581078771947923,0.32496454886902726,-0.09226926916539976,18773.681426071184
61.0,0.254553871783296,0.1252467041812176,0.296304432361473,-0.12930716760207842,35118.52665482189,0.14270574905569783,0.35093340675561163,-0.1118481227275982,21894.089951484366
61.05,0.291027686681718,0.1405784529081055,0.3170114466487652,-0.15044923377361252,40198.502922537155,0.16091353593245722,0.37746681691603023,-0.1301141507492608,25329.99073292798
61.1,0.327501501580135,0.15695199333650764,0.33796737386977915,-0.17054950824362738,45688.77832017403,0.18046073938720045,0.40449886049865386,-0.14704076219293458,29087.880559059453
61.15,0.363618063205419,0.17437845289884138,0.3591193011940146,-0.18923961030657763,51586.66899603095,0.20137058778843234,0.43196097874792266,-0.16224747541698667,33171.606606375695
61.2,0.399216257336343,0.19286628625830263,0.3804132380157876,-0.20634997107804035,57885.6926630625,0.22366281873020985,0.4597821199329069,-0.17555343860613312,37582.15072177742
61.25,0.434814451467267,0.21242122261711113,0.40179416726766853,-0.22239322885015586,64575.42114012768,0.24735355757448937,0.48788887074732873,-0.18746089389277762,42317.43114650731
61.3,0.470412645598195,0.23304621578043072,0.423206098066725,-0.2373664298177643,71641.36057634497,0.27245520279991425,0.5162055908857307,-0.19795744279828076,47372.12658874424
61.35,0.506010839729119,0.2547413968550214,0.44459212676547694,-0.2512694428740976,79064.86367273996,0.2989763181267262,0.5446545579186555,-0.20703452160239277,52737.52665983396
61.4,0.539651581154196,0.27750403157255077,0.4658945753145785,-0.2621475495816452,86823.1021230206,0.3269215335347459,0.5731561930392045,-0.21273004761945008,58401.42606563446
61.45,0.573248289900813,0.30132848580440824,0.48705514614408796,-0.27191980409640476,94889.08615417554,0.3562914589950899,0.6016293096720862,-0.2169568309057231,64348.05800115751
61.5,0.606844998647431,0.32620619884034263,0.5080151205430553,-0.2806387998070884,103231.74508015001,0.3870826108186179,0.629991412567468,-0.21976238782881313,70558.07642822289
61.55,0.640441707394053,0.35212566916207333,0.5287156267588842,-0.2883160382319797,111816.08559161589,0.4192873557820916,0.6581590768961605,-0.22115435161196145,77008.59920014332
61.6,0.672356205510391,0.37907245337328027,0.549097907917917,-0.2932837521371107,120603.40499193332,0.4528938742331162,0.6860483380605227,-0.21946233127727477,83673.30171655204
61.65,0.702849204607051,0.40702917896169144,0.5691036019766779,-0.2958200256453596,129551.56391313158,0.4878861433968897,0.7135751044906947,-0.21496306121016134,90522.56528869439
61.7,0.733342203703706,0.4359755707885699,0.5886750078254502,-0.29736663291513604,138615.30593531756,0.5242439413079989,0.7406555665316372,-0.20909826239570706,97523.67435276453
61.75,0.763835202800362,0.4658884900868481,0.6077553153873192,-0.2979467127135139,147746.60935261592,0.5619428705941818,0.7672065770217973,-0.2018923322061802,104641.0545467561
61.8,0.793872021680219,0.49674198377367035,0.6262887886800539,-0.2971300379065486,156895.05873053166,0.6009544002239418,0.7931459892698048,-0.19291762145627722,111836.54405240486
61.85,0.820363439927733,0.5285073416572066,0.6442208961719078,-0.2918560982705264,166008.22522581439,0.6412459229292808,0.818392943095125,-0.17911751699845213,119069.69054362677
61.9,0.846854858175251,0.5611531588541881,0.6614983925487823,-0.2857016993210628,175032.04933784914,0.6827808255614483,0.8428680992008246,-0.1640740326138027,126298.06802673977
61.95,0.873346276422765,0.594645401336535,0.6780693616361418,-0.27870087508623,183911.22367585797,0.7255185700587689,0.8664938283044464,-0.14782770636399611,133477.60968705697
62.0,0.899837694670279,0.6289474729291986,0.6938832374828312,-0.27089022174108035,192589.57890386207,0.7694147829575454,0.8891943693369777,-0.13042291171273357,140562.9558152152
62.05,0.923138673589166,0.6640202832843013,0.7088908225553182,-0.2591183903048647,201010.47932126228,0.8144213524741671,0.9108959741453739,-0.10871732111499888,147507.8179047555
62.1,0.94497930564334,0.6998223169891361,0.7230443201303856,-0.24515698865420388,209117.2355491246,0.8604865327661974,0.9315270551727368,-0.08449277287714263,154265.36080334065
62.15,0.966819937697519,0.7363097051488002,0.7362974028143578,-0.23051023254871872,216853.5461564675,0.9075550561610529,0.9510183585679052,-0.05926488153646603,160788.60770367872
62.2,0.988660569751693,0.7734363013626191,0.7486053180335875,-0.21522426838907394,224163.9688752675,0.9555682547649214,0.9693031647451817,-0.033092314986771676,167030.86669956
62.25,1.00913388437218,0.811153763880198,0.759925031827038,-0.197980120491982,230994.42159892985,1.0044641927924602,0.9863175189649653,-0.004669691579719748,172946.1774608364
62.3,1.025633432701,0.8494116458318736,0.7702154035477401,-0.17622178686912637,237292.70714488323,1.0541778111301539,1.0020004857654232,0.028544378429153916,178489.77306207007
62.35,1.04213298102981,0.888157494602008,0.7794373764039463,-0.1539754864278019,243009.04949418682,1.1046410848645756,1.0162944126785756,0.06250810383476568,183618.54813185617
62.4,1.05863252935863,0.927336960758998,0.7875541628826889,-0.1312955685996321,248096.62378954113,1.1557831938595606,1.0291451820249946,0.09715066450093057,188291.52101071275
62.45,1.07513207768745,0.9668939156082307,0.794531403515027,-0.10823816207921932,252512.0604686235,1.2075307050770012,1.0405024278272827,0.13239862738955122,192470.27596701685
62.5,1.08648715832206,1.00677057576073,0.8003372850323752,-0.07971658256133018,256215.90792519736,1.2598077645717043,1.0503197017330363,0.17332060624964418,196119.37348419102
62.55,1.09677358141633,1.0469076321967148,0.8049425998255062,-0.04986594921961518,259173.035605538,1.3125362960508495,1.0585545669732463,0.21576271463451957,199206.71489065193
62.6,1.1070600045106,1.0872443807663734,0.8083207459654173,-0.01981562374422663,261352.97134323543,1.3656362021968418,1.0651686164257808,0.25857619768624174,201703.85447438437
62.65,1.11734642760487,1.1277188513219238,0.8104476718226341,0.010372423717053936,262730.1715050912,1.4190255650523809,1.0701274160026315,0.30167913744751096,203586.25537430565
62.7,1.12475469710669,1.1682679328552845,0.8113017756240815,0.04351323574859456,263284.228452315,1.4726208418184563,1.0734003814455102,0.34786614471176636,204833.48957997633
62.75,1.12773616184448,1.2088274928838108,0.8108637776472085,0.08109133103933086,263000.0263601206,1.5263370531980616,1.0749606051001974,0.3986008913535817,205429.38711420132
62.8,1.13071762658228,1.2493324902098049,0.8091165888726549,0.11861486362752482,261867.86175556836,1.58008796227518,1.074784656595559,0.44937033569289997,205362.1436539082
62.85,1.13369909132007,1.2897170814829466,0.8060451945593812,0.15601799016287665,259883.54226890826,1.6337862432647263,1.0728523774622225,0.5000871519446564,204624.39534690545
62.9,1.13668055605787,1.329914722535807,0.8016365655418156,0.1932341664779369,257048.47328547106,1.6873436401137056,1.0691466850115117,0.5506630840558355,203213.26827930746
62.95,1.13165286681716,1.369858266344346,0.7958796131977895,0.238205399527186,253369.74348154527,1.74067111596614,1.0636534049045845,0.6090182491489802,201130.41169157618
63.0,1.1263774717833,1.4094800597765393,0.7887651830431415,0.2831025879932394,248860.20559243218,1.7936789950032759,1.0563611312588497,0.6673015232199759,198382.01593501808
63.05,1.12110207674944,1.4487120408091054,0.7802860807574298,0.32760996405966547,243538.54712951608,1.8462770978762806,1.0472611117149542,0.7251750211268406,194978.815308523
63.1,1.11582668171558,1.4874858377342892,0.7704371221916857,0.37165915601870925,237429.34370040256,1.89837487196475,1.0363471523200245,0.78254819024917,190936.0746883243
63.15,1.10598505643341,1.5257328709451592,0.7592151816884041,0.41974781451174925,230563.07684246256,1.94988151690594,1.0236155189584641,0.8438964604725301,186273.55211601884
63.2,1.09225367945824,1.5633844567351496,0.7466192245858378,0.47113077727690955,222976.1066084631,2.0007061047783874,1.009064822508688,0.9084524253201474,181015.43395990934
63.25,1.07852230248307,1.6003719120442077,0.7326503068876777,0.5218496095611378,214710.58887304337,2.0507576938676304,0.9926958712969036,0.9722353913845605,175190.23873598553
63.3,1.0647909255079,1.6366266580175346,0.7173115297657311,0.5718357325096346,205814.33229394132,2.09994543388085,0.9745114781889125,1.0351545083729499,168830.68819945588
63.35,1.05018560722347,1.6720803202274848,0.7006079505864374,0.6218947130040147,196340.60016997118,2.14817866043904,0.9545162235239354,1.09799305321557,161973.55039473696
63.4,1.02850930925508,1.7066648233478274,0.6825464512157982,0.6781555140927473,186347.86322691196,2.195366976589409,0.9327161741790572,1.1668576673343287,154659.4598355942
63.45,1.00683301128668,1.7403124784613977,0.6631355787766801,0.7334794671747178,175899.518335793,2.2414203194586806,0.9091185739462969,1.2345873081720007,146932.72559895975
63.5,0.985156713318285,1.7729560621498546,0.6423853790432145,0.7877993488315695,165063.59008339772,2.286249011158701,0.8837315263634529,1.3010922978404158,138841.13967798723
63.55,0.963480415349886,1.804528887516402,0.6203072447152008,0.841048472166516,153912.43113846562,2.3297637941315905,0.8565636942485924,1.3662833787817044,130435.79774307484
63.6,0.936987862815885,1.8349648683667006,0.5969137941482949,0.8979770055508156,142522.4310578052,2.3718758523245014,0.8276240346051332,1.4348879895086164,121770.94091663623
63.65,0.908228837545124,1.8641985783876553,0.5722187972150031,0.9559697408425314,130973.74075447394,2.4124968203718824,0.7969215893990239,1.5042679828267584,112903.82571560294
63.7,0.879469812274366,1.8921653081251748,0.5462371608276296,1.0126954958508088,119350.01434761188,2.4515387841360434,0.7644653493202626,1.5720689718616774,103894.62583312909
63.75,0.850710787003609,1.9188011226745074,0.5189849716070153,1.0680903356708984,107738.1603015738,2.4889142763027183,0.7302641926600724,1.6382034892991093,94806.36285892753
63.8,0.820368115575616,1.9440429227716989,0.49047958658970175,1.123674807196083,96228.0899444819,2.524536270728566,0.694326894496078,1.7041681551529502,85704.85980810094
63.85,0.785223420316026,1.9678285113221532,0.46073975818001145,1.1826050910061272,84912.44990711016,2.558318178781643,0.6566621959078552,1.7730947584656171,76658.70925058248
63.9,0.75007872505643,1.9900966666706639,0.42978577462890477,1.2400179416142338,73886.3248293471,2.590173850336835,0.6172789170542239,1.8400951252804048,67739.24647815741
63.95,0.714934029796839,2.0107872228426884,0.39763959619384415,1.2958531930458494,63246.89938448137,2.6200175811110356,0.5761860956065147,1.9050835513141966,59020.51853693861
64.0,0.679789334537248,2.029841156136841,0.3643249696613206,1.350051821599593,53093.073407488875,2.6477641272132684,0.5333931335133595,1.9679747926760203,50579.24175630231
64.05,0.639835981038379,2.0472006766051996,0.3298675086249936,1.4073646955668204,43525.029298584086,2.6733287269320964,0.4889099388657075,2.0334927458937173,42494.74281274131
64.1,0.598812730474034,2.062809322641417,0.29429473769784603,1.4639965921673828,34643.757054657595,2.6966271294217696,0.4427470599754646,2.097814398947736,34848.88162078536
64.15,0.557789479909701,2.076612056957055,0.25763610513524493,1.518822577047354,26550.54506770359,2.717575629953657,0.39491581506104934,2.159786150043956,27725.955730725855
64.2,0.516766229345367,2.0885553626122437,0.21992297455516086,1.5717891332668767,19346.44589487597,2.7360911117386704,0.3454284275065289,2.2193248823933036,21212.586405268143
64.25,0.47383793676603,2.098587338447488,0.18118861253228713,1.624749401681458,13131.72532455011,2.7520910949869792,0.2942981834319301,2.278253158220949,15397.585914903819
64.3,0.427904784101174,2.1066577942062445,0.14146819174046463,1.6787530101050705,8005.299709726746,2.7654937948341844,0.24153963210824808,2.3375890107330104,10371.803356264503
64.35,0.381971631436304,2.112718346575146,0.10079882701022512,1.730746715138842,4064.161410654916,2.7762181907656798,0.1871688483134697,2.3942465593293756,6227.942716265001
64.4,0.336038478771447,2.1167225181440497,0.05921965795833272,1.7806840393726027,1402.787155480768,2.784184111050258,0.1312037726727041,2.448145632278811,3060.3431046312207
64.45,0.29010532610659,2.118625841783826,0.016771982524321667,1.828520515677236,112.51975911846057,2.789312336318452,0.07366463699643858,2.4992070102118618,964.7073322341453
64.5,0.240890179683972,2.1183859729186554,-0.026500561133203565,1.8774957932346834,280.91189614986376,2.791524726529388,0.014574474489947663,2.550634546845416,37.76272118366848
64.55,0.191538283521448,2.115962811910672,-0.07055177524976591,1.924424528389224,1991.021196357393,2.79074437541721,-0.04604029429136618,2.599206091895762,376.8371019441076
64.6,0.14218638735891,2.1113186379832967,-0.1153326626737553,1.9691322506243867,5320.649231767292,2.7868957957746376,-0.10814921632873711,2.6447094084157277,2079.333865336885
64.65,0.0928344911963862,2.1044182552132304,-0.1607911886537639,2.0115837640168444,10341.522539476118,2.7799051380239197,-0.1717171248273281,2.6870706468275336,5242.092614926965
64.7,0.0425381742328527,2.0952291498696187,-0.20687206825043436,2.052690975636766,17118.42104888495,2.7697004431791195,-0.2367034485813555,2.727162268946267,9960.62623472114
64.75,-0.0085956479693114,2.0837216573822475,-0.2535165960621438,2.0923173053515587,25708.26579157447,2.7562119301221197,-0.30306153324500085,2.764807578091431,16328.229854721912
64.8,-0.0597294701714757,2.0698691364725135,-0.30066253218806294,2.1295986066439894,36159.183304695194,2.739372316100907,-0.3707379944930569,2.799101786272383,24434.9618774638
64.85,-0.110863292373655,2.0536481474200348,-0.3482440506589114,2.1645114397936895,48509.56752773058,2.719117168461091,-0.4396721166501143,2.8299804608347463,34366.501361705195
64.9,-0.161997041572532,2.035038631396523,-0.3961917475867687,2.197035672969055,62787.16034234314,2.695385285190446,-0.509795302217485,2.857382326762978,46202.88891786967
64.95,-0.213130118843203,2.0140240880834575,-0.4444326992144466,2.2271542069266603,79008.16965241551,2.6681191017190145,-0.5810305711278086,2.8812492205622173,60017.15992624134
65.0,-0.264263196113874,1.9905917494740115,-0.49289055370782336,2.2548549455878857,97176.43917376189,2.637265121664974,-0.6532921023223809,2.901528317778848,75873.87928120821
65.05,-0.315396273384544,1.9647327486041748,-0.541485639407409,2.280129021988719,117282.67907378022,2.6027743696250125,-0.726484809038665,2.9181706430095566,93827.58715803476
65.1,-0.366529350655229,1.9364422827775947,-0.5901350749307309,2.302971633432824,139303.76266539976,2.564602864496663,-0.8005039417780468,2.931132215151892,113921.16636483387
65.15,-0.416490367042895,1.9057197714860417,-0.6387528693962453,2.322210138528937,163202.09126477473,2.522712112027929,-0.8752347158492957,2.9392024790708238,136184.14361383065
65.2,-0.46587930609481,1.8725690096980039,-0.6872500077360583,2.3384483157928138,188925.02925328485,2.4770696153245155,-0.9505519673013714,2.9429489214193256,160630.9408960902
65.25,-0.515268245146725,1.83699831717927,-0.7355345252521907,2.352266562325995,216404.41513518617,2.427649401580897,-1.0263198508267484,2.942917646727622,187259.0997690736
65.3,-0.564657184198639,1.7990206841353054,-0.7835115827611768,2.3636778683339443,245556.16012836978,2.374432562435912,-1.1023916012500694,2.939089746634551,216047.50977896745
65.35,-0.61319329287004,1.7586539127067538,-0.8310835607703032,2.3718472055767936,276279.9539930585,2.317407804056077,-1.1786093883571547,2.930601096926117,246954.68272420022
65.4,-0.659058139440435,1.7159207528578238,-0.8781501926108374,2.374978892298259,308459.1043129803,2.2565720014659267,-1.254804297343906,2.915630140906362,279917.12437915266
65.45,-0.704922986010831,1.6708490302191823,-0.9246087565843635,2.3757720162300133,341960.54110099305,2.1919307500282,-1.3307964680650672,2.896853736039031,314847.8647847925
65.5,-0.750787832581226,1.6234717624730426,-0.9703543441811453,2.3742595950542684,376635.0213084882,2.1234989053352678,-1.4063954236238696,2.874286737916494,351635.21557158465
65.55,-0.796652679151622,1.5738272601968328,-1.0152802148100655,2.3704799393484546,412317.5658339091,2.051301101433249,-1.481400611877225,2.847953780584871,390141.82628803846
65.6,-0.838464998192506,1.521959207756283,-1.0592782380976942,2.3604242059487888,448828.1542829421,1.9753722363434083,-1.5556021728784981,2.813837234535914,430204.1102692097
65.65,-0.879326724356083,1.4679167200619399,-1.1022394152115615,2.347243444418023,485972.69137837004,1.8957579135202216,-1.6287819335267713,2.7750846378763043,471632.1043525702
65.7,-0.920188450519659,1.4117543715844814,-1.1440544640788397,2.3319428221041405,523544.24671148846,1.8125148280480774,-1.7007146210965498,2.7327032785677363,514209.8173176144
65.75,-0.961050176683236,1.3535321949506918,-1.1846144470555038,2.3145823716339278,561324.5552690468,1.72571108705679,-1.7711692772145435,2.686761263740026,557696.1081864336
65.8,-0.999543945848374,1.2933156475970786,-1.2238114170156973,2.2928595934454528,599085.7537671876,1.6354264549482722,-1.8399108468836767,2.634970400796646,601826.1199075927
65.85,-1.03423911732853,1.2311755461588496,-1.2615390580336412,2.2654146634873795,636592.3179777627,1.54175251541275,-1.906701912651095,2.57599163274128,646313.2771035277
65.9,-1.06893428880867,1.1671879693713476,-1.297693301925964,2.2361222581800178,673603.1623454045,1.4447927437356753,-1.9713045443471648,2.5137270325443453,690851.8411668948
65.95,-1.10362946028881,1.1014341310128457,-1.33217290832668,2.2050635913016556,709873.8630718259,1.3446624843043273,-2.0334822367226275,2.4482919445931373,735120.0012562595
66.0,-1.13832463176896,1.0340002248759403,-1.3648800036721886,2.1723248566449005,745158.9697696774,1.2414888295534563,-2.0930019109117883,2.3798134613224162,778783.4665031817
66.05,-1.16627749774165,0.9649772437639581,-1.3957205818912461,2.1312547415056082,779214.3770859356,1.1354103976605863,-2.149635959588331,2.301687895402236,821499.512667599
66.1,-1.1938904155375,0.894460774253144,-1.42460497501643,2.088351189790644,811799.7339366253,1.0265770072663911,-2.203164318252234,2.220467422803891,862921.4245724144
66.15,-1.22150333333334,0.8225507684087512,-1.4514483066080848,2.0440541017420912,842680.8747021906,0.9151492482880051,-2.253376547630244,2.136652581621345,902703.2649617774
66.2,-1.24911625112918,0.749351293003019,-1.4761709398215854,1.998467544132199,871632.2574294971,0.8012979486879248,-2.3000739096298513,2.050414199817105,940504.8870684354
66.25,-1.27241368231047,0.6749702562808617,-1.4986989284800574,1.9473839385913316,898439.3912909088,0.6852035380540262,-2.34307141488935,1.9576172203644961,975997.0942705033
66.3,-1.29179093862816,0.5995191120306687,-1.5189644733689804,1.8913100506588287,922901.2285428416,0.5670553100856631,-2.3821998134291444,1.858846248713823,1008866.8357514401
66.35,-1.31116819494585,0.5231125407899165,-1.5369063795049391,1.8342807357357667,944832.487745192,0.44705058768853856,-2.417307493538705,1.7582187826343887,1038822.3143677114
66.4,-1.33054545126354,0.44586810838849833,-1.5524705024661447,1.7764135596520383,964065.8644109935,0.3253937962711625,-2.448262247017541,1.6559392475347026,1065597.8720304673
66.45,-1.34904295526435,0.3679059028550014,-1.5656101639172881,1.7169488581193513,980454.0741444471,0.20229545312974445,-2.474952852099451,1.5513384083940944,1088958.5102427034
66.5,-1.35885768639855,0.28934815178953854,-1.5762865136507276,1.6482058381880886,993871.6692468661,0.07797108328421418,-2.4972904244119265,1.4368287696827642,1108703.9046861334
66.55,-1.36867241753276,0.21031882346354197,-1.584468814579005,1.578991240996302,1004216.5697493589,-0.04735992542883413,-2.5152094880602833,1.3213124921039259,1124671.7811250617
66.6,-1.37848714866697,0.13094321602980843,-1.5901346307680706,1.5094303646967786,1011411.2575871634,-0.17347551294337835,-2.5286687260549203,1.2050116357235918,1136740.5379783493
66.65,-1.38830187980117,0.05134754005562059,-1.5932699045497352,1.4396494198567904,1015403.5954975688,-0.3001521664020804,-2.5376513796662645,1.0881497133990896,1144831.0266172616
66.7,-1.39114441136671,-0.02834149986312383,-1.5938689159273827,1.3628029115035862,1016167.248463812,-0.4271661503760711,-2.542165278716038,0.9639782609906389,1148907.4318772252
66.75,-1.39049037437979,-0.1079971185722692,-1.5919341280649122,1.2824932558075208,1013701.7072391169,-0.5542947293078708,-2.5422425014049073,0.8361956450719192,1148977.2330576854
66.8,-1.38983633739287,-0.18749285352468645,-1.5874759325853776,1.2023434838681835,1008031.9346151256,-0.6813173639672909,-2.5379386788008094,0.708518973425579,1145090.2644183463
66.85,-1.38918230040595,-0.2667029531172404,-1.5805123146823663,1.1224793472887096,999207.6707450446,-0.8080168648171276,-2.5293319722263776,0.5811654355888224,1137336.929018058
66.9,-1.38616727765237,-0.34550274674816933,-1.5710684606288516,1.0406645309042006,987302.4431930839,-0.9341804868376518,-2.5165217610450212,0.45198679081471815,1125845.6486778907
66.95,-1.3753365778781,-0.42376899432866905,-1.5591763328028077,0.9515675835494308,972412.3347089647,-1.0596009524468983,-2.499627087063099,0.3157356254312016,1110779.6576674765
67.0,-1.36450587810384,-0.5013802142156608,-1.5448742343440116,0.8631256638881791,954654.5599759984,-1.184077391580842,-2.4787849041510337,0.18042848652299792,1092333.2624083643
67.05,-1.35367517832957,-0.5782169894571536,-1.5282063793305891,0.7754581888724164,934165.8951306833,-1.307416190356515,-2.454148179652314,0.046258987973055055,1070727.6955894695
67.1,-1.3428444785553,-0.6541622528746825,-1.5092224763239146,0.6886822256806174,911100.9932165155,-1.4294317419857805,-2.4258838889745538,-0.08658726343048051,1046206.6920508987
67.15,-1.32464551693002,-0.7291015516602279,-1.4879773251352806,0.595543965269792,885630.6080466979,-1.5499470954780707,-2.394170938137597,-0.22530157854805077,1019031.9077373618
67.2,-1.30462745823928,-0.8029232920353647,-1.4645304209725323,0.5017041662039153,857939.7415815932,-1.668794499292759,-2.3591980433770883,-0.36416704105347897,989478.2947332057
67.25,-1.28460939954853,-0.8755189640820453,-1.4389455553517696,0.4090904354664846,828225.724506645,-1.785815838383919,-2.321161590871512,-0.5012064388353892,957829.5343888302
67.3,-1.26459134085779,-0.9467833462815131,-1.4112904013736007,0.31780799457627695,796696.2388037036,-1.9008629641381614,-2.280263495592963,-0.6362716232803713,924373.6194371268
67.35,-1.24125250790781,-1.0166146886678988,-1.3816360713490443,0.22463781923991122,763567.2934611286,-2.0137979175722474,-2.2367090755968966,-0.7725454096644373,889398.6646857819
67.4,-1.21230763669227,-1.0849148730464306,-1.3500566419827769,0.1273927636458394,729061.1746247248,-2.1244930470300276,-2.190704961766273,-0.9121854103377576,853189.0185790876
67.45,-1.18336276547673,-1.1515895486991294,-1.3166286492735961,0.03177321677760059,693404.4000352058,-2.232831022741098,-2.1424570663484666,-1.0494682572643679,816021.738870485
67.5,-1.15441789426118,-1.2165482422435934,-1.28143056216282,-0.06213034798241335,656825.7142579684,-2.3387047518137507,-2.092168636852269,-1.1842868575525707,778163.4853383612
67.55,-1.12547302304564,-1.2797044409493255,-1.2445422495798844,-0.15423141790368544,619554.1643957436,-2.442017198663749,-2.0400384240541345,-1.3165441756181089,739867.870509738
67.6,-1.08824742366757,-1.3409756496650374,-1.2060444624916908,-0.25272822599746725,581817.2982027485,-2.5426811173524326,-1.9862589965940276,-1.4544336936848625,701373.2980534602
67.65,-1.05054914001806,-1.400283422752417,-1.1660183554502959,-0.349734282734357,543839.5220988049,-2.640618704021195,-1.9310152346842473,-1.590069564003135,662901.3042813616
67.7,-1.01285085636856,-1.4575533735377484,-1.1245450695124277,-0.4447025171691883,505840.6453458844,-2.7357611790583234,-1.874483030121443,-1.7229103226897633,624655.400926803
67.75,-0.975152572719064,-1.5127151648242303,-1.0817053934863048,-0.5375625921051663,468034.6233189446,-2.8280483098676608,-1.8168282123355048,-1.8528957371485968,586820.400557907
67.8,-0.933300614794774,-1.565702484622415,-1.0375795125705178,-0.632401869827641,430628.49796242936,-2.917427885798448,-1.7582057097776393,-1.984127271003674,549562.1898479454
67.85,-0.887583654939103,-1.616453011566622,-0.9922468467341063,-0.7288693566275191,393821.52194151084,-3.00385515705596,-1.6987589467632054,-2.1162715021168568,513027.90385920624
67.9,-0.841866695083444,-1.6649083743612039,-0.9457859715653766,-0.8230416792777598,357804.44160394534,-3.087292249115525,-1.6386194638101435,-2.2454255540320807,477346.4439426564
67.95,-0.796149735227785,-1.7110141090366533,-0.8982746070427785,-0.9148643738088683,322758.90786314325,-3.1677075633036846,-1.5779067398356434,-2.3715578280758995,442629.2763766665
68.0,-0.749890746949845,-1.7547196168960406,-0.8497896518772674,-1.0048288699461956,288856.9809750749,-3.245075172899328,-1.5167281845199398,-2.495184425949483,408971.44634971605
68.05,-0.697721067781298,-1.795978124858698,-0.8004072428867234,-1.0982570570774,256260.7017862105,-3.319374222414861,-1.455179268949052,-2.621653154633563,376452.74751628394
68.1,-0.645551388612736,-1.8347466490322775,-0.7502028209979189,-1.1891952604195415,225121.7090532942,-3.3905883362371,-1.3933437633863957,-2.745036947624364,345138.99430538027
68.15,-0.59338170944419,-1.8709859613956417,-0.6992511884172146,-1.2776042519514517,195580.88980115476,-3.4587050411955187,-1.3312940530207178,-2.8653233317513287,315083.3521081475
68.2,-0.541212030275643,-1.9046605589482193,-0.6476265487236443,-1.3634485286725764,167768.05864467955,-3.523715206405809,-1.2690915095411945,-2.982503176130166,286327.69059369736
68.25,-0.486240911181247,-1.9357386343997507,-0.5954025297244689,-1.4494977232185038,141801.66896091885,-3.585612502767478,-1.2067869048963926,-3.099371591586231,258903.93490300712
68.3,-0.429813724526607,-1.9641920477576182,-0.5426521981155848,-1.5343783232310113,117788.56324787038,-3.6443928841299766,-1.1444208639729079,-3.2145791596033697,232835.3980260439
68.35,-0.373386537871951,-1.9899962986973565,-0.48944807861770145,-1.6166097608254055,95823.76866502386,-3.7000540920951672,-1.0820243582356333,-3.3266675542232162,208138.08210048603
68.4,-0.31695935121731,-2.0131305003306266,-0.43586219333919873,-1.6961711491133165,75990.34063298283,-3.752595186671129,-1.0196192474955301,-3.435635835453819,184821.93953126244
68.45,-0.260146085230354,-2.033577355730992,-0.3819661342292722,-1.7734312705006379,58359.251079221765,-3.8020161053637698,-0.9572188762673813,-3.5418700201334157,162892.08481468237
68.5,-0.201979802484197,-2.0513231391509366,-0.32783118057714683,-1.8493433366667396,42989.31318344234,-3.8483172535983354,-0.8948287323611183,-3.6463374511141384,142349.94849048994
68.55,-0.14381351973804,-2.0663576843675706,-0.2735284656175219,-1.9225441646295307,29927.128601230346,-3.8914991297013186,-0.83244716939207,-3.7476856099632787,123194.36263624349
68.6,-0.0856472369918668,-2.07867438248696,-0.2191291877677568,-1.993027145495093,19207.040372702726,-3.931561987483843,-0.7700661877555762,-3.845914750491976,105422.56595989446
68.65,-0.0274809542457099,-2.0882701912021506,-0.16470485389917172,-2.060789236956441,10851.075559179,-3.9685055391109665,-0.7076722614952666,-3.9410245848652568,89031.11638930223
68.7,0.0297621152213169,-2.09514565660236,-0.1103275354548979,-2.124907771823677,4868.866031820701,-4.002328700057399,-0.6452471923209552,-4.032090815278716,74016.70030188013
68.75,0.0867656608401063,-2.099304947686418,-0.056070116297730274,-2.1860706085265242,1257.5431766563993,-4.033029377032374,-0.582768970234392,-4.11979503787248,60376.83069654287
68.8,0.143769206458896,-2.100755902552119,-0.0020065082924623848,-2.244525109011015,1.6104302110881261,-4.060604298599625,-0.5202126171361966,-4.204373505058521,48110.42969381175
68.85,0.200772752077701,-2.0995100841246774,0.05178818569618415,-2.3002828362023786,1072.806471080981,-4.085048887120775,-0.4575509931590953,-4.285821639198476,37218.2953494888
68.9,0.256308686681726,-2.095582842384079,0.10523757688294981,-2.351891529065805,4429.979035277909,-4.106357169743406,-0.3947555500417296,-4.362665856425132,27703.456762444173
68.95,0.309302366139961,-2.0889933794860114,0.15826396958980937,-2.3982957456259726,10018.993628129643,-4.1245217255773,-0.3317970254054333,-4.433824091717261,19571.42507873667
69.0,0.362296045598196,-2.0797648141200833,0.21078841219435598,-2.4420608597182794,17772.701886167088,-4.139533666143163,-0.2686460799429678,-4.501829711741359,12830.349558884167
69.05,0.415289725056431,-2.067924241690459,0.26273081085556144,-2.4832139667468898,27610.99158912832,-4.151382646429012,-0.2052738870974184,-4.566672371485443,7491.087773170431
69.1,0.468283404514681,-2.0535027875550993,0.31401009100756333,-2.52178619206978,39440.93490183128,-4.1600569045790365,-0.14165269137207442,-4.628340309093717,3567.19732852483
69.15,0.514868883416182,-2.0365356513652264,0.36454438841233205,-2.5514045347814083,53157.04444916849,-4.165543329120216,-0.07775635535252914,-4.680412212536398,1074.8534751482289
69.2,0.561016194758249,-2.017062141518209,0.4142512509144409,-2.578078336276458,68641.63955367164,-4.167827553715594,-0.013560916882658564,-4.728843748473843,32.69306074637761
69.25,0.607163506100316,-1.995125699538738,0.46304783810551514,-2.602289205639054,85765.32014967655,-4.166894080376118,0.05095482781436235,-4.7740575864764345,461.5812404606782
69.3,0.653310817442383,-1.9707739146932284,0.5108511113901264,-2.6240847321356116,104387.54320341093,-4.162726432703726,0.11580870460914243,-4.81603725014611,2384.294411244019
69.35,0.694733906221827,-1.9440585293730366,0.5575780139796128,-2.6387924355948638,124357.2966693797,-4.1553073411055985,0.18101450264118402,-4.850041247327425,5825.111140699594
69.4,0.731618036068534,-1.915035435585733,0.6031456481740185,-2.6466534716542673,145513.86916450274,-4.144618961818021,0.2465812822754126,-4.876236997886555,10809.302892193193
69.45,0.76850216591524,-1.8837646623842998,0.6474714633006302,-2.65226682829954,167687.71831546375,-4.130643131093458,0.3125126635909034,-4.8991452970086975,17362.51820527665
69.5,0.805386295761946,-1.8503103532714416,0.6904734716437447,-2.6556966490333878,190701.44601750607,-4.1133616550412135,0.3788061152348704,-4.9187479508031595,25510.05741143714
69.55,0.841471854948032,-1.814740731762423,0.7320705084858427,-2.656212586710455,214370.8917578881,-4.092756634574931,0.4454522646178375,-4.934228489522963,35276.03912056176
69.6,0.867564489380934,-1.7771280525541868,0.7721825498489219,-2.644692541935121,238506.3561164731,-4.068810823881925,0.5124342502802465,-4.936375313262859,46682.46415293836
69.65,0.893657123813829,-1.7375485351894941,0.8107310952119643,-2.631205659003323,262913.96349743643,-4.041508019850607,0.5797271332119894,-4.9351651436644355,59748.186485722974
69.7,0.919749758246724,-1.6960822769578858,0.8476396148756244,-2.61583203520461,287397.16668259876,-4.010833479220835,0.6472973782044839,-4.930583237467559,74487.80370318197
69.75,0.94584239267962,-1.6528131419855954,0.8828340522655596,-2.598655534665215,311758.38553585147,-3.9767743598226852,0.7151024084224753,-4.9226167525023055,90910.48080562217
69.8,0.964472564981948,-1.6078286242041737,0.9162433634152857,-2.572301189186122,335800.7604010221,-3.9393201823367314,0.7830902292569311,-4.903792747318679,109018.72127247516
69.85,0.979049054151627,-1.561219682865022,0.9478000714847028,-2.540268737016649,359329.9902025631,-3.898463309281072,0.8511991136418451,-4.8775123634326985,128807.09885594004
69.9,0.993625543321302,-1.5130805504718237,0.9774408116505693,-2.5067060937931256,382156.2161120495,-3.85419943841458,0.9193573386141838,-4.847824981735882,150260.96285577866
69.95,1.00820203249098,-1.463508514202063,1.0051068428991532,-2.4717105466930427,404095.90625708125,-3.8065281082247755,0.9874829639895418,-4.8147301407157554,173355.1296301459
70.0,1.02020414634146,-1.4126036730160894,1.0307445056166935,-2.4328078193575493,424973.6943436008,-3.755453213584213,1.0554836461646904,-4.775657359925673,198052.57374597498
70.05,1.02286223125565,-1.3604686735171587,1.054305613270055,-2.3833309047728086,444624.1304690987,-3.700983529824197,1.1232564892520656,-4.723845761079847,224303.13611500015
70.1,1.02552031616983,-1.3072084279538438,1.0757477745559032,-2.332728744123674,462893.3097847914,-3.643133243107465,1.1906879438375735,-4.6686535592772955,252042.2719289153
70.15,1.02817840108401,-1.2529298177940638,1.0950346501997628,-2.2811082188780736,479640.35405524675,-3.581922484322636,1.25765377151303,-4.610100885406646,281189.86826683534
70.2,1.03083648599819,-1.1977413858810682,1.1121361542347326,-2.228577871879258,494738.7302224083,-3.517377862601759,1.324019099136672,-4.548214348599949,311649.16886732174
70.25,1.0239640063234,-1.1417530196358425,1.1270286141130288,-2.1657170259592426,508077.39881181373,-3.4495329933100396,1.3896385912773248,-4.47349699963344,343305.8514430627
70.3,1.01452746612466,-1.0850756269240613,1.1396949060522092,-2.0996030930487213,519561.7915525416,-3.378429013809193,1.4543567711310088,-4.3929564799338525,376027.30981948687
70.35,1.00509092592592,-1.0278208054946554,1.1501245790936305,-2.032911731420575,529114.6189741204,-3.3041150789072367,1.5180085164999793,-4.309206004833157,409662.1966518165
70.4,0.99565438572719,-0.9701005063018778,1.1583139760288255,-1.965754892029068,536676.5068254826,-3.2266488266893645,1.5804197506641409,-4.222303212416555,444040.28236254316
70.45,0.982241176072234,-0.912026690871534,1.164266349878285,-1.894267866943768,542206.453383562,-3.146096804744743,1.6414083361382958,-4.128337980816977,478972.68016787356
70.5,0.961758331828442,-0.8537109830686072,1.1679919703259178,-1.815469314897049,545682.0970983279,-3.0625348466135542,1.7007851717557416,-4.024293178441996,514252.48008252576
70.55,0.94127548758465,-0.7952643160306218,1.1695082076245586,-1.7365398036152717,547099.7790804831,-2.976048388482117,1.7583554825640657,-3.9173238760667672,549655.8227667748
70.6,0.920792643340853,-0.7367965758365285,1.1688395766805137,-1.6575892191773813,546474.382405873,-2.886732716979851,1.8139202823440423,-3.807525360320704,584943.4294576161
70.65,0.900309799097061,-0.6784162443767421,1.1660177209074736,-1.578726043473803,543838.9301881036,-2.794693140104397,1.8672779801035562,-3.695002939201458,619862.5875519319
70.7,0.872051417418769,-0.620230044912454,1.161081319555873,-1.492281462331223,539243.9322486428,-2.7000450748764577,1.9182261003810157,-3.572096492295227,654149.5772769704
70.75,0.843207780234656,-0.5623425943816712,1.1540759086376071,-1.4055503746163271,532756.4811590874,-2.602914046724501,1.9665630882296543,-3.446121826959157,687532.511997752
70.8,0.814364143050543,-0.5048560669302046,1.1450536117286236,-1.3192202099807475,524459.1094931061,-2.503435597111328,2.012090170854885,-3.3177997401618713,719734.552115705
70.85,0.785520505866422,-0.4478698730526587,1.134072785783262,-1.2333903789190805,514448.4333816834,-2.401755097148585,2.054613252386121,-3.187275603015007,750477.4430010089
70.9,0.754176704607045,-0.3914803583412975,1.121197593905887,-1.1456570629483425,502833.61783214007,-2.2980274660837456,2.093944821497432,-3.0522041706907905,779485.3183068287
70.95,0.720312657633244,-0.33578052498767114,1.106497526613342,-1.0560931826209152,489734.71056057746,-2.1924167943720114,2.129905858575041,-2.9127294520052556,806488.705136406
71.0,0.686448610659443,-0.2808597780012264,1.090046895572646,-0.9673083886606694,475280.8938190251,-2.085095871651248,2.162327729941837,-2.771544482310691,831228.6598534078
71.05,0.652584563685642,-0.22680369693278754,1.0719243237755702,-0.8793882606184296,459608.7023606854,-1.9762456206096537,2.19105405579289,-2.6288301842952957,853460.9556278174
71.1,0.618554440180585,-0.1736938327523586,1.052212251297618,-0.7922482729329436,442860.24871232064,-1.8660544384668543,2.215942533629286,-2.4846088786474394,872960.233306201
71.15,0.582317871331827,-0.1216075287444611,1.0309964715552355,-0.7039254000762881,425181.48974373826,-1.75471744886025,2.2368666952790672,-2.337035320192077,889524.0199908792
71.2,0.54608130248307,-0.07061776362736583,1.0083657059560784,-0.6166990661104358,406720.5587793202,-1.642435668084546,2.2537175698015424,-2.188516970567616,902976.5127879414
71.25,0.509844733634312,-0.02079301502559163,0.9844112144271153,-0.5306377486599037,387626.1756359472,-1.5294150912958275,2.266405215819453,-2.0392598249301397,913172.0181855329
71.3,0.473608164785554,0.027802858305484554,0.9592264324770676,-0.44580530648006944,368046.13950507296,-1.4158657062049245,2.2748600822157417,-1.8894738709904786,919997.9366504196
71.35,0.437108126353782,0.07511071646222921,0.9329066199494863,-0.36199740989155277,348125.9046182301,-1.302000443945762,2.279034153409386,-1.739108570299544,923377.1862055887
71.4,0.400459886281581,0.12107622078533388,0.9055485062578044,-0.27938366549624716,328007.2388742963,-1.188034078924137,2.278901838542382,-1.5884939652057182,923269.9715043288
71.45,0.363811646209381,0.16564989812045236,0.877249917657784,-0.19816174808892864,307826.96721223556,-1.0741820913671307,2.2744605689155373,-1.4379937375765117,919674.8230313937
71.5,0.32716340613718,0.2087871857644985,0.8481093763735817,-0.11837622037268147,287715.8057171143,-0.9606595078729461,2.265731077271428,-1.287822914010126,912628.8559135194
71.55,0.290822518752822,0.2504484555718196,0.8182256676992014,-0.040374063181002395,267797.29731272155,-0.8476797362740711,2.2527573445925544,-1.138502255026893,902207.2273094571
71.6,0.255651935833702,0.2905990156941392,0.7876973801031816,0.034947079860437213,248186.86504856645,-0.7354534114921706,2.235606215386097,-0.9911053473258726,888521.8044929687
71.65,0.220481352914591,0.32920908891276646,0.7566224311858414,0.10872773599817545,228991.0013494293,-0.6241872686102347,2.21436669714547,-0.8446686215248257,871719.0878981221
71.7,0.185310769995481,0.3662537672669606,0.7250975968536514,0.18094299727147958,210306.60998517612,-0.5140830583244305,2.189148971212988,-0.6993938283199115,851977.4610067351
71.75,0.150140187076371,0.4017129436442597,0.6932180638907295,0.2515727565678887,192220.5136417646,-0.4053365183107059,2.160083151921606,-0.5554767053870768,829503.8619049923
71.8,0.11767763266246,0.435571222003335,0.6610770258779568,0.31789358934087497,174809.13365745792,-0.2981364120414552,2.127317836947925,-0.4158140447039152,804529.9874483197
71.85,0.0859700017960264,0.46781780883456237,0.6287653389031073,0.38184780703853594,158138.34056237573,-0.1926636443641388,2.091018493717132,-0.27863364616016517,777308.1495230335
71.9,0.0542623709296015,0.4984463891083728,0.5963712461462006,0.4441840181787713,142263.4652919889,-0.08909046097793118,2.05136572356694,-0.14335283190753267,748106.9034356115
71.95,0.0225547400631766,0.5274549902103911,0.5639801722207038,0.5049002501472145,127229.45386323791,0.012420263012707183,2.0085534400209966,-0.010134477050469416,717206.5638080318
72.0,-0.0073123309353809,0.5548458371954819,0.5316745796060427,0.5621581681308627,113071.1434397049,0.11171564193640116,1.9627869903842063,0.11902797287178206,684894.7145993761
72.05,-0.0337612193221848,0.5806252021246604,0.49953387283165634,0.6143864214468452,99813.63604247736,0.2086533035353601,1.9142812432029528,0.2424145228575449,651461.8094362031
72.1,-0.0602101077089961,0.6048032494127435,0.46763433116808445,0.6650133571217396,87472.74707480868,0.30310181682048054,1.8632586580088997,0.36331192452947664,617196.9469591335
72.15,-0.0866589960957999,0.6273938780702,0.4360490482590422,0.7140528741659998,76055.50899504662,0.39494102321963187,1.8099473491901412,0.4816000193154318,582383.8945494079
72.2,-0.113107884482604,0.6484145606997946,0.4048478601190526,0.7615224451823986,65560.7159371904,0.4840622710134101,1.754579155857456,0.597170155496014,547297.4247412378
72.25,-0.133693111512416,0.667886178309444,0.3740972480027539,0.80157928982186,55979.50038529358,0.5703685536926887,1.6973877312903145,0.7040616652051047,512200.0196150899
72.3,-0.153796046049661,0.6858328494937468,0.34386021015518725,0.8396288955434078,47295.93765118782,0.6537745536291197,1.6386066695184107,0.8075705996787808,477338.989758261
72.35,-0.173898980586913,0.7022817524505434,0.31419610419031074,0.8761807330374564,39487.67675534744,0.7342065934539607,1.5784676908724384,0.9081055740408737,442944.04464500764
72.4,-0.194001915124158,0.7172629385701351,0.2851604701811354,0.9112648536942931,32526.597501570483,0.8116024987328129,1.5171989133781805,1.0056044138569709,409225.3409343878
72.45,-0.210812375563573,0.7308091370475089,0.25680485146484355,0.941621512611082,26379.492694352142,0.8859113770000043,1.4550232407883135,1.0967237525635773,376372.02333051135
72.5,-0.224250382777279,0.7429555508740401,0.2291766322148033,0.967205933651319,21008.77150132769,0.9570933197415071,1.3921568973015201,1.181343702518786,344551.2580807458
72.55,-0.237688389990984,0.7537396455262049,0.20231891064988083,0.9914280355171888,16373.176642621787,1.0251190353596402,1.328808136192549,1.2628074253506243,313907.74449982506
72.6,-0.251126397204693,0.7632009325316652,0.17627042283377978,1.0143273297363582,12428.504786399804,1.0899694223687977,1.2651761430811146,1.3410958195734906,284563.6752038409
72.65,-0.2641876598916,0.7713807507067293,0.15106552700509024,1.0355684105983292,9128.317379730259,1.1516350929090071,1.2014501469596661,1.415822752800607,256619.10322300502
72.7,-0.271130071815719,0.7783220481672799,0.1267342490866305,1.049452119982999,6424.627956620841,1.2101158570657264,1.1378087401710706,1.4812459288814455,230152.66297060958
72.75,-0.278072483739838,0.7840691679884837,0.10330238168679995,1.0621416517283218,4268.55282486612,1.2654201782153969,1.0744193974136653,1.543492661955235,205222.58516244334
72.8,-0.285014895663957,0.788667639871989,0.0807916221289769,1.073682535535946,2610.914482492556,1.3175646089192758,1.0114381743378698,1.602579504583233,181867.94320140855
72.85,-0.291957307588077,0.7921639792951183,0.05921973093102045,1.0841212868831953,1402.7906126169842,1.366573215687625,0.9490095595105599,1.658530523275702,160110.07005198702
72.9,-0.29501506772009,0.7946054946968126,0.03860069127684177,1.0896205624169026,596.0053468200193,1.4124769995739523,0.8872664502895303,1.7074920672940423,139954.08956611264
72.95,-0.295791365688488,0.796040102254548,0.018944850587220168,1.091831467943036,143.56294550883854,1.4553133180069322,0.8263302217301817,1.7511046836954203,121390.51295016022
73.0,-0.296567663656885,0.7965161470099866,0.00025903136869605964,1.0930838106668717,0.026838899987421592,1.495125311834158,0.7663108623179152,1.7916929754910431,104396.8600366981
73.05,-0.297343961625282,0.7960822286344709,-0.017453394310233617,1.0934261902597529,121.84838917939807,1.5319613403951882,0.7073071567759053,1.8293053020204701,88939.27360469602
73.1,-0.296953617886178,0.7947870300701655,-0.034192462639424506,1.0917406479563434,467.6498005393763,1.565874426678274,0.649406905938065,1.862828044564452,74974.10301867571
73.15,-0.291896707317073,0.7926791476770713,-0.04996159846308972,1.0845758549941442,998.4645283948038,1.5969217143208305,0.5926871800394798,1.8888184216379036,62449.438823671255
73.2,-0.286839796747968,0.7898069220987396,-0.06476760262337251,1.0766467188467077,1677.9369398316362,1.6251639381558276,0.5372146088818038,1.9120037349037955,51306.584177071905
73.25,-0.281782886178862,0.7862182699972861,-0.07862062716776742,1.068001156176148,2472.4812065012356,1.650664910375778,0.48304571744609437,1.93244779655464,41481.45158097992
73.3,-0.276725975609757,0.7819605177194132,-0.0915341194584572,1.0586864933291702,3351.398010014045,1.6734910248158341,0.43022731718638885,1.950217000425591,32905.87456949291
73.35,-0.2675558758465,0.7770802388694804,-0.10352472048175831,1.0446361147159804,4286.947100330476,1.693710782380955,0.3787969607716576,1.961266658227455,25508.82444263906
73.4,-0.257170999999999,0.7716230982615349,-0.11461211052575998,1.0287940982615338,5254.374351667609,1.7113943408293295,0.3287834616358095,1.9685653408293284,19217.522603595702
73.45,-0.246786124153498,0.7656337049245832,-0.12481880229049762,1.0124198290780813,6231.893362093733,1.7266130920825749,0.28020747391629014,1.9733992162360727,13958.440611297496
73.5,-0.236401248306998,0.7591554766055906,-0.1341698896636541,0.9955567249125885,7200.623716942844,1.7394392698038894,0.23308212084671576,1.9758405181108873,9658.182232604979
73.55,-0.224503293718934,0.7522305176617997,-0.14269276612131235,0.9767338113807337,8144.490201340618,1.7499455892551625,0.18741365419390393,1.9744488829740965,6244.244938366614
73.6,-0.209694211025754,0.7448995113852936,-0.1504168328028434,0.9545937224110477,9050.08943617542,1.758204920421797,0.14320212114521533,1.9678991314475511,3645.6617778646983
73.65,-0.194885128332578,0.7372016267396845,-0.1573732168726338,0.9320867550722625,9906.531755536414,1.764289994145929,0.10044201416332799,1.959175122478507,1793.5285705219876
73.7,-0.180076045639402,0.7291744385507871,-0.1635945177511782,0.9092504841901892,10705.266495296222,1.7682731398697058,0.05912288207329376,1.9483491855091077,621.4249217160179
73.75,-0.165266962946226,0.7208538594275864,-0.16911459256579073,0.8861208223738124,11439.89816747736,1.7702260526127673,0.019229886749403506,1.9354930155589933,65.7401856702017
73.8,-0.147693481227438,0.7122740813264977,-0.1739683855684816,0.8599675625539357,12105.99967092155,1.7702195862346948,-0.01925570341172879,1.9179130674621327,65.91682024541578
73.85,-0.129866495667867,0.7034675245804722,-0.17819179853288933,0.8333340202483392,12700.926825754328,1.7683235697500437,-0.056356083783921526,1.8981900654179107,564.6236763485125
73.9,-0.112039510108302,0.694464792614687,-0.1818215907701529,0.806504302722989,13223.636348075579,1.7646066437090984,-0.09209653879513113,1.8766461538174004,1507.870659207661
73.95,-0.0942125245487374,0.6852946312556678,-0.18489529208528632,0.7795071558044052,13674.507614121338,1.7591361142431277,-0.1265051068791686,1.853348638791865,2845.074145157311
74.0,-0.0758747803974727,0.6759838924886977,-0.18745110870221302,0.7518586728861705,14055.167261475552,1.7519778232883096,-0.15961226505792,1.8278526036857823,4529.080027896837
74.05,-0.0569925084914204,0.6665575034727107,-0.18952780454314894,0.7235500119641312,14368.315477978427,1.7431960344953046,-0.191450614093212,1.800188542986725,6516.1489131854205
74.1,-0.0381102365853627,0.6570384424008386,-0.19116454425013388,0.6951486789862014,14617.553191344557,1.7328533352126514,-0.22205454800158847,1.7709635717980141,8765.906184567068
74.15,-0.0192279646793104,0.6474477233342856,-0.1924006908463958,0.666675688013596,14807.210335268148,1.7210105556231803,-0.25145989743397057,1.7402385203024906,11241.25866977831
74.2,-0.0004116043321272,0.6378043922836907,-0.19327555888287537,0.6382159966158178,14942.17666459513,1.7077267064389485,-0.27970354405020126,1.7081383107710757,13908.279565198734
74.25,0.0172936754512645,0.6281255365671926,-0.19382813267235535,0.6108318611159281,15027.738006100873,1.6930589364987905,-0.3068230119484191,1.675765261047526,16736.06411752884
74.3,0.0349989552346562,0.6184263087877198,-0.19409676628505612,0.5834273535530635,15069.421872926281,1.6770625110881305,-0.33285604994398577,1.6420635558534744,19696.55999721123
74.35,0.052704235018053,0.6087199658490225,-0.19411888560200213,0.5560157308309696,15072.856698945277,1.659790810998268,-0.35784022308901037,1.6070865759802149,22764.377824069816
74.4,0.0704095148014448,0.5990179223666868,-0.19393071379805624,0.528608407565242,15043.64870168944,1.6412953513461237,-0.3818125340378135,1.570885836544679,25916.588648600264
74.45,0.0859376231046929,0.5893298168253219,-0.1935670386154871,0.503392193720629,14987.279375347789,1.6216258181808325,-0.4048090929430381,1.5356881950761396,29132.515862998265
74.5,0.10015384602888,0.5796635880409772,-0.19306103449017753,0.4795097420120972,14909.025215367008,1.6008301200724873,-0.4268648501283042,1.5006762740436073,32393.52893778838
74.55,0.114370068953067,0.5700255590157082,-0.1924441448200377,0.45565549006264117,14813.899550206255,1.5789544513328517,-0.44801339850727917,1.4645843823797846,35682.845376363046
74.6,0.128586291877259,0.5604205252279068,-0.19174602109419733,0.43183423335064774,14706.614642182547,1.5560433633877448,-0.4682868441827738,1.427457071510486,38985.345499495364
74.65,0.141800219159513,0.5508518447541753,-0.1909945081915652,0.40905162559466224,14591.560863735145,1.5321398410956653,-0.4877157358443148,1.3903396219361523,42287.40248713982
74.7,0.150796152281971,0.5413215283118653,-0.19021565914386793,0.39052537602989434,14472.79879341446,1.507285381453085,-0.5063290367981128,1.3564892291711141,45576.72773420528
74.75,0.159792085404428,0.5318303282218378,-0.18943376060339667,0.3720382428174098,14354.059862538003,1.4815200730346803,-0.5241541204167702,1.3217279876302523,48842.22967997833
74.8,0.168788018526886,0.5223778262156724,-0.18867135061924506,0.35358980768878645,14238.751417796042,1.4548826754894455,-0.5412167691544464,1.2860946569625595,52073.88288248485
74.85,0.177783951649346,0.5129625208499682,-0.18794921520853672,0.33517856920062217,14129.96299900194,1.427410699347739,-0.557541161289646,1.2496267476983929,55262.60382794793
74.9,0.182117112014454,0.5035819157815942,-0.1872863563856296,0.32146480376714015,14030.471715282025,1.3991404870158362,-0.5731498352317054,1.2170233750013821,58400.130422423295
74.95,0.185025874435411,0.4942326103725,-0.18669993208572697,0.30920673593708903,13942.745856326024,1.3701072961957066,-0.5880636288732208,1.1850814217602956,61478.9033961851
75.0,0.187934636856369,0.48491039382791956,-0.18620517660384397,0.29697575697155054,13868.94711762749,1.3403453868432267,-0.6023016000263561,1.1524107499868577,64491.94975898821
75.05,0.190843399277326,0.47561034351159615,-0.1858153161086157,0.2847669442342702,13810.932680217913,1.309888112329941,-0.6158809406566761,1.119044713052615,67432.77032251593
75.1,0.191763918809201,0.46632692720599944,-0.18554149857600938,0.2745630083967985,13770.259077532515,1.2787680146648537,-0.6288169034608574,1.0870040958556526,70295.23521388466
75.15,0.188790305818674,0.45705410812632985,-0.18539275633318986,0.26826380230765584,13748.189640327002,1.2470169226849015,-0.6411227593165779,1.0582266168662275,73073.49200243605
75.2,0.185816692828146,0.44778545065785164,-0.18537601704641754,0.26196875782970563,13745.707078397474,1.2146660512405396,-0.6528098027906807,1.0288493584123937,75761.89131015242
75.25,0.182843079837618,0.4385142241132678,-0.1854961724288329,0.2556711442756498,13763.531994298923,1.1817460986415513,-0.6638874171080964,0.9989030188039334,78354.93379457059
75.3,0.179869466847091,0.4292335015551585,-0.18575620719613617,0.2493640347080675,13802.147404757548,1.1482873392602302,-0.6743632035643998,0.9684178724131391,80847.24094606936
75.35,0.172479597109303,0.41993625076894714,-0.18615738163114287,0.24745665365964414,13861.828294305187,1.1143197081066487,-0.6842431711216154,0.9418401109973458,83233.54972916697
75.4,0.16462074435411,0.41061541507590177,-0.18669945305078695,0.24599467072179176,13942.674307785199,1.079872874689493,-0.6935319732423533,0.915252130335383,85508.72851723239
75.45,0.156761891598916,0.40126398248801,-0.18738091669361354,0.244502090889094,14044.643176375574,1.044976304221813,-0.7022331733334058,0.888214412622897,87667.80972976092
75.5,0.148903038843722,0.3918750428014418,-0.18819924414108924,0.2429720039577198,14167.582198110926,1.00965930531174,-0.7103495166082083,0.860756266468018,89706.03302142494
75.55,0.139431815072203,0.3824418332380614,-0.18915109983597303,0.2430100181658584,14311.255427663295,0.9739510643343028,-0.7178831875232221,0.8345192492620997,91618.89260951141
75.6,0.128185628249096,0.37295777416911136,-0.19023251901579097,0.24477214592001537,14475.364516437308,0.9378806677002401,-0.724836033747927,0.8096950394511442,93402.18236789796
75.65,0.116939441425992,0.3634164971120155,-0.1914390382932271,0.24647705568602352,14659.562153054267,0.9014771140296376,-0.7312097449258524,0.7845376726036456,95052.03396880536
75.7,0.105693254602887,0.3538118674096055,-0.19276577811767837,0.2481186128067185,14863.458085325603,0.8647693186107245,-0.7370059823459406,0.7590760640078374,96564.94542465865
75.75,0.0943698323994572,0.34413800384053367,-0.19420748544546831,0.24976817144107646,15086.618961220716,0.8277861125136188,-0.7422264650455475,0.7334162801141616,97937.80007360164
75.8,0.0813682960234977,0.33438929679337553,-0.19575855073499293,0.2530210007698778,15328.56407434592,0.7905562382351075,-0.7468730244200078,0.7091879422116097,99167.87815222926
75.85,0.0683667596475345,0.3245604258833269,-0.19741301665145414,0.2561936662357924,15588.759657370923,0.7531083430753699,-0.7509476436569475,0.6847415834278354,100252.86462469722
75.9,0.0553652232715749,0.31464637694083064,-0.19916459710171225,0.25928115366925575,15866.614695474946,0.715470970523302,-0.7544525006733482,0.6601057472517271,101190.85791506997
75.95,0.0423636868956154,0.3046424574621195,-0.20100672208697457,0.26227877056650406,16161.48092966009,0.6776725490589787,-0.7573900311040498,0.6353088621633632,101980.38386058551
76.0,0.0292704837020311,0.29454430894053607,-0.2029326185003137,0.26527382523850496,16472.659060557544,0.639741377037191,-0.7597630232916848,0.6104708933351599,102620.41805534599
76.05,0.0161206191422128,0.28434791420975913,-0.2049354284246544,0.26822729506754633,16799.41192943866,0.6017056019267115,-0.7615747489959568,0.5855849827844988,103110.41747702305
76.1,0.0029707545823907,0.27404959805030366,-0.2070083586522375,0.27107884346791294,17140.984220757357,0.5635931921932452,-0.7628291255843126,0.5606224376108545,103450.35997150702
76.15,-0.0101791099774275,0.2636460198047522,-0.20914484812423467,0.2738251297821797,17496.626998763677,0.5254319005181167,-0.763530897897834,0.5356110104955443,103640.7879190529
76.2,-0.0231094219413091,0.25313415754332097,-0.21133873533413233,0.2762435794846301,17865.624421052173,0.48724921778698266,-0.7636858224558913,0.5103586397282918,103682.85074135667
76.25,-0.0350914535440178,0.2425112842755528,-0.21358440576710405,0.27760273781957057,18247.319354754778,0.4490723182317371,-0.763300833650994,0.48416377177575487,103578.34002707599
76.3,-0.0470734851467263,0.23177493768954213,-0.21587690060086964,0.27884842283626843,18641.134485215098,0.4109279971418023,-0.7623841717006823,0.4580014822885286,103329.7111572863
76.35,-0.0590555167494383,0.22092288571638868,-0.2182119735289728,0.279978402465827,19046.58615656365,0.37284260347224674,-0.760945456929564,0.43189812022168506,102940.08683053206
76.4,-0.0710375483521469,0.20995309069707543,-0.22058608926083267,0.28099063904922233,19463.289110155216,0.3348419702830671,-0.7589957011940319,0.405879518635214,102413.23989884804
76.45,-0.0814987030221035,0.19886367505886074,-0.22299636600972694,0.28036237808096426,19890.95170141764,0.2969513462136835,-0.7565472559886324,0.378450049235787,101753.5556522541
76.5,-0.0914743006765911,0.18765289105575383,-0.2254404725464571,0.2791271917323449,20329.36266478795,0.25919533097294645,-0.7536137055064419,0.35066963164953757,100965.97637816003
76.55,-0.101449898331079,0.17631909646533309,-0.22791649607915423,0.2777689947964121,20778.371673999653,0.22159781725848918,-0.7502097194368111,0.3230477155895682,100055.93300221492
76.6,-0.111425495985569,0.16486073719991615,-0.23042280117962105,0.2762862331854852,21237.866921385266,0.18418194063221566,-0.7463508853391251,0.29560743661778466,99029.27005271037
76.65,-0.120631034311514,0.15327633677064423,-0.2329578998752132,0.27390737108215824,21707.753245707943,0.1469700378491031,-0.7420535414942321,0.26760107216061707,97892.17039006791
76.7,-0.128229905643342,0.141564491593013,-0.23552035042797415,0.269794397236355,22187.934186286297,0.1099836131202943,-0.7373346295870759,0.23821351876363628,96651.08550903296
76.75,-0.13582877697517,0.12972387038981628,-0.2381086956062166,0.2655526473649863,22678.300369317567,0.07324331094657188,-0.7322115806232893,0.2090720879217419,95312.67534201879
76.8,-0.143427648307,0.11775321561662123,-0.24072144352693509,0.2611808639236212,23178.725349476557,0.03676889368764981,-0.7267022400784439,0.1801965419946498,93883.75924178281
76.85,-0.151026519638828,0.1056513448768779,-0.24335708532114156,0.2566778645157059,23689.06839040055,0.0005792219298291837,-0.7208248293277514,0.15160574156865717,92371.27725784568
76.9,-0.156386267179024,0.09341715078708936,-0.24601413738065273,0.24980341796611338,24209.182316458668,-0.03530776391859179,-0.714597933316546,0.12107850326043222,90782.25889782733
76.95,-0.161480525768536,0.08104959845595211,-0.24869119110540677,0.2425301242244881,24738.92341337038,-0.07087506176060963,-0.7080404987205049,0.09060546400792636,89123.79516949001
77.0,-0.166574784358047,0.06854772070232432,-0.25138695077213197,0.23512250506037133,25278.159607404123,-0.10610662570762289,-0.7011718234560635,0.060468158650424125,87403.00906821353
77.05,-0.17166904294756,0.05591061204523005,-0.2541002419474294,0.22757965499279004,25826.77318309687,-0.14098738285261442,-0.6940115191647575,0.03068166009494558,85627.02021926657
77.1,-0.17564765462754,0.0431374232991987,-0.2568299775489578,0.2187850779267387,26384.654947119267,-0.17550324716883858,-0.6865794321121254,0.00014440745870142324,83802.90072878374
77.15,-0.178368196388262,0.0302273590448095,-0.2595750764997288,0.2085955554330715,26951.68813593602,-0.2096411282500633,-0.6788955153078208,-0.0312729318618013,81937.62145867938
77.2,-0.181088738148984,0.01717968031264274,-0.2623343377584822,0.19826841846162674,27527.721906872564,-0.24338893243017434,-0.6709796524454825,-0.06230019428119035,80037.99004370855
77.25,-0.183809279909707,0.00399371446480014,-0.2651062807935471,0.18780299437450715,28112.536046474812,-0.27673555407326156,-0.6628514429571152,-0.09292627416355456,78110.58407650306
77.3,-0.186456286681716,-0.009331126445806776,-0.26788896894544195,0.1771251602359092,28705.799873060783,-0.30967085545911976,-0.6545299636427045,-0.12321456877740378,76161.68414331024
77.35,-0.187338453724605,-0.02279531847008245,-0.2706798358033966,0.16454313525452255,29307.029404221495,-0.3421856345763994,-0.6460335270285853,-0.15484718085179439,74197.2120968878
77.4,-0.188220620767494,-0.036399190375105764,-0.2734755343548527,0.1518214303923882,29915.54715626889,-0.3742715811967767,-0.6373794573378223,-0.18605096042928274,72222.679579779
77.45,-0.189102787810384,-0.05014288163883043,-0.276271825748255,0.13895990617155357,30530.448680909667,-0.4059212225849655,-0.6285839029809382,-0.2168184347745815,70243.1507709777
77.5,-0.189984954853273,-0.06402629611916341,-0.2790635183159739,0.12595865873410958,31150.578901955967,-0.43712786104886914,-0.6196616989674227,-0.24714290619559615,68263.22154083429
77.55,-0.190837516930023,-0.07804905397728923,-0.2818444583527456,0.11278846295273376,31774.519481661013,-0.4678855059673284,-0.6106262837128956,-0.27704798903730543,66287.01481973719
77.6,-0.191671151241535,-0.09221044432197954,-0.28460756652963054,0.09946070691955546,32400.58677036723,-0.49818880296484785,-0.6014896668727976,-0.30651765172331286,64318.19010751094
77.65,-0.192504785553048,-0.10650938055677969,-0.28734490704006194,0.08599540499626832,33026.838240744735,-0.5280329625408127,-0.5922624374064341,-0.33552817698776466,62359.963513352945
77.7,-0.19333841986456,-0.12094435964272261,-0.2900477719429102,0.07239406022183738,33651.084003618584,-0.5574136897740348,-0.5829537954930479,-0.3640752699094748,60415.133809733394
77.75,-0.194224784296029,-0.13551342554607704,-0.29270676096170295,0.05871135874995195,34270.899165076604,-0.5863271158107058,-0.5735715886055651,-0.3921023315146769,58486.10973431318
77.8,-0.195351363718412,-0.15021413618154916,-0.29531183904935054,0.045137227536862834,34883.632913083806,-0.6147697308593645,-0.5641223330127761,-0.4194183671409525,56574.93450733822
77.85,-0.196477943140794,-0.1650435324101007,-0.29785235956048284,0.03143441073069331,35486.41123829886,-0.6427383175908611,-0.554611206668443,-0.44626037445006705,54683.30498884025
77.9,-0.197604522563177,-0.17999810720674636,-0.30031704760906475,0.01760641535643065,36076.131633850106,-0.6702298832896381,-0.5450420057010008,-0.47262536072646105,52812.58452952352
77.95,-0.19873110198556,-0.1950737730503534,-0.3026939469996897,0.003657328935206594,36649.450220100385,-0.6972415889181626,-0.5354170654891771,-0.4985104869326026,50963.810491918535
78.0,-0.203445370537732,-0.21026582596134194,-0.3049703412465505,-0.006820455423609928,37202.76361601498,-0.7237706735191274,-0.5257371548639357,-0.5203253029813953,49137.69884523127
78.05,-0.209368325802081,-0.22556890527705023,-0.30713266549221657,-0.016200579474969223,37732.18968494152,-0.7498143729632506,-0.5160013590493502,-0.5404460471611696,47334.64934058247
78.1,-0.215291281066427,-0.2409769492173592,-0.3091664292306549,-0.025685668150932206,38233.55238529342,-0.7753698329789666,-0.506206971096032,-0.5600785519125395,45554.755126438926
78.15,-0.221214236330774,-0.25648314724996174,-0.3110561686006373,-0.03526891091918774,38702.376009803236,-0.8004340173763685,-0.49634941148404416,-0.5792197810455946,43797.82013876569
78.2,-0.228932781941311,-0.2720798911572234,-0.31278544430799,-0.043147109215912416,39133.89366837868,-0.8250036133403638,-0.48642219381152735,-0.5960708313990528,42063.38677909673
78.25,-0.240432104740407,-0.2877587273409101,-0.3143368938339605,-0.04732662260050313,39523.073130073026,-0.8490749364129385,-0.47641694772727583,-0.6086428316725315,40350.774770093136
78.3,-0.251931427539507,-0.30351031313179305,-0.31569233916366857,-0.05157888559228607,39864.6612026515,-0.8726438381471631,-0.4663235030486918,-0.620712410607656,38659.13057699614
78.35,-0.263430750338603,-0.3193243797338025,-0.31683294208469837,-0.055893629395199484,40153.24527601833,-0.8957056194098936,-0.4561300295962325,-0.6322748690712905,36987.48513768177
78.4,-0.274930073137699,-0.33518970382943947,-0.31773939315496263,-0.06025963069174045,40383.328784993566,-0.9182549518154342,-0.44582322063661217,-0.6433248786777351,35334.81672156469
78.45,-0.286553062218215,-0.35109408909956846,-0.31839211532798695,-0.06454102688135344,40549.41564121206,-0.9402858090663211,-0.43538850178960875,-0.653732746848106,33700.11510944003
78.5,-0.298191024346258,-0.36702435783807547,-0.3187714613081211,-0.06883333349181747,40646.09781780598,-0.9617914089196061,-0.42481024418824165,-0.6636003845733481,32082.44330084862
78.55,-0.309828986474303,-0.382966351905954,-0.318857886847017,-0.073137365431651,40668.14080181804,-0.9827641655203521,-0.414071962785793,-0.672935179046049,30480.99384271629
78.6,-0.321466948602346,-0.39890494144884153,-0.31863208659020614,-0.07743799284649555,40610.56264193145,-1.0031956509353521,-0.4031564842576111,-0.6817287023330061,28895.137919814653
78.65,-0.332070065040651,-0.4148240393475537,-0.318075087310302,-0.08275397430690268,40468.70446698249,-1.023076564144616,-0.3920460767290842,-0.691006499103965,27324.466893985238
78.7,-0.341438628726287,-0.43070661928706655,-0.31716830022933445,-0.08926799056077955,40238.2922681461,-1.0423967055318335,-0.38072254041772485,-0.7009580768055466,25768.82716126687
78.75,-0.350807192411923,-0.44653473561648666,-0.3158935429477476,-0.09572754320456367,39915.492190432175,-1.0611449550800525,-0.36916726751289985,-0.7103377626681295,24228.350471633952
78.8,-0.360175756097562,-0.4622895438819535,-0.3142330470447891,-0.10211378778439145,39496.96314202106,-1.0793092530981245,-0.3573612859973889,-0.7191334970005625,22703.482440836906
78.85,-0.369456405600723,-0.47795132176575805,-0.31216947021958047,-0.10849491616503504,38979.91125486942,-1.0968765831116327,-0.34528530593515766,-0.7274201775109097,21195.011999064074
78.9,-0.375685177055104,-0.49349949114265285,-0.3096859312544925,-0.11781431408754883,38362.15040678491,-1.1138329575400754,-0.3329197872573575,-0.7381477804849714,19704.103955108298
78.95,-0.381913948509486,-0.5089126427489935,-0.3067660815645974,-0.1269986942395075,37642.171519398886,-1.130163407627905,-0.32024504446373614,-0.748249459118419,18232.335733969838
79.0,-0.388142719963867,-0.5241685655337055,-0.3033942215433422,-0.1360258455698385,36819.22146635625,-1.1458519797699938,-0.3072413987232011,-0.7577092598061268,16781.73814922472
79.05,-0.39437149141825,-0.5392442829590095,-0.29955546145888,-0.1448727915407595,35893.38979593702,-1.160881740691509,-0.29388937959661365,-0.7665102492732591,15354.838655943551
79.1,-0.398450900677202,-0.5541160983002098,-0.29523591850518277,-0.1556651976230078,34865.699030239564,-1.1752347938421452,-0.28016997018692213,-0.7767838931649432,13954.704390140594
79.15,-0.40109740180587,-0.568759650390596,-0.29042293451577006,-0.16766224858472595,33738.1923571005,-1.1888923088558436,-0.2660648817397551,-0.7877949070499737,12584.981563589312
79.2,-0.403743902934538,-0.583149980365832,-0.2851052949753351,-0.179406077431294,32514.011689189138,-1.2018345650873685,-0.25155683885666735,-0.7980906621528305,11249.927675654988
79.25,-0.406390404063205,-0.5972616089656692,-0.27927342895435514,-0.19087120490246418,31197.459247969302,-1.2140410092394724,-0.23662985437013323,-0.8076506051762675,9954.43341852986
79.3,-0.408377128668171,-0.611068622959463,-0.2729195714991487,-0.20269149429129196,29794.037002911573,-1.2254903260471524,-0.22126947377682116,-0.8171131973789814,8704.032004528239
79.35,-0.407142591422122,-0.6245447684775235,-0.26603787612796015,-0.2174021770554015,28310.460613870346,-1.236160520097454,-0.20546297442800568,-0.8290179286753319,7504.894908587256
79.4,-0.405908054176072,-0.6376635485927397,-0.2586244719472749,-0.23175549441666765,26754.646996002713,-1.2460290062907324,-0.18919951111178385,-0.8401209521146604,6363.814223100093
79.45,-0.404673516930023,-0.6503983224210146,-0.2506774688310866,-0.24572480549099157,25135.67735182416,-1.255072706227455,-0.1724702085912902,-0.8503991892974319,5288.172951381894
79.5,-0.403438979683973,-0.6627224034032156,-0.2421969215012676,-0.2592834237192426,23463.73951387647,-1.2632681480652421,-0.15526820954021447,-0.8598291683812691,4285.905225568702
79.55,-0.399124373080397,-0.6746091550874053,-0.23318476871649724,-0.27548478200700827,21750.054544546525,-1.2705915679459117,-0.13758869248720423,-0.8714671948655146,3365.4485867268354
79.6,-0.393727579945799,-0.6860320836590843,-0.22364476706669356,-0.2923045037132853,20006.79273452625,-1.2770190119671172,-0.11942887871937774,-0.8832914320213182,2535.690146163171
79.65,-0.388330786811201,-0.6969649274130474,-0.21358243769696428,-0.3086341406018464,18246.98307703105,-1.2825264386185669,-0.10078804698335922,-0.8941956518073659,1805.9076292835246
79.7,-0.382933993676603,-0.7073817442067488,-0.20300504075728762,-0.3244477505301458,16484.418629147203,-1.287089822498635,-0.0816675722079187,-0.9041558288220319,1185.7053067263316
79.75,-0.376183227642275,-0.7172569984984348,-0.19192158469241094,-0.3410737708561598,14733.557868338507,-1.2906852607782622,-0.062070997375381826,-0.9145020331359872,684.9437715866057
79.8,-0.366446777777774,-0.7265656497339004,-0.18034287056844883,-0.36011887195612635,13009.420385947315,-1.293289084145543,-0.04200414089151948,-0.9268423063677691,313.66184036171
79.85,-0.356710327913277,-0.7352832436844629,-0.16828156353579132,-0.37857291577118585,11327.473850420229,-1.2948779739058622,-0.021475233435895164,-0.9381676459925852,81.98856020021148
79.9,-0.346973878048779,-0.7433860077301385,-0.1557522765976413,-0.3964121296813595,9703.508666139263,-1.2954290863814037,-0.0004950706220490271,-0.9484552083326248,0.043572430367290776
79.95,-0.337237428184281,-0.7508509502477057,-0.1427716473352928,-0.41361352206342467,8153.497313133287,-1.2949201849538046,0.02092283770767567,-0.9576827567695236,77.82491337630844
80.0,-0.32368494903022,-0.757655963236813,-0.12935838808682668,-0.43397101420659295,6693.437027368825,-1.2933297790473295,0.04276214202474698,-0.9696448300171094,325.0845849857123
80.05,-0.309631723951281,-0.7637799264476388,-0.11553329316230627,-0.4541482024963578,5339.176731570962,-1.2906372684059,0.06500356988810219,-0.981005544454619,751.1936174573129
80.1,-0.295578498872346,-0.7692028105361899,-0.10131919175796271,-0.4736243116638439,4106.231447394727,-1.2868230901598245,0.08762489906015809,-0.9912445912874785,1364.999632942737
80.15,-0.281525273793412,-0.7739057764199132,-0.08674084288014151,-0.4923805026265012,3009.5895294229585,-1.2818688656746506,0.1106009938089694,-1.0003435918812387,2174.6808589389666
80.2,-0.265678911392403,-0.7778712679949961,-0.07182477644552844,-0.512192356602593,2063.519404580055,-1.2757575440047522,0.133903903341045,-1.0100786326123492,3187.6009475498527
80.25,-0.24764093670886,-0.7810830958218165,-0.056599093624650404,-0.5334421591129564,1281.382959652777,-1.268473539074985,0.15750301188737853,-1.020832602366125,4410.168667305903
80.3,-0.229602962025313,-0.7835265101787718,-0.041093244346637296,-0.5539235481534588,675.4618923729753,-1.2600028583991716,0.1813652242235207,-1.0303998963738585,5847.705699137412
80.35,-0.21156498734177,-0.785188262845165,-0.02533780250542041,-0.573623275503395,256.8016943214755,-1.2503332220462122,0.2054551667015651,-1.0387682347044422,7504.324537665406
80.4,-0.193444257600361,-0.7860566579897164,-0.009364257436239282,-0.5926124003893554,35.075726932865074,-1.239454171577878,0.22973538472942037,-1.046009913977517,9382.817243871075
80.45,-0.172223396075779,-0.7861215933683997,0.006795162556765863,-0.6138981972926207,18.469693669149112,-1.2273571695580676,0.25416651950370467,-1.0551337734822885,11484.554602067037
80.5,-0.151002534551197,-0.7853745937165403,0.023107625719437287,-0.6343720591653432,213.58494655583982,-1.214035691003438,0.2787074530158315,-1.063033156452241,13809.394554057231
80.55,-0.129781673026609,-0.7838088384009786,0.03953979110268762,-0.6540271653743696,625.3580321776701,-1.199485308436249,0.3033154187732195,-1.0697036354096399,16355.598802768625
80.6,-0.108560811502028,-0.7814191852614462,0.05605786898800805,-0.6728583737594181,1256.9938701906697,-1.1837037721719472,0.32794608365468125,-1.0751429606699192,19119.757117234345
80.65,-0.0862337234869007,-0.7782021919769523,0.07262766191000102,-0.6919684684900516,2109.910909805365,-1.1666910869659068,0.35255361399095736,-1.0804573634790062,22096.720131215105
80.7,-0.0631442361336955,-0.7741561355141527,0.08921460346565895,-0.7110118993804573,3183.698188613906,-1.1484495854096195,0.37709074263329967,-1.085305349275924,25279.542787508166
80.75,-0.0400547487804902,-0.7692810292983291,0.10578381349476781,-0.7292262805178389,4476.086078998329,-1.128983997546197,0.4015088561887836,-1.088929248765707,28659.44206187117
80.8,-0.0169652614272784,-0.7635786368842293,0.12230018493466152,-0.746613375456951,5982.934094020963,-1.1083015152578812,0.42575811924925633,-1.0913362538306028,32225.7735300736
80.85,0.0061286037037049,-0.7570524802629327,0.13872851285802548,-0.7631810839666376,7698.240111919737,-1.0864118492432693,0.44978764830196316,-1.0925404529469742,35966.03174489076
80.9,0.0292447848238493,-0.7497078405951345,0.15503366762456502,-0.7789526254189838,9614.17523884964,-1.0633272759383412,0.4735457397099556,-1.0925720607621905,39865.878683990944
80.95,0.0523609659439938,-0.7415517493048549,0.17118080602860417,-0.7939127152488487,11721.147341041042,-1.0390626717600393,0.49698014786869527,-1.0914236377040332,43909.20308899382
81.0,0.0754771470641382,-0.7325929679194153,0.18713560729149883,-0.8080701149835535,14007.894206543227,-1.0136355324058655,0.5200384019832367,-1.0891126794700037,48078.21147329395
81.05,0.0985933281842892,-0.7228419558772424,0.20286451531207225,-0.8214352840615317,16461.6046291208,-0.9870659757230552,0.5426681434621535,-1.0856593039073443,52353.549142872966
81.1,0.120194327469559,-0.7123108264846217,0.2183349669458521,-0.8325051539541808,19068.063116498535,-0.9593767276201868,0.5648174631133228,-1.0795710550897457,56714.44740227018
81.15,0.141251837618408,-0.7010132922278431,0.23351558665667624,-0.8422651298462511,21811.81168464467,-0.9305930915788518,0.5864352167059221,-1.0718449291972598,61138.89126985278
81.2,0.162309347767257,-0.688964601510528,0.24837633303463347,-0.851273949277785,24676.321124692462,-0.9007429033014219,0.6074713016184906,-1.0630522510686788,65603.80129601124
81.25,0.183366857916106,-0.67618146944734,0.26288858933500225,-0.859548327363446,27644.164161018987,-0.8698564727487268,0.6278768833130705,-1.0532233306648329,70085.22321758846
81.3,0.203245807953011,-0.6626820055377847,0.27702519865632397,-0.8659278134907957,30697.184276230306,-0.8379665161917289,0.6476045686363374,-1.04121232414474,74558.52041220563
81.35,0.22040080117488,-0.6484856407967354,0.2907604524071569,-0.8688864419716155,33816.656273605826,-0.8051080808299121,0.6666085312605143,-1.0255088820047922,78998.56603543113
81.4,0.237555794396748,-0.633613056329054,0.3040700470280309,-0.871168850725802,36983.43739985157,-0.7713184640912244,0.6848446015687596,-1.0088742584879724,83379.93391962188
81.45,0.254710787618617,-0.6180861144627117,0.3169310282256515,-0.8727969020813287,40178.11066086748,-0.7366371289652173,0.7022703385477969,-0.9913479165838343,87677.08949405106
81.5,0.271865780840486,-0.6019277925791777,0.32932174168595657,-0.8737935734196638,43381.12381882876,-0.7011056158033268,0.7188451020281997,-0.9729713966438127,91864.5832373214
81.55,0.284569888888891,-0.5851621188903254,0.3412218070895563,-0.8697320077792164,46572.92865338495,-0.6647674501371952,0.7345301424366355,-0.9493373390260862,95917.24980408605
81.6,0.296643962962965,-0.5678141086850882,0.35261212616957716,-0.8644580716480532,49734.12460873192,-0.6276680453030534,0.7492887198771119,-0.9243120082660184,99810.41524179219
81.65,0.308718037037039,-0.5499096992450281,0.3634749280398831,-0.8586277362820671,52845.60932543929,-0.5898545982726523,0.7630862571605123,-0.8985726353096912,103520.11304306479
81.7,0.320792111111113,-0.5314756816390125,0.37379384697070284,-0.8522677927501254,55888.73601326288,-0.5513759770332162,0.7758905232574789,-0.8721680881443292,107023.30739213589
81.75,0.330471139954854,-0.5125396280737944,0.3835540199873786,-0.8430107680286484,58845.47449939137,-0.5122825982726846,0.7876718352998633,-0.8427537382275386,110298.11913327199
81.8,0.33719913092551,-0.49312981420934443,0.3927421876863035,-0.8303289451348544,61698.570395449446,-0.4726262948412392,0.798403262432623,-0.8098254257667492,113324.04790454327
81.85,0.343927121896164,-0.47327513675121563,0.40134677914460065,-0.8172022586473796,64431.69485189793,-0.4324601733927962,0.8080608113017592,-0.7763872952889601,116082.1821798502
81.9,0.350655112866818,-0.453005027563251,0.4093579638985321,-0.803660140430069,67029.57704286075,-0.3918384636207803,0.8166235740838488,-0.7424935764875983,118555.38875546299
81.95,0.357295549143372,-0.4323493662919281,0.41676765744520955,-0.7896449154353001,69478.11211694701,-0.3508163613737709,0.824073822693575,-0.708111910517143,120728.47382200918
82.0,0.359159390441839,-0.4113383940227531,0.4235694747705581,-0.770497784464592,71764.43998296259,-0.30944986861914053,0.8303970404281533,-0.6686092590609796,122588.31017810419
82.05,0.361023231740307,-0.3900026305068824,0.42975863464724157,-0.7510258622471894,73876.9936215445,-0.26779563340230617,0.8355818906450938,-0.6288188651426132,124123.92817316079
82.1,0.362887073038774,-0.36837279721490723,0.4353318249770895,-0.7312598702536812,75805.51913515331,-0.22591079281459098,0.8396201301009519,-0.588797865853365,125326.57117702035
82.15,0.364750914337241,-0.3464797477497057,0.440287045772896,-0.7112306620869466,77541.0730701697,-0.18385282136784653,0.8425064818408501,-0.5486037357050875,126189.71945668384
82.2,0.364272990506329,-0.3243544062759475,0.4446234490796032,-0.6886273967822765,79076.00458857701,-0.14167938635689548,0.8442384863786774,-0.5059523768632245,126709.08833474849
82.25,0.362113180379747,-0.30202771359322395,0.4483411964085377,-0.6641408939729709,80403.9313588156,-0.0994482107568663,0.8448163524379546,-0.4615613911366133,126882.60788383473
82.3,0.359953370253164,-0.2795305795358227,0.4514413506008059,-0.6394839497889867,81519.71721291191,-0.057216943194467525,0.8442428259989062,-0.4171703134476315,126710.3909778879
82.35,0.357793560126582,-0.2568938396726447,0.45392581313987096,-0.6146873997992266,82419.45753387721,-0.015043033708720809,0.842523091342977,-0.37283659383530277,126194.69501264469
82.4,0.35515177436823,-0.23414821394007201,0.45579730896726134,-0.589299988308302,83100.47474471883,0.027016386470008272,0.8396647092375907,-0.3281353878982217,125339.87981138627
82.45,0.349941485559566,-0.21132426494540474,0.4570594137154771,-0.5612657505049707,83561.32306637426,0.06890462294354663,0.835677590195244,-0.28103686261601935,124152.3617341387
82.5,0.344731196750902,-0.1884523540834068,0.4577166110907556,-0.5331835508343088,83801.79842736242,0.1105655355291914,0.8305739931043424,-0.23416566122171062,122640.56142600752
82.55,0.339520907942237,-0.1655625943962536,0.457774362941421,-0.5050835023384905,83822.94694656953,0.15194365588073777,0.8243685335023299,-0.18757725206149922,120814.8407162279
82.6,0.334310619133573,-0.14268480000788283,0.45723917281951104,-0.4769954191414558,83627.06446426827,0.1929843053873308,0.8170781830625585,-0.14132631374624222,118687.42350876656
82.65,0.327713689981948,-0.11984843293547716,0.45611862484809335,-0.44756212291742514,83217.67997332629,0.23363371243146275,0.808722241878109,-0.09407997755048525,116272.2959125964
82.7,0.320593428249097,-0.09708254885080342,0.45442138530186493,-0.4176759770999004,82599.5181678664,0.2738391272854041,0.799322269948005,-0.046754300963692874,113585.08288619225
82.75,0.313473166516245,-0.07441574382884697,0.4521571613284536,-0.387888910345092,81778.4394162421,0.3135489323982409,0.7889019708645869,7.576588199587064e-05,110642.90126827192
82.8,0.306352904783392,-0.051876104197136466,0.44933661923219836,-0.35822900898052845,80761.35895320865,0.3527127456765541,0.7774870286976515,0.046359840893162085,107464.19196321827
82.85,0.299072066395663,-0.029491161297007216,0.44597127177092627,-0.32856322769267027,79556.15009799095,0.391281514601581,0.7651049065222248,0.09220944820591798,104068.53653055688
82.9,0.291405625564589,-0.007287852333133758,0.44207335047556057,-0.29869347789772277,78171.53888027513,0.42920759962852983,0.751784622371906,0.13780197406394085,100476.46549953234
82.95,0.283739184733514,0.014707512426165102,0.4376556824734118,-0.2690316723073489,76616.99856050714,0.466444846241187,0.7375565228958345,0.18270566150767298,96709.26657176777
83.0,0.27607274390244,0.03646927679964869,0.4327315906054906,-0.23960346710279135,74902.65180318318,0.5029486460657916,0.7224520753625145,0.22687590216335157,92788.8002125519
83.05,0.268406303071363,0.057972461766837596,0.4273148323150596,-0.2104338413045254,73039.18636657902,0.5386759884346705,0.7065036962524611,0.2702696853633075,88737.32850104709
83.1,0.261283181038374,0.07919278665844473,0.4214195861742014,-0.18209039437992927,71037.78704449406,0.5735855045668701,0.6897446286732714,0.3123023235284961,84577.36049486737
83.15,0.254244129119638,0.10010669090695284,0.4150604874173122,-0.15413743821268516,68910.08328603872,0.6076375069570998,0.6722088735044329,0.35339337783746183,80331.5145987731
83.2,0.247205077200903,0.12069135867435174,0.40825270555924564,-0.12651371852655127,66668.10863857764,0.6407940266098308,0.6539311706117623,0.39358894940892775,76022.3957151413
83.25,0.240166025282167,0.14092474812625524,0.4010120499474026,-0.09924127715591174,64324.26568120724,0.6730188503542072,0.634947018519115,0.43285282507204015,71672.4829024557
83.3,0.233650665462752,0.16078562629653445,0.39335508438694505,-0.07286503916621756,61891.28896522427,0.70427755975249,0.6152927151843958,0.4706268942897379,67304.02228604195
83.35,0.227812742212189,0.1802536094797866,0.38529923046621495,-0.04755913273240239,59382.19879914297,0.7345375721536214,0.5950053998171753,0.5067248299414324,62938.92014428384
83.4,0.221974818961625,0.19930920812281985,0.3768628415187714,-0.02266561083880514,56810.240527041045,0.7637681834636628,0.5741230768400198,0.5417933645020379,58598.63241960024
83.45,0.216136895711061,0.21793387437920797,0.36806523340159536,0.001796978668146959,54188.80641558834,0.7919406113314905,0.5526846064039383,0.5758037156204295,54304.04873882244
83.5,0.210304425474255,0.23611004997479243,0.3589266659910725,0.025805624500537416,51531.34062378676,0.8190280368271792,0.5307296530083299,0.6087236113529242,50075.37148130529
83.55,0.205375337850045,0.25382121194587115,0.3494682774621026,0.04844587409582615,48851.23078093164,0.8450056424820043,0.5082985918230749,0.6396303046319592,45931.992613212606
83.6,0.200446250225835,0.27105191409763973,0.3397119811497357,0.07060566387180472,46161.69205467136,0.8698506447275473,0.48543238035823233,0.6694043945017123,41892.372604490585
83.65,0.195517162601626,0.2877878226911987,0.32968034055811846,0.09227066008957269,43475.650780206786,0.8935423193407602,0.4621724095957408,0.6980251567391342,37973.92643405035
83.7,0.190588074977417,0.30401574571452566,0.319396440946684,0.11342767073710866,40805.63459576345,0.9160620192987321,0.43856035247858766,0.7254739443213151,34192.921380647655
83.75,0.185705378158845,0.3197236560431215,0.30888377611177104,0.13401827788427648,38163.67485802668,0.937393185395362,0.4146380288317978,0.751687807236517,30564.390213958894
83.8,0.180856551444043,0.33490070964098395,0.29816616521876715,0.15404415819694095,35561.224832506065,0.9575213508622273,0.39044730288230206,0.7766647994181843,27102.06156943362
83.85,0.176007724729241,0.3495372605507933,0.28726770828475595,0.1735295358215523,33009.09448927026,0.9764341419153236,0.36603002385258504,0.8004264171860827,23818.30726427093
83.9,0.17115889801444,0.3636248746520105,0.2762127807693169,0.19246597663757048,30517.400104127486,0.9941212764785343,0.3414280121117809,0.8229623784640943,20724.104436373764
83.95,0.166185146859467,0.37715634398693,0.26502605992340406,0.21097119712746298,28095.524975409502,1.0105745632516725,0.3166830852628884,0.8443894163922054,17829.009154066105
84.0,0.160480673294171,0.3901257029219667,0.25373256914910364,0.22964502962779568,25752.086658801865,1.0257879028287757,0.29183711145728686,0.8653072295346047,15141.137710885845
84.05,0.154776199728874,0.40252824659895087,0.24235772196647629,0.24775204687007688,23494.90615871193,1.039757291788128,0.26693207158959303,0.8849810920592539,12667.152149886511
84.1,0.149071726163578,0.41436055116178994,0.23092734598860315,0.26528882499821194,21330.97565013601,1.0524808296810748,0.2420101097122097,0.9034091035174968,10412.247680518361
84.15,0.143367252598282,0.42562049430885746,0.21946766939611273,0.2822532417105754,19266.423164064574,1.063958727831644,0.21711355204552032,0.920591475233362,8380.141241212954
84.2,0.1366609255079,0.43630727396936136,0.2080052582614619,0.2996463484614614,17306.47498576699,1.0741933179792955,0.1922848800021272,0.9375323924713955,6573.0622359879935
84.25,0.129564988713318,0.4464214225137687,0.19656690039017946,0.3168564338004507,15455.418531601095,1.083189058250296,0.16756664954839082,0.9536240695369781,4991.747918377462
84.3,0.122469051918734,0.4559648138743276,0.18517943928887826,0.3334957619555936,13716.56989413734,1.0909525337406012,0.14300135718998555,0.9684834818218672,3635.4467836760587
84.35,0.115373115124152,0.46494066134910533,0.1738695699643291,0.34956754622495334,12092.250943832292,1.0974924492348213,0.11863126145319032,0.9821193341106692,2501.933545595591
84.4,0.107886789129452,0.4733535045910981,0.1626636136700672,0.3654667154616461,10583.78048488195,1.102819612192606,0.09449817500514095,0.9949328230631539,1587.5386807648438
84.45,0.0994446826792954,0.4812091852331442,0.15158729210378522,0.3817645025538488,9191.482850943321,1.106946905010942,0.07064324703445335,1.0075022223316465,887.194373612587
84.5,0.0910025762291384,0.488514811628192,0.14066552066066462,0.39751223539905356,7914.715481094347,1.1098892465846073,0.04710675576628947,1.0188866703554689,394.4971446799727
84.55,0.0825604697789791,0.49527871407188895,0.12992223682770934,0.4127182442929098,6751.915048926157,1.1116635441136136,0.02392792845798235,1.0291030743346345,101.78591294050162
84.6,0.0741183633288222,0.5015103925398564,0.1193802730060127,0.4273920292110342,5700.65983319605,1.1122886368541816,0.001144800130891209,1.0381702735253593,0.23298974927796073
84.65,0.0652160754068715,0.5072204592205806,0.10906127537155316,0.4420043838137091,4757.744714267899,1.111785233865202,-0.021205885118494115,1.0465691584583303,79.94481131711468
84.7,0.0562363737793854,0.5124205780334405,0.09898566251340625,0.45618420425405515,3919.2645532871834,1.1101758478203385,-0.04308873440898986,1.0539394740409531,330.0691614166163
84.75,0.0472566721518993,0.5171234028000601,0.0891726104845695,0.46986673064816076,3180.701784253102,1.1074847265253562,-0.0644697398424339,1.060228054373457,738.9061965068638
84.8,0.0382769705244107,0.5213425149772669,0.07964004710214909,0.4830655444528562,2537.01484097301,1.1037377830740713,-0.0853163022853043,1.0654608125496607,1294.0215885577636
84.85,0.0296487189891685,0.5250923609432031,0.07040463686236291,0.4954436419540346,1982.725156688476,1.098962524666044,-0.10559726417383651,1.0693138056768754,1982.3612801776028
84.9,0.0214825592418764,0.5283881879536889,0.061481740655544265,0.5069056287118126,1512.0017736142418,1.093187979191877,-0.12528296846674253,1.0717054199500007,2790.3683889491203
84.95,0.0133163994945843,0.5312459772158696,0.05288533945986186,0.5179295777212853,1118.7436519139287,1.0864446179379634,-0.14434535656456565,1.073128218443379,3704.1034598669507
85.0,0.0051502397472921,0.5336823721584205,0.04462791879806269,0.5285321324111284,796.6604544985908,1.0787642722850344,-0.16275811073174454,1.0736140325377423,4709.369352705212
85.05,-0.0030159200000016,0.5357146000363961,0.0367203190947069,0.5387305200363978,539.3527337668386,1.070180042219326,-0.1804968380617572,1.0731959622193274,5791.841520051948
85.1,-0.0088728455079018,0.5373603854408164,0.029171564040446463,0.5462332309487182,340.39205942634766,1.0607261948108881,-0.1975392854881902,1.06959904031879,6937.203433099504
85.15,-0.014729771015802,0.5386378550408302,0.02198868480624898,0.5533676260566321,193.40090380342588,1.0504380515126315,-0.21386556868866033,1.0651678225284336,8131.285594759838
85.2,-0.0205866965237022,0.5395654338562013,0.015176560328281522,0.5601521303799034,92.1311933591874,1.0393518640968864,-0.2294583942223728,1.0599385606205887,9360.205276286195
85.25,-0.0264436220316024,0.5401617343605797,0.008737793335238902,0.5666053563921821,30.539612947738146,1.0275046800997292,-0.244303253649445,1.0539483021313316,10610.503065547566
85.3,-0.0303446266365693,0.5404454406147489,0.002672637357563304,0.5707900672513182,2.8571961780171837,1.0149341996467365,-0.25838857183008995,1.0452788262833057,11869.271831536633
85.35,-0.032770111963883,0.5404351902088006,-0.0030210171716333924,0.5732053021726836,3.6506179005215285,1.0016786262590116,-0.27170579810689793,1.0344487382228946,13124.273906650023
85.4,-0.0351955972911967,0.5401494570145171,-0.008347597239880579,0.5753450543057138,27.872951871704743,0.9877765146267732,-0.2842494365031302,1.0229721119179698,14364.043049306143
85.45,-0.0376210826185105,0.5396064375610767,-0.013313749989720328,0.5772275201795872,70.90237551551121,0.9732666183138964,-0.29601701981293976,1.0108877009324069,15577.96907003278
85.5,-0.0394862487584649,0.5388239432803889,-0.017928207717335616,0.5783101920388537,128.56825278237295,0.9581877399296427,-0.30700903901757814,0.9976739886881075,16756.364451288326
85.55,-0.0379094541760718,0.5378193000576346,-0.022201634396536607,0.5757287542337064,197.16502795099098,0.9425785855907951,-0.31722884584051114,0.9804880397668669,17890.51389036494
85.6,-0.0363326595936791,0.5366092554891102,-0.026146473561669506,0.5729419150827894,273.455231884433,0.926477624507731,-0.326682547974077,0.9628102841014101,18972.708826815127
85.65,-0.0347558650112865,0.5352098933544925,-0.029776814669102706,0.569965758365779,354.66347673523603,0.9099229536216963,-0.3353789148217896,0.9446788186329828,19996.269601251774
85.7,-0.0331790704288938,0.5336365540467672,-0.03310828924553076,0.566815624475661,438.46352670629113,0.892952166398624,-0.3433293066068884,0.9261312368275177,20955.557826696313
85.75,-0.0288151739846571,0.5319037593569842,-0.036158001059103696,0.5607189333416412,522.9604162360577,0.8756022244502413,-0.35054763301275754,0.9044173984348983,21845.98097970612
85.8,-0.0233128838222008,0.5300251399368351,-0.038944487340468355,0.5533380237590358,606.66923768476,0.8579093304806108,-0.3570503403196764,0.8812222143028116,22663.990315092757
85.85,-0.0178105936597461,0.528013364152357,-0.041487699705988215,0.5458239578121031,688.4916907577018,0.8399088013595915,-0.36285641716089523,0.8577193950193376,23407.07190663851
85.9,-0.0123083034972915,0.525880067724789,-0.043808988763177306,0.5381883712220805,767.6909985808782,0.8216349407527105,-0.3679874035539093,0.833943244250002,24073.729630995145
85.95,-0.0059042199548521,0.5236357844527687,-0.0459310729307839,0.5295400044076208,843.8653842291958,0.8031209116257725,-0.37246738341484675,0.8090251315806246,24663.458081404882
86.0,0.0028419312866819,0.5212898792523352,-0.047877974875279686,0.5184479479656533,916.9201912631651,0.784398609926979,-0.37632294261858074,0.7815566786402971,25176.703491752465
86.05,0.0115880825282188,0.518850485454552,-0.0496749126737898,0.5072624029263333,987.0387796594571,0.7654985415401475,-0.37958307759652865,0.7539104590119288,25614.811164027076
86.1,0.0203342337697531,0.5163244488340186,-0.05134813956361496,0.49599021506426555,1054.652574657792,0.7464497052562177,-0.3822790457096252,0.7261154714864646,25979.95889576208
86.15,0.0290803850112873,0.5137172809108933,-0.05292473358267164,0.484636895899606,1120.4109699187086,0.7272794847131095,-0.38444415605522114,0.6981990997018223,26275.077177779778
86.2,0.0394511262302488,0.511033123850491,-0.0544323469088651,0.4715819976202422,1185.1521560028143,0.7080135521603976,-0.38611350823744284,0.6685624259301488,26503.758443275703
86.25,0.0501130675395036,0.5082747285432763,-0.055898932022433255,0.45816166100377265,1249.8762404994457,0.6886757862581827,-0.3873236947974395,0.6385627187186791,26670.1590313849
86.3,0.0607750088487615,0.5054434465534089,-0.057352464521767295,0.44466843770464737,1315.7220746882306,0.6692882052703766,-0.38811248676665955,0.608513196421615,26778.89820163564
86.35,0.0714369501580164,0.5025392355647154,-0.05882068346170246,0.4311022854066989,1383.949121160719,0.6498709159421387,-0.38851852402872333,0.5784339657841223,26834.95884683692
86.4,0.0821426225937666,0.49956067700622364,-0.06033086629700602,0.41741805441245705,1455.9253712588868,0.6304420773363439,-0.3885810294448887,0.5482994547425774,26843.594034568796
86.45,0.0929091838228668,0.4965050037893692,-0.06190965108924077,0.4035958199665024,1533.1219591966124,0.611017878039179,-0.3883395620672039,0.5181086942163121,26810.24274960848
86.5,0.103675745051967,0.49336813563924203,-0.06358291029507372,0.389692390587275,1617.1145926365568,0.5916125245497255,-0.38783381683535223,0.4879367794977585,26740.45679663601
86.55,0.11444230628107,0.49014471951777056,-0.06537567225354886,0.37570241323670056,1709.5914090413753,0.5722382385302223,-0.3871034698676112,0.45779593224915227,26639.83935707459
86.6,0.12520886751017,0.4868281730022724,-0.06731207874549949,0.3616193054921024,1812.3663780161298,0.5529052608204417,-0.3861880602100763,0.42769639331027165,26513.994284234934
86.65,0.134014841155236,0.483410729235744,-0.06941536185394093,0.34939588808050803,1927.396984525423,0.5336218607690009,-0.38512689287953067,0.3996070196137649,26368.48419894071
86.7,0.142805003610109,0.4798834829304661,-0.07170782173931374,0.3370784793203571,2056.8046794388783,0.5143943502447784,-0.3839589453887002,0.3715893466346694,26208.794976711615
86.75,0.151595166064982,0.4762364378441083,-0.07421078740729248,0.3246412717791263,2202.896387044144,0.49522710262727465,-0.3827227593467785,0.34363193656229263,26040.30409280216
86.8,0.160385328519857,0.4724585569304835,-0.07694454727237625,0.31207322841062646,2368.1853419803774,0.47612257790480494,-0.38145630258621915,0.31573724938494796,25868.250805822077
86.85,0.166914832957111,0.46853781687441554,-0.07992824276463839,0.3016229839173046,2555.4095965771876,0.4570813555992686,-0.38019679317768623,0.2901665226421576,25697.706940906013
86.9,0.171668106094809,0.46446126885614863,-0.08317972656141591,0.2927931627613396,2767.546764332768,0.4381021774709667,-0.3789804849259719,0.2664340713761577,25533.54808083997
86.95,0.176421379232506,0.4602151071054073,-0.08671539482924479,0.2837937278729013,3007.8238801567254,0.41918200176392373,-0.37784242209961844,0.24276062253141772,25380.42594455222
87.0,0.181174652370204,0.4557847461857243,-0.09055000864942733,0.27461009381552026,3279.721626564546,0.40031607019734167,-0.37681617766571646,0.21914141782713767,25242.743422329026
87.05,0.185196741979213,0.45115490707885586,-0.0946965239961102,0.2659581650996429,3586.97266277835,0.38149798805917756,-0.37593359448508307,0.19630124607996458,25124.634215551094
87.1,0.184325526434704,0.44630971115024,-0.09916594925275564,0.261984184715536,3933.5541964800427,0.3627198167375174,-0.37522454961961216,0.1783942903028134,25029.94891328725
87.15,0.183454310890194,0.4412327802073873,-0.10396724646011866,0.2577784693171933,4323.675334599623,0.34397217707368005,-0.3747167600535889,0.16051786618348604,24962.248936010474
87.2,0.182583095345684,0.43590734017314714,-0.10910728615024534,0.25332424482746313,4761.759956428607,0.3252443611068973,-0.37443564248012745,0.1426612657612133,24924.80895280104
87.25,0.181711879801175,0.4303163256165045,-0.11459085831173646,0.2486044458153295,5252.425923448184,0.30652444935332496,-0.374404232742137,0.12481256955214995,24920.627465818365
87.3,0.176402680812639,0.4244424824243456,-0.12042073381473954,0.24803980161170663,5800.461252992142,0.287799430652935,-0.374643162136432,0.11139674984029602,24952.44425521509
87.35,0.169227511512414,0.4182684664171527,-0.12659776277921123,0.2490409549047387,6410.797416280575,0.26905532200775734,-0.3751706793016427,0.09982781049534334,25022.762419138857
87.4,0.162052342212188,0.41177693649036395,-0.13312099173097502,0.24972459427817595,7088.479375775328,0.25027728652443476,-0.37600270082854137,0.08822494431224676,25133.872183174684
87.45,0.154877172911963,0.4049506418615655,-0.13998777899200632,0.2500734689496025,7838.631306845922,0.23144974853583256,-0.37715287019686167,0.07657257562386954,25287.87333292992
87.5,0.146098621173815,0.3977725039721563,-0.14719389062121463,0.2516738827983413,8666.41657448404,0.21255650596503675,-0.378632606418169,0.06645788479122175,25486.6934476473
87.55,0.133071691151239,0.3902256943871013,-0.15473356234952296,0.2571540032358623,9576.990126949484,0.19358084085992178,-0.3804511260111173,0.06050914970868276,25732.099428111476
87.6,0.120044761128667,0.3822937106233858,-0.16259952042807513,0.2622489494947188,10575.441617376007,0.1745056297204491,-0.3826154288357827,0.05446086859178212,26025.70069034487
87.65,0.107017831106094,0.37396045195183214,-0.17078296222312855,0.26694262084573817,11666.728074282622,0.15531345547847036,-0.38513024614525326,0.04829562437237636,26368.943377049487
87.7,0.0939909010835222,0.3652102970043572,-0.17927350616255316,0.271219395920835,12855.596004725994,0.1359867228946972,-0.38799795831077377,0.041995821811175005,26763.096116147368
87.75,0.0771315442437939,0.3560281843222812,-0.1880591263956167,0.27889664007848736,14146.494008273014,0.11650777853019924,-0.39121849621584814,0.03937623428640534,27209.228761135924
87.8,0.0595638241534958,0.3463996961939714,-0.1971260901144241,0.28683587204047556,15543.478161520023,0.09685903570764587,-0.39478924384932873,0.03729521155415007,27708.1861438444
87.85,0.0419961040632027,0.33631114515185007,-0.20645891641201827,0.29431504108864737,17050.1136664099,0.07702310389325911,-0.39870496163027125,0.035026999830056416,28260.559365083744
87.9,0.0244283839729096,0.3257496616661872,-0.21604037189232653,0.3013212776932776,18669.376914949902,0.05698292104099247,-0.40295774725872546,0.03255453706808287,28866.657080146997
87.95,0.0056990522327447,0.3147032809023023,-0.2258515135705265,0.3090042286695576,20403.562472839083,0.03672188667253754,-0.4075370468840148,0.03102283443979284,29526.47903696777
88.0,-0.0146744930987832,0.30316102610698753,-0.23587178002036907,0.31783551920577074,22254.198643990952,0.016223993044873757,-0.41242972005545847,0.030898486143656957,30239.693152893127
88.05,-0.0350480384303171,0.2911129863596526,-0.24607912426737788,0.3261610247899697,24221.974160079844,-0.004526048194539813,-0.4176201542272815,0.030521990235777285,31005.61657187882
88.1,-0.0554215837618452,0.27855038689825073,-0.2564501748478774,0.33397197066009593,26306.67687180276,-0.025542686090147874,-0.423090416897608,0.029878897671697328,31823.20015477187
88.15,-0.0757951290933733,0.26546565105903047,-0.26696040757997835,0.3412607801524038,28507.143686107265,-0.04683941865441196,-0.42882042862929814,0.028955710438961335,32691.015112855996
88.2,-0.0972507483491654,0.25185245376068105,-0.2775843082193591,0.34910320210984647,30821.21926784806,-0.0684286899112507,-0.43478813676957473,0.028822058437914702,33607.239800099276
88.25,-0.118728450746269,0.237705767494519,-0.2882955073039586,0.356434218240788,33245.71981265874,-0.09032179520351888,-0.4409696697149269,0.028406655542750125,34569.644374842974
88.3,-0.140206153143379,0.2230219025407204,-0.29906687443005475,0.36322805568409944,35776.398152544854,-0.1125287934079752,-0.4473394566796658,0.027677359735403806,35575.57146710375
88.35,-0.161683855540482,0.20779854363036218,-0.3098705661255662,0.3694823991708442,38407.90710039155,-0.13505842407329602,-0.4538703043601713,0.02662543146718599,36621.91167644347
88.4,-0.182887323410015,0.19203478532416196,-0.3206780303609588,0.374922108734177,41133.75966247361,-0.15791802730460688,-0.46053343074964975,0.02496929610540813,37705.0739267631
88.45,-0.203873566080289,0.17573116806295852,-0.3314599772375442,0.3796047341432475,43946.28660412534,-0.18111346440339865,-0.4672984632745698,0.022760101676890354,38820.95178289324
88.5,-0.224859808750563,0.15888971620453735,-0.34218633204175924,0.38374952495510034,46836.594334477246,-0.2046490378118351,-0.474133415852652,0.02021077093872789,39964.88818277402
88.55,-0.245846051420843,0.14151397843573538,-0.35282619038487395,0.38736002985657836,49794.528248601324,-0.22852740978218913,-0.48100466404904135,0.017318641638653876,41131.642104343315
88.6,-0.266608168848761,0.12360906995653598,-0.3633477954654682,0.39021723880529696,52808.64818784629,-0.25274952018477687,-0.48787693892244005,0.013858648663984119,42315.36133908094
88.65,-0.285786949887136,0.10518171490036057,-0.37371855314016955,0.3909686647874966,55866.222784472695,-0.2773145048535715,-0.49471335678377043,0.00847244503356448,43509.565400936204
88.7,-0.30496573092551,0.08624028685522638,-0.38390509396205713,0.3912060177807364,58953.24846800637,-0.30221961656252405,-0.5014754961999813,0.002746114362985941,44707.14191804756
88.75,-0.324144511963884,0.06679484503953786,-0.39387338454684956,0.39093935700342186,62054.497221756166,-0.327460151153428,-0.5081235270375629,-0.0033156391895440285,45900.358885172085
88.8,-0.343323293002264,0.046857163785477406,-0.4035888823698357,0.3901804567877414,65153.59438901323,-0.3530293813556362,-0.5146163878865684,-0.009706088353372222,47080.89363225227
88.85,-0.360611981489847,0.026440753459346905,-0.4130167206901688,0.3870527349491939,68233.12462786437,-0.37891850045974274,-0.5209120001885632,-0.018306518969895713,48239.87767830217
88.9,-0.377067286230252,0.005560871765834509,-0.42212190503676345,0.3826281579960865,71274.76108474653,-0.4051165772484766,-0.5269675011854787,-0.02804929101822462,49367.95507656312
88.95,-0.393522590970657,-0.015765474655186722,-0.4308695020292006,0.37775711631547026,74259.41111155652,-0.4316105226336292,-0.5327394760642911,-0.038087931662972196,50455.350996845395
89.0,-0.409977895711061,-0.037519537514834,-0.439224803311941,0.372458358196227,77167.37113776532,-0.45838506748599955,-0.5381841706600448,-0.04840717177493853,51491.94694205159
89.05,-0.42560373113421,-0.059680841460865545,-0.4471534521661089,0.36592288967334446,79978.48391362747,-0.48542275029426235,-0.5432576700638432,-0.059819019160052334,52467.3593036792
89.1,-0.438917106642569,-0.08222720392657576,-0.4546215270279805,0.3566899027159932,82672.2931349011,-0.5127039127124852,-0.5479160347114229,-0.07378680606991617,53371.01886113585
89.15,-0.452230482150928,-0.10513475810997054,-0.4615955844304628,0.34709572404095745,85228.1934262802,-0.5402067008245013,-0.5521153938068158,-0.0879762186735733,54192.250325058725
89.2,-0.465543857659287,-0.12837797729706457,-0.46804267208689665,0.33716588036222245,87625.57715769691,-0.5679070701768159,-0.5558120046000761,-0.10236321251752883,54920.35279245422
89.25,-0.478857233167646,-0.15192969942825668,-0.47393032864741225,0.3269275337393893,89843.98256473767,-0.5957787932262609,-0.5589622926766318,-0.11692156005861493,55544.68349054516
89.3,-0.489515334235456,-0.1757611517146039,-0.4792265889097814,0.3137541825208521,91863.24940724185,-0.6237934687137181,-0.5615228917217793,-0.1342781344782621,56054.74807601583
89.35,-0.49966012449256,-0.19984197603213844,-0.48390001261033566,0.29981814846042154,93663.6888817132,-0.6519205334076773,-0.5634507016395734,-0.15226040891511733,56440.301009444906
89.4,-0.509804914749663,-0.2241402566780025,-0.48791975218744793,0.2856646580716605,95226.27382986424,-0.6801272775793464,-0.564702982123732,-0.17032236282968338,56691.45920345529
89.45,-0.519949705006767,-0.24862255268899527,-0.4912556682136015,0.2713271523177717,96532.85262079685,-0.7083788662910427,-0.565237492736497,-0.18842916128427578,56798.83079022961
89.5,-0.528822632054176,-0.2732539371472885,-0.49387849280449697,0.2555686949068875,97566.38626193663,-0.736638368929216,-0.5650126823864784,-0.20781573687503996,56753.658890233506
89.55,-0.535819246049663,-0.2979980457052688,-0.4957600329736332,0.23782120034439425,98311.20411760714,-0.7648667993457458,-0.5639879225209886,-0.22904755329608273,56547.97808880723
89.6,-0.542815860045148,-0.3228171359835666,-0.4968733994952347,0.21999872406158144,98753.27005038042,-0.79302316849583,-0.5621237712940458,-0.25020730845068195,56174.77942290501
89.65,-0.549812474040633,-0.34767215866286083,-0.4971932423568071,0.20214031537777222,98880.44809810989,-0.8210645506899158,-0.559382250561243,-0.27125207664928275,55628.17817652645
89.7,-0.556809088036117,-0.3725228400841649,-0.4966959724988368,0.18428624795195203,98682.7556386261,-0.8489461635830151,-0.5557271150935974,-0.29213707554689816,54903.57803560043
89.75,-0.560502063233965,-0.3973277752037611,-0.49535995146777656,0.1631742880302039,98152.59260726318,-0.8766214610150742,-0.5511240943206883,-0.3161193977811092,53997.82530503092
89.8,-0.56410685094851,-0.42204452893349603,-0.4931656356807507,0.14206232201501395,97284.93768655958,-0.9040422369137078,-0.5455410911925758,-0.3399353859651978,52909.34794303756
89.85,-0.567711638663054,-0.4466297434342961,-0.4900956701540524,0.12108189522875784,96077.5063614999,-0.931158737890467,-0.5389483305033644,-0.36344709922741303,51638.27608042022
89.9,-0.571316426377597,-0.4710392488732905,-0.48613493434771543,0.10027717750430654,94530.86975730304,-0.9579197819783503,-0.531318456871679,-0.3866033556007532,50186.54268666707
89.95,-0.572754107046071,-0.4952281754683866,-0.4812705500167844,0.07752593157768439,92648.53692538329,-0.9842728811591479,-0.5226265902885145,-0.4115187741130769,48557.964955839794
90.0,-0.572389834236676,-0.5191510652981154,-0.4754918669213758,0.05323876893856061,90437.00620335013,-1.0101643659038801,-0.5128503539419886,-0.43777453166720415,46758.30854016409
90.05,-0.572025561427281,-0.5427619831819452,-0.46879044202670633,0.029263578245335764,87905.79141423789,-1.035539510745387,-0.5019698898361589,-0.4635139493181061,44795.336942600086
90.1,-0.571661288617886,-0.5660146269035036,-0.46116004144150796,0.005646661714382439,85067.43352893334,-1.0603426608900288,-0.48996789244576056,-0.4886813722721428,42678.85077826496
90.15,-0.570729232851984,-0.5888624383969564,-0.4525966717263189,-0.01813320554497244,81937.49890309651,-1.0845173613065027,-0.476829669249383,-0.5137881284545187,40420.717062484626
90.2,-0.565553240072202,-0.6112587171178796,-0.4430986412618881,-0.04570547704567762,78534.56235525255,-1.1080064894450823,-0.46254323112637974,-0.5424532493728803,38034.88722859228
90.25,-0.560377247292419,-0.6331567375401194,-0.43266666210033383,-0.07277949024770036,74880.17619721779,-1.1307523935873605,-0.44709942581771067,-0.5703751462949415,35537.40383404917
90.3,-0.555201254512634,-0.6545098725293483,-0.421303981389056,-0.09930861801671431,70998.81789370802,-1.1526970387715603,-0.43049210605821236,-0.5974957842589262,32946.39171172181
90.35,-0.550025261732851,-0.6752717237321335,-0.4090165275209292,-0.12524646199928247,66917.80791411162,-1.1737821617361823,-0.41271831935346814,-0.6237569000033313,30282.02864532468
90.4,-0.541002106594399,-0.6953962592416759,-0.39581305187810156,-0.15439415264727696,62667.188814822686,-1.1939494355142948,-0.3937785011007071,-0.6529473289198958,27566.49029851015
90.45,-0.530218005420055,-0.7148379578320474,-0.3817052466977652,-0.18461995241199236,58279.55814264071,-1.2131406433557437,-0.37367665131981886,-0.6829226379356886,24823.86484294995
90.5,-0.51943390424571,-0.7335519581210339,-0.3667078219604272,-0.2141180538753239,53789.85067478415,-1.2312978606832337,-0.35242047659801634,-0.7118639564375236,22080.034191212977
90.55,-0.508649803071363,-0.7514942102905432,-0.3508385293556622,-0.24284440721918021,49235.069472177536,-1.2483636429710203,-0.33002148320840796,-0.7397138398996573,19362.520778502665
90.6,-0.496304514672685,-0.7686216275547653,-0.334118127969636,-0.27231711288208027,44653.96937517363,-1.264281216878684,-0.30649501350623715,-0.7679767022059991,16700.30103185573
90.65,-0.479469300225733,-0.7848922345227002,-0.31657029609137394,-0.3054229342969672,40086.70094695206,-1.2789946717996605,-0.2818602274520006,-0.7995253715739276,14123.588945652182
90.7,-0.462634085778781,-0.8002653100431003,-0.29822150080322424,-0.3376312242643193,35574.42541653099,-1.2924491493083843,-0.2561400388492392,-0.8298150635296033,11663.59457807818
90.75,-0.445798871331829,-0.8147015228120805,-0.27910084230115306,-0.36890265148025153,31158.912069285245,-1.3045910285963829,-0.22936102193515626,-0.8587921572645538,9352.262823669196
90.8,-0.428963656884872,-0.8281630589673665,-0.2592398917237434,-0.39919940208249455,26882.12858437528,-1.3153681068904668,-0.201553306788772,-0.8864044500055948,7221.9974182202395
90.85,-0.407229317073166,-0.840613741798887,-0.2386725413989632,-0.43338442472572103,22785.83280713592,-1.324729774760514,-0.17275048311500077,-0.917500457687348,5305.374118482874
90.9,-0.384477284552843,-0.8520191446304117,-0.21743488303737196,-0.4675418600775687,18911.17134459025,-1.3326271872045845,-0.1429895294542788,-0.9481499026517415,3634.8454281877453
90.95,-0.361725252032519,-0.8623466984879361,-0.1955651220055999,-0.5006214464554171,15298.286778026068,-1.3390134320501383,-0.11231077796400293,-0.9772881800176194,2242.4374838897006
91.0,-0.338973219512195,-0.8715657964144928,-0.17310352797796671,-0.5325925769022979,11985.932559367482,-1.3438436975588701,-0.08075791717342468,-1.004870478046675,1159.4384331003948
91.05,-0.314116308943084,-0.8796478960579402,-0.15009241327707154,-0.5655315871148563,9011.093009334096,-1.347075440986552,-0.04837802572182189,-1.032959132043468,416.07704404289075
91.1,-0.286102081300809,-0.8865666215979726,-0.12657612575264154,-0.6004645402971636,6408.60624421941,-1.3486685593554828,-0.015221624842910765,-1.0625664780546737,41.19073117481212
91.15,-0.258087853658535,-0.8922978653157896,-0.10260103809319593,-0.6342100116572547,4210.789207120577,-1.3485855629551824,0.018657268626919625,-1.0904977092966475,61.883319576362545
91.2,-0.23007362601626,-0.8968198881355084,-0.07821551483564006,-0.6667462621192484,2447.066704401692,-1.346791751077048,0.053201108758254644,-1.116718125060788,503.1747507746914
91.25,-0.202059398373986,-0.9001134175958443,-0.05346983941977289,-0.6980540192218583,1143.6094910305194,-1.3432553885253262,0.08834882659207109,-1.1411959901513402,1387.647139590373
91.3,-0.170148279061366,-0.9021617409206769,-0.028416090894767834,-0.7320134618593109,322.989688695883,-1.3379478805140093,0.12403588941699013,-1.1677996014526433,2735.0936646157875
91.35,-0.138124903610104,-0.9029507906197921,-0.0031079679143242826,-0.7648258870096881,3.863785822587692,-1.3308439431475192,0.16019441925759156,-1.1927190395374152,4562.178126449248
91.4,-0.106101528158841,-0.9024692200333849,0.022399435532575323,-0.7963676918745439,200.6938848711992,-1.3219217664818106,0.1967533697635429,-1.2158202383229697,6882.113513477235
91.45,-0.0740781527075791,-0.9007084667108272,0.048049890464208295,-0.826630314003248,923.516789448966,-1.3111631674684336,0.23363875244112736,-1.2370850147608545,9704.367403066026
91.5,-0.0409157044654931,-0.8976628022055353,0.07378631246731449,-0.8567470977400422,2177.7679630096677,-1.2985537306378692,0.27077389769715754,-1.257638026172376,13034.400653175242
91.55,-0.0067829349571403,-0.893329367855663,0.09955103926249925,-0.8865464328985226,3964.163767297467,-1.2840829352763545,0.30807973072544825,-1.2773000003192143,16873.44364157595
91.6,0.0273498345512024,-0.887708197141265,0.12528608741898756,-0.9150580316924675,6278.641480303277,-1.2677442688373342,0.3454750435136168,-1.2950941033885366,21218.312122797408
91.65,0.0614826040595453,-0.8808022260493089,0.1509333731174008,-0.9422848301088542,9112.353248238609,-1.2495353271870433,0.38287674706738495,-1.3110179312465886,26061.262834649293
91.7,0.0955758461156314,-0.8726172934723851,0.1764348900384269,-0.9681931395880166,12451.708169148718,-1.2294579029360728,0.42020009548460646,-1.3250337490517041,31389.88804360398
91.75,0.129335715130986,-0.8631621337970035,0.20173284371765446,-0.9924978489279894,16278.45609376464,-1.2075180633173872,0.4573588795839736,-1.3368537784483732,37187.0479527658
91.8,0.16309558414635,-0.8524483637474423,0.22676974944407718,-1.0155439478937922,20569.807705171817,-1.1837262190613647,0.49426559566729483,-1.3468218032077146,43430.840721839246
91.85,0.196855453161704,-0.8404904649345444,0.2514885085199571,-1.0373459180962483,25298.587967037012,-1.158097185163276,0.5308316033330205,-1.35495263832498,50094.61175059649
91.9,0.230615322177059,-0.8273057627644544,0.27583248116973014,-1.0579210849415135,30433.423067299813,-1.1306502336698634,0.5669672905279772,-1.3612655558469224,57147.005960646355
91.95,0.262323628726289,-0.8129144013747728,0.2997455751306808,-1.0752380301010618,35938.96392416904,-1.1014091376061625,0.602582265687773,-1.3637327663324514,64552.06878602841
92.0,0.293057594399277,-0.7973393134298586,0.32317236491778145,-1.0903969078291356,41776.15097862068,-1.070402204267299,0.6375855935271232,-1.363459798666576,72269.40250192604
92.05,0.3237915600722817,-0.7806061829506394,0.3460582523508553,-1.104397743022921,47902.5256080513,-1.0376622953517256,0.6718860871213789,-1.3614538554240072,80254.38472307149
92.1,0.354525525745261,-0.7627433990119532,0.36834967095688786,-1.1172689247572143,54272.592037619026,-1.0032268309633683,0.7053926610293736,-1.3577523567086294,88458.45444161791
92.15,0.383918239042026,-0.7437819982186681,0.38999432906279785,-1.1277002372606941,60838.23068045674,-0.9671377744894928,0.7380147420148174,-1.3510560135315188,96829.46834332401
92.2,0.409287195210122,-0.7237555943158688,0.4109414783842941,-1.133042789525991,67549.15946266771,-0.9294415957369206,0.7696627250900564,-1.3387287909470427,105312.1262920981
92.25,0.434656151378218,-0.7027002941150218,0.43114218978622165,-1.1373564454932397,74353.43512546335,-0.890189210518864,0.8002484562751458,-1.324845361897082,113848.46075924516
92.3,0.4600251075463292,-0.6806545998603551,0.45054961655647097,-1.1406797074066843,81197.9827916732,-0.8494358958743659,0.8296857207912853,-1.309461003420695,122378.38138399195
92.35,0.485394063714418,-0.6576592991502072,0.46911922611734486,-1.143053362864625,88029.1393251746,-0.8072411812079009,0.857890714650121,-1.2926352449223188,130840.26280584806
92.4,0.504868368231049,-0.633757344376955,0.4868089857300801,-1.138625712608004,94793.19543501973,-0.7636687166632049,0.8847824811007969,-1.2685370848942539,139171.5624645124
92.45,0.523083620938629,-0.6089937242150808,0.5035794941182424,-1.1320773451537098,101436.92275855398,-0.7187861208368586,0.910283299003048,-1.2418697417754876,147309.45501224403
92.5,0.54129887364621,-0.5834153298838816,0.519394059940435,-1.1247142035300914,107908.07580056325,-0.6726648103865874,0.9343190189001819,-1.2139636840327974,155191.47183619527
92.55,0.5595141263537994,-0.5570708186443789,0.5342187356783685,-1.1165849449981784,114155.86301991783,-0.6253798140764212,0.9568193504265958,-1.1848939404302206,162756.1367734707
92.6,0.574586957562079,-0.5300104764357584,0.5480223210061682,-1.1045974339978373,120131.38572839508,-0.5770095734791857,0.9777181108032044,-1.1515965310412648,169943.5918564599
92.65,0.584785828893907,-0.5022860807215229,0.5607763542182422,-1.08707190961543,125788.0477801214,-0.527635731914761,0.9969534496272195,-1.1124215608086678,176696.2099064201
92.7,0.594984700225734,-0.47395076366589994,0.5724551104699893,-1.068935463891634,131081.94140128305,-0.47734291239451776,1.0144680664215944,-1.072327612620252,182959.19249585216
92.75,0.605183571557562,-0.44505887487735885,0.583035623279825,-1.050242446434921,135972.21520531763,-0.426218484546908,1.0302094361304084,-1.0314020561044699,188681.1524074905
92.8,0.6153824428893928,-0.4156658422789342,0.592497738459009,-1.031048285168327,140421.4280316161,-0.37435231986350725,1.044130051273743,-0.9897347627529001,193814.6780396283
92.85,0.617928093905192,-0.3858280294167733,0.6008242028790493,-1.0037561233219652,144395.88910609798,-0.32183653436737636,1.056187683130743,-0.9397646282725683,198316.87502170436
92.9,0.62017143476298,-0.35560258754643004,0.6080007825465524,-0.97577402230941,147865.98063088805,-0.2687652178322241,1.0663456564562281,-0.888936652595204,202149.8771632114
92.95,0.622414775620768,-0.32504730134502025,0.6140163974408306,-0.9474620769657882,150806.4545304864,-0.21523414919512213,1.0745731248683819,-0.83764892481589,205281.31567811538
93.0,0.624658116478556,-0.2942204278115442,0.6188632554832847,-0.9188785442901002,153196.6915949477,-0.16134049854917204,1.0808453283815807,-0.785998615027728,207684.73313498433
93.05,0.6230435566591396,-0.2631805289330895,0.6225369648465071,-0.8862240855922291,155020.9090401205,-0.10718251718173213,1.0851438106237208,-0.7302260738408717,209339.92706399458
93.1,0.618035204514672,-0.23198629965048304,0.6250366071063926,-0.850021504165155,156268.30408922842,-0.05285921818090473,1.0874565758933898,-0.6708944226955768,210233.2096806713
93.15,0.613026852370202,-0.2006963934326093,0.626364758071351,-0.8137232458028114,156933.12406151282,0.0015299489618477713,1.0877781701079587,-0.6114969034083543,210357.57286460788
93.2,0.608018500225733,-0.1693692482591554,0.6265274504318326,-0.7773877484848883,157014.65845784495,0.055885425691863784,1.0861096769322578,-0.5521330745338692,209712.7520579366
93.25,0.602376573814899,-0.13806291592295494,0.6255340786967627,-0.7404394897378539,156517.15344440308,0.11010786936669169,1.0824586270746714,-0.49226870444820725,208305.1874361569
93.3,0.5911567092550728,-0.1068348973501559,0.6233972564538226,-0.6979916066052287,155449.65574166123,0.16409847166567826,1.0768388290843223,-0.42705823758939454,206147.8869019901
93.35,0.579936844695257,-0.07574198589913447,0.6201326424277848,-0.6556788305943915,153825.7976817867,0.21775926691444453,1.0692701376568388,-0.36217757778081244,203260.20040616443
93.4,0.568716980135438,-0.044840119745402404,0.6157587548327735,-0.6135570998808404,151663.53766128307,0.2709934276695086,1.0597781798654256,-0.2977235524659294,199667.51831446652
93.45,0.557497115575619,-0.014184243414768562,0.6102967935811331,-0.5716813589903875,148984.87050216488,0.32370554603658197,1.048394061279187,-0.23379156953903701,195400.90804008316
93.5,0.542996434762978,0.016171822315997533,0.6037704858810299,-0.5268246124469804,145815.51984840597,0.3758019001914207,1.0351540711489873,-0.1671945345715573,190496.7024029018
93.55,0.5268944031602615,0.04617550363763785,0.5962059665464028,-0.48071889952262364,142184.62181821215,0.4271907064860669,1.0200994025999988,-0.0997036966741946,184996.05176619987
93.6,0.510792371557558,0.07577559189256651,0.5876316961587423,-0.43501677966499147,138124.40413216018,0.47778235812887454,1.00327589609685,-0.03301001342868343,178944.44865581108
93.65,0.494690339954851,0.10492235852476196,0.5780784120234581,-0.38976798143008906,133669.8601790252,0.5274896516386447,0.9847338062519444,0.032799311683793686,172391.2300756341
93.7,0.477786585288807,0.13356766813160198,0.5675790983875934,-0.34421891715720504,128858.41317058935,0.5762280020553906,0.964527583079279,0.09844141676658358,165389.05929257875
93.75,0.458371648465703,0.1616650901567561,0.5561689594075397,-0.2967065583089469,123729.56456338624,0.623915647303946,0.9427156549381199,0.165543998838243,157993.38774496148
93.8,0.4389567116425885,0.18917000893210303,0.5438853767523213,-0.24978670271048545,118324.52121800579,0.6704738414382808,0.9193601977898297,0.23151712979569233,150261.89747202751
93.85,0.41954177481949,0.21603973083901906,0.5307678345935888,-0.20350204398047095,112685.79769566689,0.7158270356659681,0.8945268751577043,0.29628526084647805,142253.9254007835
93.9,0.400126837996386,0.24223358663479422,0.5168577993479924,-0.15789325136159177,106856.79389873981,0.7599030453858332,0.8682845368833129,0.3597762073894472,134029.8732427856
93.95,0.379295258137429,0.2677130264939923,0.5021985486523586,-0.11158223164343667,100881.35290741416,0.8026332009947121,0.8407048712453735,0.42333794285728316,125650.60987301335
94.0,0.358131379294755,0.29244170529435387,0.48683495332045607,-0.06568967400040115,94803.30870981225,0.8439524801965369,0.8118620140778346,0.4858211009017819,117176.87642711436
94.05,0.336967500452069,0.3163855560333178,0.4708132229599019,-0.02058194441875122,88666.03636555612,0.8837996199011794,0.7818321256463019,0.5468321194491104,108668.70625646485
94.1,0.315803621609401,0.33951284995372977,0.45418063174601686,0.02370922834432876,82512.01850128439,0.9221172065089915,0.7506929523850259,0.6063135848995905,100184.87266854163
94.15,0.294439604598737,0.3617942428607111,0.4369852434723489,0.06735463826197408,76382.44120503523,0.9588517443282442,0.7185233939410317,0.6644121397295071,91782.37646942916
94.2,0.272757233092877,0.3832028080946782,0.4192756561249853,0.11044557500180119,70316.83032761476,0.9939537029411498,0.6854030978609176,0.7211964698482728,83515.98338797201
94.25,0.251074861587018,0.40371405758949974,0.40110078276276606,0.15263919600248177,64352.735173161454,1.0273775454200096,0.6514121014508812,0.7763026838329916,75437.81794073834
94.3,0.2293924900811458,0.4233059530980758,0.38250967838868266,0.19391346301693,58525.461624405376,1.0590817400954702,0.6166305335685931,0.8296892500143244,67597.01598739339
94.35,0.207710118575292,0.44195890996836373,0.36355141457751916,0.23424879139307173,52867.85241652608,1.0890287590331305,0.5811383811071975,0.8813186404578385,60039.43431038122
94.4,0.186333313769751,0.4596557957360861,0.34427499615209767,0.27332248196633513,47410.10919021075,1.1171850663962661,0.5450153169329732,0.9308517526265151,52807.412567386535
94.45,0.164972591422122,0.4763819253607756,0.32472930760233354,0.3114093339386536,42179.649286356376,1.1435210995354013,0.508340578547492,0.9785485081132792,45939.58111964425
94.5,0.143611869074492,0.4921250541607289,0.3049630714995733,0.34851318508623685,37200.989991381546,1.1680112449241606,0.4711928801032976,1.0243993758496686,39470.70760178499
94.55,0.122251146726851,0.506875368565602,0.2850247996907239,0.384624221838751,32495.65457549492,1.1906338101097271,0.4336503376064878,1.0683826633828761,33431.57605443926
94.6,0.10139709304426,0.5206254738778083,0.2649627199677149,0.4192283808335483,28082.09718907589,1.2113709918389033,0.39579038778966863,1.1099738987946433,27848.894411857116
94.65,0.0810107335139991,0.5333703774917499,0.24482466641444478,0.45235964397775075,23975.646913977667,1.2302088396414639,0.3576896856393111,1.1491981061274648,22745.228660044304
94.7,0.0606243739837385,0.5451074656074265,0.22465792861773126,0.484483091623688,20188.473956323855,1.247137213562221,0.31942397194313393,1.1865128395784825,18138.96424034276
94.75,0.040238014453478,0.5558364714184367,0.2045090626216741,0.5155984569649588,16729.582677758324,1.2621497344799577,0.2810679097664806,1.2219117200264797,14044.296871199731
94.8,0.0200007830171541,0.5655594330978332,0.1844236741383646,0.545558650080679,13604.836633077477,1.2752437256025786,0.24269489672422664,1.2552429425854246,10471.255625952539
94.85,0.0012353810298076,0.5742806405897227,0.1644461907679406,0.5730452595599151,10817.019863234364,1.286420144246554,0.204376866876885,1.2851847632167464,7425.760660339906
94.9,-0.0175300209575443,0.582006571151417,0.1446196430264455,0.5995365921089613,8365.936459638611,1.295683503823647,0.1661841001217463,1.3132135247811911,4909.716468137707
94.95,-0.0362954229448962,0.5887458145682486,0.12498547312615185,0.6250412375131448,6248.5473970272105,1.303041786865501,0.12818505715739417,1.3393372098103973,2921.1393561678956
95.0,-0.0550608249322481,0.5945089898354882,0.10558338696059857,0.6495698147677362,4459.140640828598,1.3085063507702361,0.0904462555578099,1.3635671757024843,1454.3155812317614
95.05,-0.0722027859078661,0.5993086557291173,0.08645125856334435,0.6715114416369834,2989.5280428744877,1.3120918286051186,0.05303219698915503,1.3842946145129846,499.9846964438301
95.1,-0.0885232466124674,0.6031592179582237,0.06762508844314469,0.691682464570691,1829.2610347772566,1.3138160276176742,0.016005348030494394,1.4023392742301417,45.5415405470668
95.15,-0.104843707317073,0.6060768354536705,0.04913900890284728,0.7109205427707436,965.8568783816418,1.3136998280207635,-0.020573831373014544,1.4185435353378364,75.25022886493112
95.2,-0.121164168021679,0.6080793278221642,0.031025322681362995,0.7292434958438432,385.02825899307885,1.311767084125723,-0.05664682509814673,1.432931252147402,570.4644966577825
95.25,-0.1366918985115,0.6091860851951187,0.013314556915803709,0.7458779837066187,70.91097034567055,1.3080445290978795,-0.09215698209924257,1.4447364276093795,1509.8505510471316
95.3,-0.1496533328822787,0.6094179807500903,-0.003964487028649145,0.759071313632369,6.2868629601309305,1.3025616836126763,-0.12704944254311873,1.452215016494955,2869.6108178697295
95.35,-0.162614767253045,0.6087972852491962,-0.020784705195495485,0.7714120525022412,172.8015880254628,1.2953507676668428,-0.16127108839028462,1.4579655349198877,4623.709146771022
95.4,-0.175576201623816,0.6073475821875122,-0.03712069648375874,0.7829237838113281,551.1784429757355,1.286446613918837,-0.19477053363232447,1.4620228155426531,6744.0996926969665
95.45,-0.188537635994587,0.6050936817057723,-0.0529488066434238,0.7936313177003593,1121.430449985072,1.2758865803425894,-0.2274981620472306,1.4644242163371763,9200.962441754311
95.5,-0.198091692272932,0.6020615313916218,-0.06824720766081784,0.8001532236645538,1863.072541399517,1.2637104597955449,-0.259406212233915,1.461802152068477,11962.948079208349
95.55,-0.2068045255309574,0.5982781224324085,-0.08299600192266365,0.8050826479633659,2755.3345340587157,1.2499603843088718,-0.29044890160203934,1.4567649098398292,14997.433678547759
95.6,-0.215517358788975,0.5937713902711804,-0.09717733508829758,0.8092887490601555,3777.373781945309,1.2346807225058856,-0.3205825745312229,1.4501980812948605,18270.78881654526
95.65,-0.224230192046995,0.5885701097941667,-0.1107754986235644,0.8128003018411617,4908.484438119727,1.2179179693967,-0.3497658557332714,1.4421481614436948,21748.64957099158
95.7,-0.231148518050541,0.5827037860532076,-0.12377700308563645,0.8138523041037486,6128.298597144662,1.1997206288000168,-0.37795978872729646,1.4308691468505579,25396.19589240579
95.75,-0.235088725631769,0.5762025423673748,-0.1361706078485058,0.8112912679991438,7416.973776732619,1.1801390895710153,-0.40512794285056075,1.4152278152027844,29178.426680591507
95.8,-0.2390289332129981,0.5690970082088017,-0.14794729928585537,0.8081259414217998,8755.361346391384,1.1592254975088547,-0.43123647780177776,1.3982544307218527,33060.42662877923
95.85,-0.242969140794224,0.5614182094852501,-0.1591002175214904,0.8043873502794741,10125.151686154224,1.1370336251858777,-0.4562541624814627,1.3800027659801017,37007.61969451751
95.9,-0.246909348375452,0.5531974636285784,-0.16962453904104308,0.8001068120040303,11508.99369795454,1.113618741902635,-0.4801523522246795,1.3605280902780872,40986.00557278092
95.95,-0.246354693140794,0.544466281369104,-0.17951732981923538,0.790820974509898,12890.588682171252,1.0890374855915697,-0.5029049364280941,1.3353921787323637,44962.37779266584
96.0,-0.245533393501805,0.5352562761899438,-0.18877738801398022,0.7807896696917488,14254.760890152338,1.0633477377174108,-0.5244882738682319,1.3088811312192157,48904.52434227155
96.05,-0.2447120938628157,0.5255990814928891,-0.1974050962858029,0.7703111753557048,15587.508815842846,1.036608501322531,-0.5448811350219139,1.2813205951853468,52781.413564936745
96.1,-0.243890794223827,0.5155262745229787,-0.20540230135047624,0.7594170687468057,16876.04216002874,1.008879781393187,-0.5640646692373222,1.252770575617014,56563.36908121062
96.15,-0.24096850406504,0.5050693053841611,-0.21277223224565744,0.7460378094492011,18108.809125919994,0.9802224659764363,-0.5820224091961492,1.2211909700414763,60222.23729893152
96.2,-0.236043707317072,0.4942594290484589,-0.21951946251727014,0.7303031363655309,19275.517769548467,0.9506982059885754,-0.5987403192091182,1.1867419133056474,63731.55019495764
96.25,-0.231118910569105,0.48312763820592325,-0.22564991314762972,0.7142465487750282,20367.153321413134,0.9203692915332866,-0.6142068854580499,1.1514882021023916,67066.68411450277
96.3,-0.2261941138211355,0.47170459515838575,-0.23117088569061503,0.6978987089795212,21375.99135639336,0.8892985228491633,-0.6284132384646048,1.1154926366702989,70205.01302712396
96.35,-0.221017471757793,0.4600205616462602,-0.2360911084059953,0.6810380334040532,22295.604587348567,0.857549074670879,-0.6413532905795698,1.078566546428672,73126.05214884304
96.4,-0.213094516493446,0.4481053264480656,-0.24042077649713378,0.6611998429415116,23120.859908593902,0.8251843537641194,-0.6530238685661235,1.0382788702575654,75811.58629636724
96.45,-0.2051715612291,0.4359881314866067,-0.2441715685523255,0.6411596927157067,23847.901955721194,0.7922678503651157,-0.6634248213667449,0.9974394115942157,78245.7766409773
96.5,-0.197248605964753,0.4236975980264216,-0.24735662490298513,0.6209462039911746,24474.119953358433,0.7588629852288781,-0.6725590859168739,0.9561115911936311,80415.23983099395
96.55,-0.1893256507004014,0.4112616550761,-0.2499904801546386,0.6005873057765014,24998.096067178703,0.7250329546751106,-0.680432699942256,0.9143586053755121,82309.09496012589
96.6,-0.180296111913355,0.39870747234235315,-0.2520889493618839,0.5790035842557082,25419.53535615139,0.69084057642355,-0.6870547578244168,0.871136688336905,83918.97604429655
96.65,-0.170691418772562,0.38606139987201604,-0.25366897635749663,0.556752818644578,25739.179826504078,0.6563481389605587,-0.6924373150784427,0.8270395577331207,85239.01072231868
96.7,-0.161086725631769,0.37334891592386543,-0.25474845903162313,0.5344356415556344,25958.71095159463,0.6216172567132618,-0.6965952541121513,0.7827039823450308,86265.7685425018
96.75,-0.151482032490976,0.36059458376674086,-0.25534607027373424,0.5120766162577168,26080.646241695533,0.5867087325414342,-0.6995461289658694,0.7381907650324102,86998.18427575694
96.8,-0.1417998915162411,0.34782201714116695,-0.2554810932618959,0.48962190865740807,26108.23560571742,0.5516824281182243,-0.7013100079220675,0.6934823196344654,87437.46261540453
96.85,-0.131852508844765,0.3350538532418271,-0.2551732880284031,0.4669063620865921,26045.362769290547,0.5165971418521702,-0.7019093322346673,0.6484496506969352,87586.97078722074
96.9,-0.121905126173285,0.3223117313241254,-0.2544428010109384,0.44421685749741036,25896.4555945168,0.4815104931589943,-0.7013688049060207,0.6034156193322793,87452.12453249774
96.95,-0.111957743501805,0.3096162746692793,-0.2533101212103873,0.4215740181710843,25666.407003048447,0.4464788113982332,-0.699715315824194,0.5584365549000382,87040.27079092473
97.0,-0.102010360830325,0.2969870736495001,-0.2517960784986982,0.3989974344798251,25360.506058929026,0.4115570276597533,-0.6969779015212622,0.5135673884900783,86360.56803715239
97.05,-0.0926578351558923,0.2844426680661241,-0.24992187196364504,0.37710050322201644,24984.376834325034,0.3767985678897771,-0.6931877297233919,0.46945640304566943,85423.86286916805
97.1,-0.0834596426570252,0.2720005276617689,-0.24770911161451034,0.3554601703187941,24543.921590739974,0.3422552464782306,-0.6883780935310528,0.4257148891352558,84242.55993839056
97.15,-0.0742614501581554,0.2596770306151085,-0.24517985408731666,0.3339384807732639,24045.264340111156,0.307977160284553,-0.6825843964224269,0.3822386104427084,82830.48146477668
97.2,-0.0650632576592856,0.24748744079582025,-0.24235661382799112,0.31255069845510586,23494.69130646801,0.2740125840453962,-0.6758441091236358,0.3390758417046818,81202.71285993261
97.25,-0.0563889745257453,0.23544588538629557,-0.23926233528066712,0.2918348599120409,22898.586033583346,0.24040786897981295,-0.6681966826240993,0.29679684350555824,79375.43229686245
97.3,-0.0486144487804839,0.2235653350431319,-0.23592031871400046,0.2721797838236158,22263.358712846224,0.20720734705046537,-0.6596834082237675,0.2558217958309493,77365.72428190682
97.35,-0.0408399230352293,0.21185758892083142,-0.23235410066159173,0.2526975119560607,21595.371237702842,0.17445324357929165,-0.6503472237886964,0.21529316661452094,75191.37982038484
97.4,-0.0330653972899724,0.20033326665171,-0.22858729716298007,0.2333986639416824,20900.860969710622,0.14218560077000822,-0.6402324729726556,0.17525099805998062,72870.68790198794
97.45,-0.0252908715447155,0.18900180879445408,-0.22464342469403123,0.2142926803391696,20185.867303305153,0.11044221416244142,-0.6293846316094717,0.13573308570715692,70422.22480110051
97.5,-0.019165042193141,0.1778714864033424,-0.22054571759892314,0.1970365285964834,19456.165420489582,0.07925858319299742,-0.6178500204109768,0.09842362538613841,67864.64848388346
97.55,-0.0131444487815854,0.16694941940059396,-0.2163169617216015,0.18009386818217937,18717.211171385927,0.04866787602275231,-0.6056755250749293,0.06181232480433771,65216.50518662957
97.6,-0.007123855370035,0.15624160250115415,-0.21197936085382174,0.16336545787118914,17974.09977119791,0.018700907765689837,-0.5929083428108033,0.025824763135724838,62496.053862160545
97.65,-0.0011032619584829,0.14575293675506729,-0.20755444690534414,0.14685619871355018,17231.539372073326,-0.010613869572648205,-0.579595769263484,-0.009510607614165304,59721.11213300085
97.7,0.0040108784063208,0.13548726439423012,-0.20306303735568618,0.1314763859879093,16493.838856046717,-0.039250367677088345,-0.5657850327634784,-0.043261246083409144,56908.92503096361
97.75,0.0082471154266365,0.1254474047053635,-0.19852523545034645,0.117200289278727,15764.907644246197,-0.06718485538728276,-0.551523174561953,-0.07543197081391927,54076.055480692354
97.8,0.0124833524469546,0.11563518905269402,-0.1939604615355493,0.10315183660573941,15048.26425563332,-0.09439594715146699,-0.5368569660439259,-0.10687929959842159,51238.29368709137
97.85,0.0167195894672691,0.10605149390897381,-0.18938749825785384,0.08933190444170472,14347.049798547438,-0.12086458794868955,-0.5218328473025747,-0.13758417741595866,48410.58142647329
97.9,0.0208269551693003,0.09669627167949571,-0.18482453061977555,0.0758693165101954,13664.04284752814,-0.14657403528766016,-0.5064968685970558,-0.16740099045696047,45606.947181977455
97.95,0.0234109958013544,0.08756858002918148,-0.1802891630734758,0.06415758422782708,13001.67292869374,-0.17150983796344557,-0.4908946163019793,-0.19492083376479996,42840.44876698089
98.0,0.0259950364334086,0.07866661122346379,-0.1757984003114519,0.05267157479005519,12362.031020826198,-0.19565981039967767,-0.4750711085104924,-0.22165484683308628,40123.12144735787
98.05,0.0285790770654641,0.06998772349060788,-0.17136858505203362,0.041408646425143775,11746.876777094432,-0.21901400081630196,-0.4590706515226866,-0.24759307788176604,37465.931215904704
98.1,0.0311631176975176,0.0615284765617282,-0.16701529419830205,0.030365358864210597,11157.643398458154,-0.24156465120535325,-0.4429366563818922,-0.27272776890287087,34878.734500759194
98.15,0.0328339462720292,0.05328467325881389,-0.16275320280314673,0.02045072698678469,10595.442009072884,-0.2633061472785332,-0.42671142299319675,-0.29614009355056237,32370.246846734026
98.2,0.0340087090375058,0.04525140837809062,-0.1585959312699535,0.011242699340584819,10061.067766153525,-0.2842349570944302,-0.41043590604809493,-0.318243666131936,29948.023639737
98.25,0.0351834718029825,0.037423125233732715,-0.1545558949929688,0.0022396534307502144,9555.009870831038,-0.3043495579183837,-0.3941494817077651,-0.3395330297213662,27618.455809866642
98.3,0.0363582345684597,0.029793679248375247,-0.1506441758853834,-0.006564555320084452,9077.467091274531,-0.32365035185990243,-0.37788973527541736,-0.36000858642836214,25386.782582493335
98.35,0.0372609297699594,0.022356407060967025,-0.14687043251641638,-0.014904522708992375,8628.369579023687,-0.3421395718116334,-0.3616922882923022,-0.3794005015815928,23257.122028466107
98.4,0.0372101629679747,0.015104198925094285,-0.1432428593730052,-0.022105964042880413,8207.406704541818,-0.3598211800148979,-0.3455906779452695,-0.39703134298287257,21232.51852136373
98.45,0.0371593961659901,0.008029571840628802,-0.13976819814942326,-0.0291298243253613,7814.059685574577,-0.37670076203372327,-0.32961629431106254,-0.4138601581997134,19315.00470673013
98.5,0.0371086293640054,0.0011247409081901983,-0.13645179598051793,-0.035983888455815204,7447.637050523556,-0.39278541900096886,-0.31379837279081835,-0.42989404836497425,17505.67444731829
98.55,0.0370578625620204,-0.005618313157661261,-0.1332976984565623,-0.04267617571968166,7107.310565526645,-0.4080836606619152,-0.29816403140126696,-0.44514152322393563,15804.762599369906
98.6,0.0360478034794393,-0.012207781682657494,-0.13030876007737366,-0.04825558516209679,6792.149181161013,-0.42260530107227606,-0.2827383364916328,-0.4586531045517154,14211.727452809919
98.65,0.0347796606868501,-0.018651971234128793,-0.12748675256202616,-0.0534316319209789,6501.148831524512,-0.4363613578795805,-0.2675443771187216,-0.47114101856643065,12725.332218283504
98.7,0.0335115178942609,-0.0249592518035687,-0.12483245313260422,-0.0584707696978296,6233.256542041531,-0.44936395513513966,-0.25260332895315424,-0.48287547302940054,11343.722986349412
98.75,0.0322433751016718,-0.031138008612085686,-0.1223456995484131,-0.06338138371375748,5987.388079196227,-0.46162622870643083,-0.23793449239394768,-0.49386960380810263,10064.501808136098
98.8,0.0304603763751109,-0.03719659569046282,-0.12002540568162985,-0.06765697206557372,5762.43920361593,-0.4731622327508338,-0.22355529608986507,-0.5036226091259447,8884.794739524843
98.85,0.0277699796212796,-0.04314328926245281,-0.11786953888827852,-0.07091326888373241,5557.291279094161,-0.4839868454555974,-0.20948126446812979,-0.511756825076877,7801.31558456294
98.9,0.0250795828674475,-0.048986239215743174,-0.1158750683192627,-0.07406582208319068,5370.812583197519,-0.4941156723796989,-0.1957259561381795,-0.5191952552471464,6810.426649991922
98.95,0.0223891861136154,-0.05473341757612312,-0.11403789957528118,-0.07712260368973853,5201.857015816767,-0.503564946268402,-0.18230088706657632,-0.5259541323820174,5908.197942268554
99.0,0.0196987893597833,-0.06039256376770272,-0.1123528148737652,-0.08009135312748603,5049.2620040234215,-0.5123514230278566,-0.1692154571953531,-0.5320502123876399,5090.465947347979
99.05,0.0154618412236755,-0.06597112741971216,-0.1108134374091902,-0.08143296864338766,4911.847164176205,-0.5204922745274513,-0.1564768997810971,-0.5359541157511268,4352.892473796179
99.1,0.0111013025883404,-0.07147621032169484,-0.10941223518109629,-0.08257751291003523,4788.414882929409,-0.5280049797931077,-0.1440902702650661,-0.5391062823814481,3691.0232862328517
99.15,0.006740763953004,-0.07691450977689042,-0.1081405739300856,-0.08365527372989442,4677.7534919713235,-0.5349072168977882,-0.13205848652522942,-0.5416479808507922,3100.3455757038573
99.2,0.0023802253176675,-0.08229226588479041,-0.1069888211156319,-0.08467249120245791,4578.643137485074,-0.5412167582554931,-0.12038242491365676,-0.5435969835731606,2576.342796105281
99.25,-0.0027883347449215,-0.08761521519221155,-0.10594649496014583,-0.08482688044729005,4489.863917736082,-0.5469513720542587,-0.10906106839616805,-0.5441630373093372,2114.545180393537
99.3,-0.0087649162347663,-0.09288855264903875,-0.10500244482599871,-0.08412363641427245,4410.205367774762,-0.552128732161439,-0.0980916947420282,-0.5433638159266727,1710.5743248645765
99.35,-0.0147414977246063,-0.09811690298789225,-0.1041450446040948,-0.08337540526328595,4338.476126235558,-0.5567663380793669,-0.08747008719157685,-0.5420248403547606,1360.1806494759212
99.4,-0.0207180792144477,-0.10330430167951946,-0.10336237903752817,-0.08258622246507176,4273.512560119057,-0.5608814455728279,-0.07719074719772451,-0.5401633663583802,1059.2731471898692
99.45,-0.0267757796931412,-0.10845418464397936,-0.1026424051996122,-0.08167840495083817,4214.185338064551,-0.5644910075749284,-0.06724709008785591,-0.5377152278817873,803.9415333838593
99.5,-0.0339112038808665,-0.11356938512134473,-0.10197307541020839,-0.07965818124047824,4159.403243446419,-0.567611624111493,-0.057631607744134755,-0.5337004202306265,590.4715042086779
99.55,-0.041046628068596,-0.1186521355578824,-0.10134241472519429,-0.07760550748928641,4108.11400893331,-0.5702594993130414,-0.048335988757237984,-0.5292128712444454,415.35427718041547
99.6,-0.0481820522563193,-0.12370407225172199,-0.10073855459216811,-0.07552201999540269,4059.3025525276944,-0.5724504033349137,-0.03935119494175285,-0.5242683510785944,275.2918299277929
99.65,-0.0553174764440447,-0.12872624076037625,-0.1001497319254803,-0.07340876431633156,4011.987521898227,-0.5741996371375704,-0.030667501164023496,-0.5188821606935257,167.19922269251245
99.7,-0.0626171325654934,-0.1337191007164064,-0.09956426916317192,-0.07110196815091302,3965.217477598618,-0.5755219986264699,-0.022274512537514925,-0.5129048660609765,88.20513933936171
99.75,-0.0700099735772363,-0.13868252954742638,-0.09897055345559037,-0.06867255597019008,3918.0681805223485,-0.5764317494502413,-0.01416117664051926,-0.5064217758730051,35.651364238931265
99.8,-0.0774028145889833,-0.14361582552009386,-0.09835703327231274,-0.06621301093111055,3869.6423976523342,-0.5769425826813318,-0.006315809612093701,-0.4995397680923485,7.091457965549366
99.85,-0.0847956556007243,-0.14851771137285255,-0.09771224729671724,-0.06372205577212825,3819.0733087099297,-0.5770675925012277,0.0012738474986097228,-0.4922719369005034,0.28847776883808846
99.9,-0.0920261241534998,-0.15338634040706753,-0.09702489488251523,-0.06136021625356773,3765.532090785252,-0.5768192477099396,0.008620530710636277,-0.48479312355643983,13.211297730315234
99.95,-0.0986457629796844,-0.1582193071862707,-0.09628394924623146,-0.059573544206586296,3708.2395529803503,-0.5762093712746762,0.0157373098561813,-0.4775636082949918,44.0289638239042
100.0,-0.105265401805869,-0.16301366482852975,-0.09547880634649865,-0.05774826302266074,3646.4809845408763,-0.5752491280832736,0.02263740498867115,-0.46998372627740453,91.10259637708683
100.05,-0.1118850406320568,-0.16776595036370975,-0.09459945580329777,-0.05588090973165295,3579.6228153120355,-0.5739490226480285,0.029333974579533517,-0.4620639820159717,152.97458926803884
100.1,-0.11850467945824,-0.17247221880780875,-0.09363665548890823,-0.053967539349568744,3507.1293004593954,-0.5723189077394252,0.035839893293829306,-0.4538142282811852,228.35519134454591
100.15,-0.12375705882353,-0.17712808565171406,-0.09258209040986372,-0.053371026828184065,3428.577385864072,-0.5703680039766073,0.04216753922102802,-0.44661094515307725,316.1069091478998
100.2,-0.128623800904978,-0.18172877652019453,-0.09142849794211132,-0.05310497561521654,3343.6680943802617,-0.5681049294089615,0.04832861001985055,-0.4394811285039835,415.2274749245865
100.25,-0.133490542986426,-0.18626918196624662,-0.09016974656266578,-0.05277863897982063,3252.2332780701513,-0.5655377372348567,0.05433398316661547,-0.4320471942484307,524.8323069777872
100.3,-0.1383572850678761,-0.1907439149069678,-0.0888008624351366,-0.0523866298390917,3154.237267689622,-0.5626739592154952,0.060193628713415666,-0.42431667414761914,644.1374111446291
100.35,-0.142320351351352,-0.1951473681185088,-0.08731800638921514,-0.052827016767156815,3049.773695914806,-0.5595206521132323,0.06591657477638758,-0.4172003007618803,772.4435253779726
100.4,-0.144676882882883,-0.19947376954420667,-0.08571841165825789,-0.05479688666132368,2939.0584388858247,-0.5560844446920254,0.07151091769006249,-0.41140756180914245,909.1220175777586
100.45,-0.147033414414415,-0.20371723382871243,-0.08400029810470115,-0.056683819414297426,2822.420032671464,-0.5523715833805481,0.07698386258450658,-0.40533816896613317,1053.6026841653675
100.5,-0.149389945945946,-0.2078718093739159,-0.08216278218567552,-0.05848186342796988,2700.2891105963035,-0.5483879755324671,0.08234177558307007,-0.3989980295865211,1205.3632010973645
100.55,-0.1517464774774779,-0.21193152117858324,-0.08020580092062696,-0.060185043701105334,2573.188200527698,-0.5441392301894508,0.0875902287227851,-0.3923927527119728,1363.9196742595216
100.6,-0.151525995475113,-0.21589041055202407,-0.07813006526108095,-0.06436441507691107,2441.722839080307,-0.5396306971365679,0.092734020641306,-0.38810470166145483,1528.8175260981627
100.65,-0.151081425339366,-0.21974257344434944,-0.07593705191147546,-0.06866114810498344,2306.574341202447,-0.5348675057876398,0.0977771617730229,-0.3837860804482738,1699.621931446736
100.7,-0.15063685520362,-0.22348219935894462,-0.07362903452385805,-0.07284534415532462,2168.493889966192,-0.5298546057783744,0.1027228207271245,-0.3792177505747544,1875.907181891015
100.75,-0.150192285067873,-0.22710361268620494,-0.07120914735577558,-0.07691132761833194,2028.297066854624,-0.5245968111348634,0.1075732365813899,-0.3744045260669905,2057.2446628614543
100.8,-0.1484524324324311,-0.23060131774802117,-0.06868146751194806,-0.08214888531559009,1886.857591837911,-0.5190988494292482,0.11232960945669145,-0.3706464169968171,2243.1895396787245
100.85,-0.145417297297297,-0.23397004805844981,-0.06605109817287165,-0.08855275076115282,1745.0990279369316,-0.5133654166036102,0.11699198638354745,-0.3679481193063132,2433.266644972116
100.9,-0.142382162162162,-0.23720481936129048,-0.06332423330155883,-0.09482265719912847,1603.9834092921008,-0.5074012372012469,0.12155916245064756,-0.3650190750390848,2626.9564401249645
100.95,-0.139347027027027,-0.24030098507741024,-0.06050818705427894,-0.10095395805038324,1464.4962802382438,-0.5012111287666118,0.1260286154997944,-0.3618641017395848,2823.682119963559
101.0,-0.13619163800905,-0.24325429207224888,-0.05761137544934367,-0.1070626540631989,1327.6282324660954,-0.4948000683580809,0.13039648906287482,-0.3586084303490309,3022.7989973198987
101.05,-0.1311522714932105,-0.24606093419549876,-0.05464324593787348,-0.11490866270228828,1194.3537306507708,-0.48817325853464205,0.13465763055872582,-0.3570209870414316,3223.5871053671626
101.1,-0.126112904977375,-0.24871760106833063,-0.0516141586562546,-0.12260469609095562,1065.6085495172088,-0.4813361900681251,0.13880568354761955,-0.3552232850907501,3425.247606243893
101.15,-0.121073538461538,-0.2512215199323973,-0.04853523029379214,-0.13014798147085926,942.2674318685754,-0.4742946988529039,0.14283322520910538,-0.35322116039136586,3626.9031508684475
101.2,-0.116034171945701,-0.25357048910548274,-0.045418157281290616,-0.13753631715978176,825.1236043312207,-0.46705501513109887,0.1467319335715924,-0.3510208431853979,3827.6018363836806
101.25,-0.110238061261262,-0.2557629024761397,-0.042275037637836646,-0.1455248412148777,714.871522912202,-0.4596238040026912,0.15049276534725592,-0.3493857427414292,4026.323986109197
101.3,-0.1040162819819792,-0.2577977654729363,-0.03911821093494283,-0.1537814834909571,612.0937707002723,-0.45200819721149404,0.15410612400030627,-0.34799191522951484,4221.990658559604
101.35,-0.0977945027027017,-0.25967470381093316,-0.035960131455594346,-0.16188020110823148,517.2524217214503,-0.44421581713490554,0.1575620011283381,-0.34642131443220386,4413.472746589585
101.4,-0.0915727234234226,-0.26139396692943806,-0.03281328353254262,-0.16982124350601546,430.6846304748131,-0.4362547946258016,0.16085007971650783,-0.344682071202379,4599.599670187898
101.45,-0.0852742321266962,-0.26295642828147525,-0.029690139552348668,-0.17768219615477904,352.6017546551755,-0.42813378273075775,0.1639597961331934,-0.34285955060406154,4779.167066317927
101.5,-0.0786688927601808,-0.2643635844582749,-0.02660315384992589,-0.1856946916980941,283.0911179051307,-0.41986196825874966,0.16688036527287517,-0.34119307549856887,4950.943344641465
101.55,-0.0720635533936617,-0.26561755463986164,-0.023564778958142095,-0.19355400124619992,222.11952293843856,-0.41144908278598247,0.16960078066027065,-0.33938552939232075,5113.675520101909
101.6,-0.0654582140271482,-0.2667210810397567,-0.02058748616201838,-0.20126286701260854,169.5378345885193,-0.4029054139223113,0.1721098068076452,-0.3374471998951631,5266.095217664881
101.65,-0.0588528746606329,-0.26767753008906353,-0.01768377132421244,-0.20882465542843062,125.08630729881527,-0.3942418167534585,0.17439598316034532,-0.3353889420928256,5406.926034215724
101.7,-0.0526518364864862,-0.26849089317951064,-0.0148661291932573,-0.21583905669302444,88.40071887624677,-0.3854697244065901,0.17644765772823107,-0.3328178879201039,5534.893496494041
101.75,-0.0465648319819819,-0.2691657850912987,-0.012146985184036995,-0.22260095310931677,59.01969962448571,-0.37660115590778864,0.1782530634603162,-0.33003632392580673,5648.738601420002
101.8,-0.040477827477474,-0.26970743784540735,-0.009538580620923642,-0.22922961036793335,36.39380810474402,-0.3676487190006117,0.17980044378311247,-0.3271708915231377,5747.235481707411
101.85,-0.0343908229729715,-0.2701216877257394,-0.007052815646566046,-0.23573086475276792,19.896883417778735,-0.35862560548028927,0.18107822542793295,-0.32423478250731774,5829.213106511876
101.9,-0.0287586746153837,-0.2704149536157804,-0.004701061294730991,-0.24165627900039668,8.839990918727128,-0.3495455768922859,0.18207522886052857,-0.3207869022769022,5893.5802603757975
101.95,-0.0240094823076917,-0.2705942055190414,-0.002493957980421366,-0.2465847232113497,2.487930563242967,-0.34042293909830235,0.18278090001083672,-0.31641345679061067,5939.352428226042
102.0,-0.0192602899999998,-0.27066692308205287,-0.000441220382268502,-0.2514066330820531,0.07787017029166521,-0.33127250514100987,0.18318554321015618,-0.3120122151410101,5965.678798435555
102.05,-0.0145110976923051,-0.27064104492238417,0.0014485324007524592,-0.2561299472300791,0.8392984464118732,-0.32210954685567583,0.18328053526039592,-0.30759844916337076,5971.867485393286
102.1,-0.0097619053846144,-0.27052491042490234,0.003167906207286849,-0.26076300504028793,4.01425189526662,-0.31294973662083225,0.1830585033288737,-0.30318783123621784,5957.407225067958
102.15,-0.0069201225225221,-0.27032719627766594,0.0047108122286550515,-0.26340707375514383,8.87670074145839,-0.30380908136926865,0.18251345553391457,-0.29688895884674654,5921.984257943148
102.2,-0.004244201351351,-0.270056850240418,0.006072497718475444,-0.26581264888906697,14.750091416355788,-0.29470385134147437,0.18164086063846208,-0.29045964999012336,5865.493733952213
102.25,-0.0015682801801799,-0.2697230244878571,0.00724953423450243,-0.2681547443076772,21.022298646889094,-0.28565050604837106,0.18043768156167228,-0.28408222586819115,5788.045675973591
102.3,0.0011076409909923,-0.26933501032145435,0.008239777200768614,-0.27044265131244666,27.1575713273225,-0.2766656194718863,0.17890237467603914,-0.2777732604628786,5689.966162617936
102.35,0.0026212561085973,-0.26890217525710425,0.009042314508400704,-0.27152343136570156,32.70538066753355,-0.26776580581312714,0.17703487175256052,-0.27038706192172446,5571.794811812542
102.4,0.0028757063348416,-0.26843390255692345,0.009657423074335914,-0.27130960889176503,37.30632817468629,-0.2589676461746921,0.17483656370158557,-0.26184335250953367,5434.27982346286
102.45,0.003130156561086,-0.26793953239178747,0.010086549247758236,-0.2710696889528735,40.69539029098089,-0.25028761564494306,0.1723103032187004,-0.25341777220602907,5278.371661390306
102.5,0.0033846067873303,-0.2674283031451167,0.010332324097290554,-0.270812909932447,42.702768500580426,-0.24174200949543154,0.16946043931868546,-0.24512661628276183,5105.216087836779
102.55,0.0034922870270257,-0.266909290996206,0.010398616503274125,-0.27040157802323167,43.252490072865996,-0.23334686672222404,0.16629288898714611,-0.23683915374924974,4916.1466538117875
102.6,0.0013005708108104,-0.2663913459883391,0.010290619636765056,-0.2676919167991495,42.358741003429834,-0.22511788911472733,0.16281524371880635,-0.22641845992553772,4712.676193282544
102.65,-0.0008911454054055,-0.2658830231628138,0.010014959035909255,-0.2649918777574083,40.119761796376174,-0.2170703543130838,0.15903690083758987,-0.2161792089076783,4496.486369426736
102.7,-0.0030828616216216,-0.26539250811109066,0.00957980498256271,-0.2623096464894691,36.70906540157334,-0.20921902202297948,0.1549692031045284,-0.20613616040135788,4269.414028596014
102.75,-0.0052745778378376,-0.2649275372027156,0.008994969560614685,-0.25965295936487803,32.3637909585539,-0.20157803344744507,0.1506255667647702,-0.19630345560960746,4033.433131237022
102.8,-0.0088245126696851,-0.26449531374518737,0.008271969852626739,-0.2556708010755023,27.370194097106253,-0.19416080503233174,0.14602157819331177,-0.18533629236264665,3790.6313418783047
102.85,-0.0132069040723988,-0.26410242212268453,0.007424043689865183,-0.25089551805028576,22.046569883610818,-0.18697991849997517,0.14117504341596876,-0.17377301442757637,3543.1809570667847
102.9,-0.0175892954751137,-0.2637547425122923,0.006466110231485154,-0.2461654470371786,16.724232610286794,-0.18004700981890037,0.13610598011660954,-0.16245771434378667,3293.304501956073
102.95,-0.0219716868778286,-0.2634573689513927,0.005414676227191053,-0.2414856820735641,11.727487458123173,-0.17337266006994012,0.13083655022716767,-0.15140097319211152,3043.236066728208
103.0,-0.0266938477477483,-0.2632145332934148,0.004287695954484072,-0.23652068554566652,7.35373463923963,-0.1669662910632283,0.12539093869456225,-0.14027244331548,2795.180001191728
103.05,-0.0327750864864899,-0.26302953701928755,0.003104400382864951,-0.23025445053279764,3.8549206948528214,-0.16083606809366735,0.11979519231416512,-0.12806098160717744,2551.268995837832
103.1,-0.0388563252252264,-0.2629046919546199,0.00188511465753437,-0.22404836672939352,1.42146290882037,-0.15498881136289097,0.11407703710351082,-0.11613248613766458,2313.5236256561393
103.15,-0.0449375639639645,-0.26284127000392793,0.0006510833459875064,-0.21790370603996342,0.1695638093689148,-0.14942991666085817,0.10826569412291003,-0.10449235269689366,2083.815204251647
103.2,-0.0510188027027027,-0.26283946106250994,-0.0005756799671144375,-0.21182065835980723,0.13256296981475194,-0.1441632849000559,0.10239171181063961,-0.09314448219735319,1863.83335955788
103.25,-0.0578918728506782,-0.2628983375989879,-0.0017725074160864,-0.2050064647483097,1.2567130160325144,-0.13919125933448342,0.09648682834458588,-0.08129938648380522,1655.0592078217924
103.3,-0.0650149950226274,-0.2630158239655399,-0.0029161515015854083,-0.1980008289429125,3.401575832079532,-0.13451456873908518,0.09058387101071363,-0.06949957371645778,1458.7444777396634
103.35,-0.0721381171945706,-0.26318866852202916,-0.003982824252628105,-0.19105055132745857,6.345155610929051,-0.13013227472748176,0.08471669041546534,-0.057994157532911164,1275.8964684355196
103.4,-0.0792612393665157,-0.26341241705328955,-0.004948212228029409,-0.18415117768677386,9.793921701447907,-0.12604172166867758,0.07892012012451755,-0.04678048230216188,1107.2685085276942
103.45,-0.0864377229729724,-0.26368138667969226,-0.005787484318680485,-0.17724366370671985,13.397989895589006,-0.12223848830957147,0.07322994580335875,-0.035800765336599066,953.3555488645084
103.5,-0.0937177905405398,-0.2639886403619074,-0.006475310520276436,-0.1702708498213676,16.771858533601076,-0.11871634108485735,0.06768286568526136,-0.024998550544317544,814.3947213100674
103.55,-0.100997858108111,-0.2643259629855172,-0.006985909200396165,-0.16332810487740618,19.521170942471915,-0.11546719000649877,0.062316423828616435,-0.014469331898387769,690.370965117823
103.6,-0.108277925675677,-0.2646838408151959,-0.007293135994440874,-0.1564059151395189,21.275933053363634,-0.11248104890209813,0.05716890116591755,-0.004203123226421135,581.0281352032798
103.65,-0.115557993243244,-0.2650514465815344,-0.007370620928173145,-0.1494934533382904,21.73042114672958,-0.10974600235161222,0.05227915540413695,0.005811990891631785,485.88623818131583
103.7,-0.122111972850679,-0.2654166326195933,-0.007191952059471977,-0.14330465976891432,20.689669770297286,-0.1072481819488439,0.04768640906326425,0.014863790901835094,404.2655305509281
103.75,-0.128585276018099,-0.2657659341548892,-0.006730895804992607,-0.1371806581367902,18.12198333506683,-0.10497175430329339,0.043429993478128315,0.023613521714805602,335.31810373515873
103.8,-0.1350585791855228,-0.2660845842169404,-0.005961638671979988,-0.13102600503141762,14.216454262098926,-0.10289892266514061,0.039549062791137714,0.03215965652038219,278.0672653613073
103.85,-0.141531882352942,-0.26635654077305077,-0.004859031120172405,-0.12482465842010876,9.444073370721558,-0.10100994320652831,0.036082296978213683,0.040521939146413694,231.45460537315705
103.9,-0.147015405405406,-0.26656452569863603,-0.003398814069635459,-0.11954912029323003,4.62077483198078,-0.09928315600027253,0.033067614247286166,0.04773224940513347,194.3941532457463
103.95,-0.151426666666667,-0.26669007427614705,-0.0015578111757067437,-0.11526340760948006,0.9707102636627308,-0.097695029744738,0.030541911526301133,0.05373163692192899,165.83259727651662
104.0,-0.155837927927928,-0.26671359321212784,0.0006859237819532144,-0.11087566528419984,0.1881965738596003,-0.09622021847016131,0.02854084623307126,0.05961770945776669,144.81420510218985
104.05,-0.1602491891891912,-0.26661442482122377,0.0033530075270874066,-0.10636523563203257,4.497063790681922,-0.09483162798503039,0.027098665284448025,0.06541756120416081,130.54891736863087
104.1,-0.164529547511312,-0.266370915060492,0.006462671150888353,-0.10184136754918,16.706447361809836,-0.09350048971630784,0.026248079238901226,0.07102905779500415,122.48207355229113
104.15,-0.165668235294118,-0.2659604835295173,0.010032735192029756,-0.10029224823539928,40.26231017335694,-0.09219643990866551,0.02602017164532687,0.0734717953854525,120.36432576929288
104.2,-0.166806923076923,-0.2653596942801675,0.014079599146795865,-0.09855277120324449,79.29404485378194,-0.09088760279297604,0.026444328009530317,0.07591932028394695,124.32044157788971
104.25,-0.167945610859728,-0.26454432718846027,0.018618226316114907,-0.09659871632873226,138.65534046322946,-0.08954067720928824,0.02754816542115446,0.07840493365043977,134.91580765711828
104.3,-0.1690842986425335,-0.2634894505721446,0.02366210670966165,-0.09440515192961113,223.95811757576598,-0.08812102712046355,0.029357444653943927,0.08096327152206995,153.2194767305566
104.35,-0.167495576576576,-0.26216949648708127,0.02922318534419486,-0.09467391991050528,341.5978246644661,-0.08659277726923592,0.03189595034743763,0.08090279930734007,180.86251530065894
104.4,-0.164235216216216,-0.2605583406173398,0.03531174993906262,-0.09632312440112378,498.7678735035556,-0.08491891581347212,0.035185331060527514,0.07931630040274389,220.0902261046973
104.45,-0.160974855855856,-0.2586293887682208,0.04193628007403291,-0.09765453291236478,703.4606345790919,-0.0830614059822615,0.039244899006859825,0.0779134498735945,273.80659521042264
104.5,-0.157714495495495,-0.25635567167794826,0.049103267485165525,-0.09864117618245327,964.4523510878855,-0.0809813086066098,0.04409139728708465,0.07673318688888518,345.6091226182286
104.55,-0.1535168235294066,-0.2537099492021094,0.05681702405312185,-0.10019312567270278,1291.2696889012107,-0.0786389167918043,0.04973875008973905,0.07487790673760229,439.81213519813616
104.6,-0.145049176470586,-0.2506648240059967,0.06507949646848128,-0.10561564753541072,1694.136344236427,-0.07599390310860188,0.05619781478839076,0.06905527336198411,561.4567799093816
104.65,-0.136581529411764,-0.24719286395430798,0.07389010698003758,-0.11061133454254399,2183.899163808559,-0.07300547871108302,0.0634761563377612,0.06357605070068097,716.3062086072713
104.7,-0.128113882352941,-0.2432667314547097,0.08324563641421075,-0.1151528491017687,2771.934392802788,-0.06963256278122713,0.07157786211819006,0.05848131957171386,910.8249502952227
104.75,-0.119646235294118,-0.23885931736461039,0.09314016012664494,-0.11921308207049239,3470.0357713668245,-0.0658339599375118,0.08050341049431778,0.053812275356606196,1152.1420624385128
104.8,-0.107119153153146,-0.23394387669340821,0.10356503957702927,-0.1268247235402622,4290.286969036656,-0.061568542728706994,0.0902495986624112,0.04555061042443901,1447.998232662452
104.85,-0.0933101441441413,-0.22849416345085724,0.11450896360222548,-0.13518401930671595,5244.921098102321,-0.0567954363119789,0.10080952651932659,0.036514707832162395,1806.677446586811
104.9,-0.0795011351351327,-0.2224845624316542,0.12595802695238412,-0.14298342729652153,6346.169821495009,-0.051474202734703295,0.11217262616819051,0.028026932400429402,2236.924099816644
104.95,-0.0656921261261241,-0.21589021650653703,0.13789582853073173,-0.15019809038041293,7606.103810470788,-0.045565022939544064,0.12432472061240234,0.020127103186580036,2747.8464276181153
105.0,-0.0502384054298623,-0.20868714889169768,0.15030357108137493,-0.15844874346183538,9036.46539192557,-0.039028875484808996,0.13724809342937938,0.011209529945053302,3348.806959999938
105.05,-0.0312896723981787,-0.20085238078001671,0.16316014407025503,-0.169562708381838,10648.493045210551,-0.031827711907585855,0.15092155018526274,-0.0005380395094071524,4049.3003218351605
105.1,-0.0123409393665113,-0.19236404553955805,0.17644217694427775,-0.18002310617304676,12452.736721934327,-0.02392462955090645,0.16532045693944136,-0.011583690184395149,4858.818396918345
105.15,0.0066077936651614,-0.18320150112201794,0.19012405673012392,-0.18980929478717934,14458.86277900775,-0.015284043218022849,0.18041674752048326,-0.02189183688318425,5786.702717487965
105.2,0.0255565266968343,-0.17334544245331526,0.20417791286758274,-0.19890196915014957,16675.448041184885,-0.005871857263445577,0.1961789001438777,-0.03142838396027988,6841.984153184274
105.25,0.0482358459459459,-0.16277801519619076,0.21857357895759502,-0.21101386114213666,19109.76376733281,0.004344360545588023,0.21257189118733433,-0.04389148540035787,8033.210475192872
105.3,0.0713296747747856,-0.15148293171201466,0.23327854646039523,-0.22281260648680026,21767.55209546991,0.015395202550227837,0.2295571400310943,-0.05593447222455777,9368.263206978743
105.35,0.0944235036036058,-0.13944558913008498,0.24825792950744674,-0.23386909273369078,24652.79982532976,0.027309242144399896,0.24709246403308366,-0.0671142614592059,10854.166361233909
105.4,0.117517332432432,-0.12665318851185353,0.2634744595224713,-0.24417052094428554,27767.51632826334,0.04011285312559595,0.2651320632818044,-0.07740447930683605,12496.89084090075
105.45,0.142047909502261,-0.11309485318379377,0.27888852586312596,-0.2551427626860548,31111.52394324299,0.05383002942084353,0.28362655323483865,-0.08821788008141748,14301.159413311068
105.5,0.168265104072396,-0.09876174369722084,0.29445827071723385,-0.2670268477696168,34682.269277513515,0.06848220788396372,0.3025230559880716,-0.09978289618843228,16270.257671886564
105.55,0.1944822986425464,-0.083647166642045,0.31013973993427557,-0.27812946528459137,38474.66331460003,0.08408809722341759,0.3217653545517013,-0.11039420141912881,18405.85660262792
105.6,0.220699493212675,-0.06774667463854483,0.325887082930353,-0.28844616785121985,42480.95632834191,0.10066351615386279,0.34129410573747676,-0.12003597705881222,20707.85184198115
105.65,0.246970558558564,-0.051058155371526984,0.3416527891426808,-0.298028713930091,46690.65133158925,0.1182212434319942,0.3610471009213735,-0.1287493151265698,23174.22383710728
105.7,0.274534522522525,-0.03358190824988817,0.3573879424889288,-0.3081164307724132,51090.45657458795,0.13677088178611416,0.3809595570064179,-0.13776364073641087,25800.921613249102
105.75,0.302098486486487,-0.015320708342317482,0.37304247323958206,-0.3174191948288045,55664.27473628172,0.15631873669573876,0.40096441669753574,-0.14577974979074826,28581.771281350237
105.8,0.3296624504504638,0.003720141856095465,0.3885653899290191,-0.3259423085943683,60393.22490027627,0.17686771003212984,0.42099263938487647,-0.15279474041833394,31508.409318443493
105.85,0.357226414414417,0.023532771461713755,0.40390497846280954,-0.33369364295270326,65255.69265081705,0.19841720767183355,0.4409734676128948,-0.15880920674258345,34570.23984685169
105.9,0.384557067873305,0.04410670924981794,0.4190089627628258,-0.34045035862348705,70227.40435023165,0.22096305964321294,0.46083466085063923,-0.16359400823009207,37754.41504734643
105.95,0.411732180995476,0.06542885877051127,0.4338246277796185,-0.34630332222496474,75281.52306724981,0.2444974510850901,0.4805026947036831,-0.16723472991038588,41045.83815422239
106.0,0.438907294117648,0.08748347886226486,0.44829891466420424,-0.35142381525538313,80388.7667556414,0.2690088624403327,0.4999029330562509,-0.16989843167731533,44427.18977390977
106.05,0.4660824072398346,0.11025216854012589,0.46237850321731283,-0.3558302386997087,85517.55209499304,0.2944820178578097,0.5189597867220193,-0.17160038938202488,47878.97959725577
106.1,0.49282497297298,0.13371385607120953,0.47600990037120205,-0.35911111690177044,90634.17010056069,0.32089784155819123,0.5375968767802045,-0.17192713141478877,51379.62700868095
106.15,0.51759704504505,0.15784479299933135,0.4891395517331567,-0.35975225204571865,95703.0004278854,0.34823342286536757,0.5557372200711254,-0.16936362217968243,54905.57471509021
106.2,0.542369117117119,0.18261855460446313,0.5017139897051957,-0.35975056251265586,100686.77098636207,0.3764619913724792,0.573303451617516,-0.16590712574463978,58431.43957983244
106.25,0.567141189189189,0.2080060488797131,0.5136800264346336,-0.3591351403094759,105546.86782315436,0.40555290438675723,0.5902180940456925,-0.16158828480243176,61930.20418469865
106.3,0.5919132612612722,0.23397553629055545,0.524984991797658,-0.35793772497071674,110243.69664511482,0.4354716490752895,0.6064038761508503,-0.15644161218598268,65373.45084636015
106.35,0.613973357466066,0.26049266241408436,0.5355770083027271,-0.3534806950519816,114737.09272899979,0.4661798616584555,0.6217840941416681,-0.14779349580761048,68731.63728490219
106.4,0.635080597285069,0.287520504927263,0.5454052873803705,-0.34756009235780605,118986.77100098583,0.4976353654343919,0.6362830009390442,-0.13744523185067714,71974.41018382147
106.45,0.656187837104072,0.315019635560121,0.5544204283921412,-0.341168201543951,122952.80456741016,0.5297922285862189,0.6498262047816392,-0.12639560851785314,75070.95047482825
106.5,0.677295076923075,0.34294819663889897,0.5625746998760937,-0.33434688028417603,126596.11717627075,0.5626008417014389,0.6623410554756564,-0.11469423522163613,77990.34200330783
106.55,0.6968090810810875,0.3712619908567213,0.5698222848713729,-0.32554709022436623,129878.97453441282,0.5960080138598937,0.6737569979158486,-0.10080106722119386,80701.95417610256
106.6,0.712937459459461,0.39991458212226866,0.5761194769258349,-0.3130228773371923,132765.46067731903,0.6299570852280834,0.6840058764913617,-0.08298037423137761,83175.82916883839
106.65,0.729065837837839,0.42885740483381707,0.5814248210623146,-0.3002084330040219,135221.92901893784,0.6643880534331046,0.6930221812580778,-0.06467778440473437,85383.0655494585
106.7,0.745194216216217,0.45803987886651976,0.585699202239455,-0.2871543373496972,137217.42220157362,0.6992377107604261,0.7007432351029813,-0.045956505455790886,87296.19227423861
106.75,0.761322594594595,0.4874095278579161,0.5889058911241029,-0.27391306673667887,138724.05944026946,0.7344397893623861,0.7071093289177867,-0.026882805232208873,88889.52942978892
106.8,0.7719498914027197,0.5169120990399909,0.5910105630302112,-0.25503779236272883,139717.39424531488,0.7699251122087056,0.7120638187300791,-0.0020247791940141147,90139.53456790451
106.85,0.781827040723983,0.5464916837268307,0.591981308258086,-0.23533535699715236,140176.74773078202,0.8056217483027808,0.715553202221827,0.023794707578797758,91025.13514842858
106.9,0.79170419004525,0.576090838497758,0.5917886525812553,-0.21561335154749195,140085.5237295751,0.8414551716069703,0.717527193725946,0.04975098156172031,91528.04866421889
106.95,0.801581339366516,0.60565070798049,0.5904056024499513,-0.19593063138602596,139431.510161716,0.8773484240285014,0.7179388136355606,0.07576708466198545,91633.09157767754
107.0,0.807832099099099,0.6351111506890657,0.5878077228031084,-0.17272094841003338,138207.1675947904,0.9132222834547532,0.7167445021670209,0.10539018435565417,91328.47669096012
107.05,0.8098257927927935,0.6644108696020524,0.5839732482552169,-0.14541492319074112,136409.90187109966,0.9489954381690116,0.7139042605878664,0.139169645376218,90606.09658409035
107.1,0.811819486486487,0.6934875490033509,0.5788832207574971,-0.1183319374831362,134042.31330982925,0.9845846689300252,0.7093818152120005,0.1727651824435381,89461.7884006174
107.15,0.81381318018018,0.7222779986035754,0.5725216405154169,-0.09153518157660456,131112.41154338568,1.019905039592868,0.7031447926268408,0.20609185941268793,87895.57322635432
107.2,0.815624420814479,0.750718305156887,0.5648756114610245,-0.06490611565759197,127633.78256938653,1.0548700964103372,0.6951648883230618,0.2392456755958583,85911.86168128267
107.25,0.808495461538461,0.7787439908198656,0.5559354629613281,-0.029751470718595407,123625.69559121049,1.0893920752058441,0.6854180103396129,0.28089661366738317,83519.61758185133
107.3,0.80136650226244,0.8062901766651241,0.5456948315958384,0.004923674402684153,119113.1396921642,1.1233821147504293,0.6738843808748027,0.32201561248798927,80732.47267324734
107.35,0.794237542986424,0.8332917490388574,0.5341506924563441,0.03905420605243337,114126.78490063675,1.1567504738921393,0.6605485838163934,0.36251293090571524,77568.78783677207
107.4,0.787108583710407,0.8596835261404567,0.5213033362605672,0.0725749424300497,108702.8673585592,1.1894067495933354,0.6453995527844685,0.4022981658829283,74051.65915278079
107.45,0.774449850678733,0.8854004221524521,0.5071562959341974,0.11095057147371912,102883.00340227809,1.2212600928990773,0.6284305018050682,0.4468102422203444,70208.87032870574
107.5,0.758104601809956,0.9103776066905657,0.49171623528853575,0.15227300488060969,96713.94241853226,1.252219420238445,0.6096388103361239,0.4941148184284889,66072.79627876346
107.55,0.7417593529411693,0.9345506580994186,0.4749928174660799,0.19279130515824927,90247.27065774589,1.2821936181938363,0.5890258803600313,0.5404342652526669,61680.264486028434
107.6,0.725414104072397,0.957855710091286,0.45699857353947937,0.23244160601888897,83539.07848684757,1.311091740875095,0.5665969870993025,0.585677636802698,57072.38147377905
107.65,0.707560013513513,0.9802295921982049,0.4377487887838478,0.2726695786846919,76649.60083269032,1.3388232000948597,0.5423611431424883,0.6312631865813466,52294.33059392474
107.7,0.682832310810811,1.0016099653078805,0.41726142255831833,0.3187776544970695,69642.83790215659,1.3652979494777948,0.5163309950589197,0.6824656386669838,47395.14603707273
107.75,0.658104608108109,1.0219354542586483,0.3955570709316508,0.3638308461505393,62586.158545610815,1.390426664515565,0.48852276540130024,0.732322056407456,42427.46530050379
107.8,0.633376905405393,1.0411457796496857,0.3726589726826104,0.40776887424429265,55549.88396834343,1.4141209209527583,0.4589562445786097,0.7807440155473653,37447.259455591215
107.85,0.608649202702698,1.0591818909047348,0.34859305087260894,0.45053268820203685,48606.846046669336,1.4362933739573835,0.42765482832135593,0.8276441712546856,32513.53816650105
107.9,0.578327877828051,1.075986101994851,0.3233879754544207,0.49765822416679995,41831.913067403606,1.4568579400538946,0.3946455889006316,0.8785300622258436,27688.025037995794
107.95,0.546041226244343,1.0915022304762838,0.2970752299636156,0.5454610042319408,35301.47690317403,1.47572998315688,0.35995936480558094,0.9296887569125369,23034.79898866441
108.0,0.513754574660635,1.1056757395638117,0.2696891634506371,0.5919211649031767,29092.89795308178,1.4928265051608487,0.3236308504920737,0.9790719305002137,18619.898202706303
108.05,0.4814679230769073,1.1184538820855308,0.24126701134288187,0.6369859590086235,23283.908304930515,1.5080663406609818,0.28569866921244574,1.0265984175840746,14510.885260402221
108.1,0.447287126126122,1.1297858444256246,0.21184887243821837,0.6824987182995026,17951.977901337807,1.5213703545817225,0.24620541450802008,1.0740832284556006,10776.374423656176
108.15,0.409081270270267,1.1396228881283041,0.18147763911359838,0.7305416178580372,13173.65339929818,1.5326616409590488,0.20519765523779226,1.123580370688782,7485.52492712673
108.2,0.370875414414412,1.1479184869379169,0.15019888534913078,0.7770430725235049,9023.882064048534,1.5418657211096147,0.16272590644310975,1.1709903066952028,4707.505889374525
108.25,0.332669558558558,1.1546284573937027,0.11806072374265027,0.8219588988351447,5575.333796255353,1.548910739652829,0.1188445751574472,1.216241181094271,2510.9392078851765
108.3,0.29446370270268,1.1597110818313265,0.08511364691988434,0.8652473791286466,2897.7331568010945,1.553727657496172,0.07361189509256857,1.259263954793492,963.3264176212127
108.35,0.252347796380082,1.1631272234314767,0.05141037182473133,0.9107794270513947,1057.2105324628515,1.556250441625311,0.027089867899702524,1.303902645245229,130.464167613037
108.4,0.20969870135746,1.1648404339668992,0.017005705616709513,0.9551417326094391,115.67760940887418,1.5564162525322716,-0.020655770267019875,1.3467175511748115,75.85081694647153
108.45,0.167049606334839,1.1648170556631938,-0.01804355372195944,0.9977674493283548,130.22793236689455,1.5541656308935885,-0.06955554324537801,1.3871160245587495,860.0841948728267
108.5,0.124400511312218,1.1630263191188386,-0.05367867548288126,1.0386258078066206,1152.560080638591,1.5494426856746077,-0.11953618306724804,1.4250421743623898,2540.248722184291
108.55,0.0806813031531305,1.1594404393176747,-0.08983901540377719,1.078759136164544,3228.419475488046,1.5421952859581622,-0.17052053371085032,1.4615139828050316,5169.289318583687
108.6,0.0357058752252168,1.1540347114952698,-0.126462004042444,1.118328836270053,6397.0553865724505,1.532375258535759,-0.22242741864781881,1.4966693833105422,8795.37005623681
108.65,-0.0092695527027096,1.1467876080586783,-0.16348311949328134,1.1560571607613879,10690.692143701803,1.5199385927083733,-0.275171488427685,1.5292081454110829,13461.217429956905
108.7,-0.0542449806306362,1.13768087685383,-0.20083586384633162,1.1919258574844662,16134.017682760901,1.5048456527524812,-0.3286630700727381,1.5590906333831174,19203.451311935565
108.75,-0.0992361176470632,1.1266996400841616,-0.2384517644138516,1.2259357577312247,22743.697580831595,1.4870613973646534,-0.38280804300129884,1.5862975150117165,26051.9107175972
108.8,-0.144997000000027,1.1138324921741092,-0.2762604163538221,1.258829492174136,30527.92705759485,1.4665556041715422,-0.4375077630304484,1.611552604171569,34028.98537100569
108.85,-0.190757882352952,1.0990715942444316,-0.3141895773319884,1.2898294765973835,39486.036201621406,1.4433030964971316,-0.49265905084460127,1.6340609788500835,43148.96717850727
108.9,-0.23651876470589,1.082412762432088,-0.3521653187718871,1.318931527137978,49608.16469828195,1.417283968844374,-0.5481542556805251,1.6538027335502639,53417.437870341426
108.95,-0.282279647058828,1.0638555473054503,-0.39011222980150506,1.3461351943642783,60875.020736280916,1.3884838072562953,-0.6038813964531828,1.6707634543151233,64830.709507954874
109.0,-0.327105216216218,1.0434033019749585,-0.4279536628987727,1.3705085181911765,73257.73503539055,1.3568939007770795,-0.6597243748896952,1.6839991169932975,77375.33347975093
109.05,-0.3713072432432685,1.0210632372413442,-0.46561200359443267,1.3923704804846126,86717.81515648878,1.322511440720871,-0.7155632475929178,1.6938186839641394,91027.69089879526
109.1,-0.415509270270282,0.9968464630515073,-0.5030089455639496,1.4123557333217893,101207.19972694256,1.2853397051868438,-0.7712745416668677,1.7008489754571259,105753.67442194434
109.15,-0.459711297297307,0.9707680164389292,-0.5400657533037861,1.4304793137362362,116668.4071566344,1.245388227033813,-0.8267315980823748,1.70509952433112,121508.46849205998
109.2,-0.503432891402723,0.9428468769334033,-0.5767034993282555,1.4462797683361264,133034.77045498206,1.202672944268199,-0.881804930462175,1.7061058356709218,138236.43295776023
109.25,-0.544632212669688,0.913105970913954,-0.6128432681184482,1.457738183583642,150230.7485112401,1.1572163322764462,-0.9363625912906792,1.701848544946134,155871.093754417
109.3,-0.5858315339366766,0.881572166623486,-0.6484063268648065,1.4674037005601628,168172.3058873241,1.1090475176078718,-0.9902705446668585,1.6948790515445484,174335.24473507496
109.35,-0.627030855203631,0.848276261299804,-0.683314271796094,1.475307116503435,186767.3576160905,1.0582023728045489,-1.043393053196138,1.6852332280081799,193541.16683697046
109.4,-0.668230176470596,0.8132529613163029,-0.717489164377632,1.4814831377868989,205916.28039972507,1.004723591274284,-1.095593092107313,1.67295376774488,213390.97306191345
109.45,-0.70564016666667,0.7765408553991338,-0.7508536747783435,1.4821810220658036,225512.496371257,0.9486607404316273,-1.1467328069908942,1.6543009070982972,233777.0898896383
109.5,-0.74171877027027,0.7381823801330043,-0.7833312496168983,1.4799011504032742,245443.13865054853,0.8900702905225735,-1.1966740313431403,1.6317890607928436,254582.8866295188
109.55,-0.7777973738738913,0.6982237761462542,-0.814846319175753,1.4760211500201454,265589.80954970926,0.8290156157664107,-1.245278878324796,1.6068129896403018,275683.46396477544
109.6,-0.813875977477481,0.6567150327474023,-0.8453245527647569,1.4705910102248834,285829.4398027745,0.7655669638732407,-1.29241041439266,1.5794429413507216,296946.60964099684
109.65,-0.848152855203621,0.6137098185588609,-0.874693163035871,1.4618626737624818,306035.2517846787,0.6998013898353798,-1.3379334139103267,1.547954245039001,318233.92356582073
109.7,-0.878225705882353,0.5692653958489666,-0.9028812516559461,1.4474911017313197,326077.82183672313,0.6318026501565328,-1.3817151843623394,1.5100283560388859,339402.10679065844
109.75,-0.908298556561086,0.5234425168407935,-0.9298201819209401,1.4317410734018794,345826.22828299605,0.5616610544347354,-1.4236264434966297,1.4699596109958213,360304.40011073113
109.8,-0.9383714072398356,0.4763053011074518,-0.9554439590559846,1.4146767083472873,365149.26355862955,0.48947327230073323,-1.4635422231969388,1.4278446795405688,380792.1491698202
109.85,-0.96844425791856,0.42792109422060015,-0.9796895962886265,1.3963653521391601,383916.6820304688,0.4153420951118679,-1.501342770466571,1.383786353030428,400716.46478795353
109.9,-0.99231222522523,0.37836030888229827,-1.002497446339442,1.3706725341075283,402000.45196684095,0.339376153291302,-1.5369144158647834,1.331688378516532,419929.941634309
109.95,-1.01533407207207,0.3276962506971838,-1.0238114821977646,1.3430303227692537,419275.9804319935,0.2616895916272044,-1.5701503827242473,1.2770236636992744,438288.39544339565
110.0,-1.03835591891892,0.27600493136775917,-1.0435795188657058,1.314360850286679,435623.2848783912,0.18240170601925065,-1.6009515175977123,1.2207576249381706,455652.57985749654
110.05,-1.0613777657657757,0.22336487230908408,-1.0617533750997903,1.2847426380748597,450928.09181431844,0.10163654593879007,-1.6292269296837596,1.1630143117045657,471889.84682787023
110.1,-1.0810442081448,0.16985690156582353,-1.0782889813132672,1.2509011097106235,465082.85088864143,0.019522487308084244,-1.654894534678892,1.100566695452884,486875.71927290066
110.15,-1.09644013574661,0.11556394641674235,-1.0931464466584004,1.2120040821633524,477987.66153675487,-0.06380821948486365,-1.6778815065209076,1.0326319162617463,500495.3510977547
110.2,-1.11183606334842,0.060570823294753426,-1.1062901023622356,1.1724068866431734,489551.1162338583,-0.14821992203735362,-1.6981246461516983,0.9636161413110662,512644.85579872545
110.25,-1.12723199095022,0.004964025766291048,-1.117688538536074,1.132196016716511,499691.06766996195,-0.23357405498379474,-1.7155706784525682,0.8936579359664252,523232.4893806587
110.3,-1.142454729729732,-0.05116848945371561,-1.1273146476534166,1.0912862402760164,508335.3259255787,-0.3197296422951277,-1.7301764863797477,0.8227250874346044,532179.6753815768
110.35,-1.14919121621622,-0.10773751901667891,-1.1351456832889928,1.041453697199541,515422.2889158537,-0.4065438098508038,-1.7419092884849574,0.742647406365416,539421.861210697
110.4,-1.1559277027027,-0.16465283281931203,-1.1411633352387842,0.991274869883388,520901.5030773223,-0.4938723054959609,-1.750746760046531,0.6620553972067391,544909.1942779423
110.45,-1.16266418918919,-0.22182339793174582,-1.1453538151167655,0.9408407912574441,524734.1447210119,-0.5815700236324047,-1.7566770921546944,0.5810941655567853,548607.0055290796
110.5,-1.16940067567568,-0.2791576068168046,-1.147707939414588,0.8902430688588754,526893.4056781117,-0.6694915309835232,-1.75969897681642,0.49990914469215686,550496.0869348899
110.55,-1.1707983710407193,-0.3365635092542472,-1.1482211916515115,0.8342348617864721,527364.7619830468,-0.7574915894124203,-1.759821501281192,0.4133067816282989,550572.7495771713
110.6,-1.16833004524887,-0.39394904646445034,-1.1468937452507042,0.7743809987844197,526146.1051580749,-0.8454256708413249,-1.7570639351662434,0.32290437440754516,548848.6528465572
110.65,-1.16586171945701,-0.4512222850516287,-1.1437304312910477,0.7146394344053812,523247.7197844823,-0.933150458552059,-1.7514553968450817,0.23271126090495098,545350.4012689355
110.7,-1.16339339366516,-0.5082916477149705,-1.1387406400970217,0.6551017459501894,518692.0981634299,-1.0205243286034344,-1.7430343908889712,0.14286906506172548,540118.9133905221
110.75,-1.15951207207207,-0.565066137259683,-1.1319381513362572,0.594445934812387,512513.59138021735,-1.1074078048433,-1.7318482147697016,0.05210426722876993,533208.5758224005
110.8,-1.1482125225225168,-0.6214555503976188,-1.123340897423442,0.526756972124898,504757.90872964164,-1.1936639811506804,-1.717952244138661,-0.04545145862816358,524686.2067806332
110.85,-1.13691297297297,-0.6773706783132513,-1.1129706730227744,0.45954229465971863,495481.487603507,-1.279158905286847,-1.7014091152859234,-0.14224593231387717,514629.86268053844
110.9,-1.12561342342342,-0.7327234917299811,-1.100852809375738,0.392889931693439,484750.7631641819,-1.363761919818842,-1.682287830726834,-0.2381484963954219,503127.52807317284
110.95,-1.11431387387387,-0.7874273092746742,-1.0870158351543506,0.32688656459919585,472641.37035052414,-1.447345957039714,-1.66066281829364,-0.333032083165844,490275.7326334178
111.0,-1.09739343891403,-0.8413969489880259,-1.0714911450755795,0.2559964899260042,459237.30959015066,-1.5297877863253668,-1.636612974883367,-0.43239434741133675,476178.1385878373
111.05,-1.0782871040723847,-0.8945488638772189,-1.0543126956258075,0.18373824019516583,444630.1040631027,-1.6109682139377328,-1.6102207250691023,-0.5326811098653481,460944.13927858946
111.1,-1.05918076923077,-0.9468012632214708,-1.035516741073458,0.11237950600929913,428917.96841735806,-1.6907722366546944,-1.581571119067354,-0.6315914674239245,444687.50305208226
111.15,-1.04007443438914,-0.9980742218095922,-1.015141614709219,0.04200021257954778,412204.99916577607,-1.7690891516409954,-1.5507509861969349,-0.7290147172518555,427525.08821169176
111.2,-1.01897756756757,-1.0482897792943577,-0.9932275508368386,-0.029312211726787663,394600.3870965379,-1.845812625523763,-1.5178481498036944,-0.8268350579561929,409575.64548666636
111.25,-0.993236126126126,-1.0973720314697673,-0.9698165380841568,-0.10413590534364126,376217.6470166155,-1.9208407257499638,-1.4829507033986542,-0.9276045996238378,390958.71799298906
111.3,-0.9674946846846708,-1.1452472147150354,-0.9449521897823774,-0.17775253003036462,357173.85638980404,-1.9940759171609446,-1.4461463413312075,-1.0265812324762738,371793.64276366885
111.35,-0.941753243243238,-1.191843784025162,-0.9186796146013233,-0.25009054078192394,337588.8937136144,-2.065425026227733,-1.4075217328912384,-1.1236717829844953,352198.6539664275
111.4,-0.916011801801797,-1.2370924842486886,-0.8910452715328848,-0.3210806824468916,317584.670368445,-2.134799174830144,-1.3671619277841862,-1.2187873730283467,332290.08653912396
111.45,-0.885173628959272,-1.2809264134382181,-0.8620967987246174,-0.39575278447894613,297284.3561484934,-2.2021136848965472,-1.3251497846340377,-1.3169400559372753,312181.680305002
111.5,-0.853505755656107,-1.3232810769199823,-0.831882813209589,-0.46977532126387533,276811.6059654,-2.2672879549958744,-1.281565420438791,-1.4137821993397675,291983.9869981253
111.55,-0.821837882352924,-1.3640944306825304,-0.8004526854570806,-0.5422565483296065,256289.80066218082,-2.330245309987622,-1.2364856849151826,-1.508407427634698,271803.8842666966
111.6,-0.790170009049768,-1.40330691308415,-0.767856299622585,-0.613136904034382,235841.31874803558,-2.390912825224386,-1.1899836702404765,-1.600742816174618,251744.20185582136
111.65,-0.75635687387387,-1.4408614645280644,-0.7341438149918388,-0.6845045906541944,215586.8564363085,-2.4492211274306896,-1.1421282713044152,-1.6928642535568197,231903.46455338877
111.7,-0.719813405405402,-1.4767035356521965,-0.6993654486339673,-0.7568901302467945,195644.81229719616,-2.5051041752670353,-1.0929838164079417,-1.7852907698616334,212375.75518749678
111.75,-0.683269936936935,-1.5107810855923653,-0.6635712983546903,-0.8275111486554303,176130.7472000518,-2.5584990236077907,-1.042609787888188,-1.8752290866708556,193250.69685337818
111.8,-0.6467264684684466,-1.5430445727149615,-0.6268112205553094,-0.8963181042465149,157156.92248561466,-2.609345576428495,-0.991060648054469,-1.9626191079600483,174613.5481106034
111.85,-0.610182999999988,-1.5734469407860916,-0.5891347700334433,-0.9632639407861036,138831.91090494324,-2.6575863338140513,-0.9383857784428432,-2.047403333814063,156545.39896600548
111.9,-0.569304493212661,-1.6019436037027686,-0.550591202744635,-1.0326391104901076,121260.26901591351,-2.7031661388042356,-0.8846295342453145,-2.1338616455915744,139123.45117494793
111.95,-0.528425986425334,-1.6284924318211405,-0.5112295345580963,-1.1000664453958064,104542.2548017951,-2.746031929735831,-0.8298314073942412,-2.217605943310497,122421.36261296127
112.0,-0.487547479638006,-1.6530537423128393,-0.47109864112258226,-1.1655062626748334,88773.57186701742,-2.7861325031410216,-0.7740262830904256,-2.2985850235030156,106509.63322929417
112.05,-0.4466689728506549,-1.6755902951533412,-0.4302473794975124,-1.2289213223026865,74045.12302579058,-2.8234182913948436,-0.7172447691479316,-2.3767493185441886,91456.01046579015
112.1,-0.404147599099091,-1.6960672952871312,-0.3887247105568963,-1.2919196961880401,60442.760239017116,-2.8578411581544505,-0.6595135748082581,-2.4536935590553597,77325.89428557652
112.15,-0.360436563063059,-1.7144524005592419,-0.3465798046030096,-1.3540158374961828,48047.02438346412,-2.8893542135357975,-0.6008559181743436,-2.5289176504727386,64182.72611646818
112.2,-0.316725527027027,-1.7307157342149126,-0.30386211679269753,-1.4139902071878856,36932.874408695585,-2.917911650002797,-0.5412919448939456,-2.6011861229757702,52088.35015236804
112.25,-0.273014490990995,-1.7448299002672616,-0.2606214261096485,-1.4718154092762665,27169.41109897079,-2.943468599233576,-0.4808391475237622,-2.670454108242581,41103.33969624504
112.3,-0.2290738194569961,-1.7567699999009478,-0.2169078383081795,-1.5276961804439517,18819.604127810937,-2.965981009882143,-0.4195127817914801,-2.7369071904251467,31287.28428203129
112.35,-0.183722529864249,-1.7665136472970862,-0.17277176248573506,-1.582791117432837,11940.0327649709,-2.985405546171018,-0.3573262856906791,-2.801683016306769,22699.03545697721
112.4,-0.138371240271489,-1.7740409839464535,-0.12826387623937285,-1.6356697436749645,6580.648779179663,-3.0016995077672277,-0.2942917135309346,-2.8633282674957385,15396.908916084207
112.45,-0.0930199506787294,-1.7793346912754484,-0.08343509626107316,-1.686314740596719,2784.566115237818,-3.01482077203449,-0.23042019996142177,-2.9218008213557605,9438.838853379839
112.5,-0.0476686610859696,-1.7823800022991922,-0.038336570928746795,-1.7347113412132227,587.8770682299336,-3.0247277605787977,-0.16572246972462135,-2.977059099492828,4882.477683844985
112.55,-0.0026294405405149,-1.7831647137216335,0.006980292455843327,-1.7805352731811186,19.489793107641308,-3.031379432691308,-0.10020940579191455,-3.028749992150793,1785.231112741084
112.6,0.0422884198198283,-1.7816792004386073,0.05246375837658404,-1.8239676202584356,1100.978377198637,-3.0347353088423747,-0.033892683774127116,-3.077023728662203,204.21582460675194
112.65,0.0872062801801844,-1.7779164345465837,0.09806165304939049,-1.8651227147267682,3846.4351195116137,-3.0347555275537372,0.03321452820326118,-3.1219618077339217,196.1253126693746
112.7,0.132124140540541,-1.771872010705379,0.14372122229921147,-1.90399615124592,8262.315895671745,-3.0314009387341097,0.10109681290862828,-3.1635250792746508,1816.9894364946115
112.75,0.176491063348413,-1.7635441790901778,0.18938897334800045,-1.9400352424385907,14347.27329032385,-3.0246332359242003,0.16973570775109298,-3.2011242992726134,5121.815197469235
112.8,0.2194412895927812,-1.7529338862553359,0.23501051949306972,-1.972375175848117,22091.977708961003,-3.0144151288962218,0.2391088903400278,-3.233856418489003,10164.099811491456
112.85,0.262391515837112,-1.740044823277412,0.2805304478607649,-2.002436339114524,31478.932870784538,-3.0007105569338206,0.30918937013483605,-3.263102072770933,16995.21184077807
112.9,0.305341742081456,-1.7248834795323895,0.3258922286502653,-2.0302252216138457,42482.29787785472,-2.983484941858867,0.379944710380431,-3.2888266839403233,25663.64141263459
112.95,0.3482919683258,-1.7074591996982516,0.37103817861661353,-2.0557511680240514,55067.73199645361,-2.9627054787798817,0.4513363003723003,-3.310997447105682,36214.12551711206
113.0,0.387741180180184,-1.687784241089122,0.4159094843664544,-2.075525421269306,69192.279674388,-2.9383414616546717,0.5233186921633417,-3.326082641834856,48686.65841200896
113.05,0.426620459459481,-1.6658738283831986,0.4604462821630969,-2.0924942878426798,84804.3115031273,-2.910364640266268,0.5958390077795962,-3.336985099725749,63115.39967853754
113.1,0.465499738738746,-1.6417462031391579,0.5045877845788391,-2.107245941877904,101843.53293847239,-2.878749605062792,0.668836417089722,-3.344249343801538,79527.4938356296
113.15,0.504379018018022,-1.6154226661222502,0.5482724383967753,-2.1198016841402723,120241.0666822183,-2.8434741964442347,0.7422416806390811,-3.3478532144622566,97941.81555163159
113.2,0.541264208144797,-1.5869276113416746,0.5914380953493634,-2.1281918194864717,139919.60825219308,-2.8045199354675496,0.8159767487758895,-3.3457841436123466,118367.65414095487
113.25,0.575395656108595,-1.556288551607869,0.6340221776691863,-2.131684207716464,160793.64871055091,-2.7618724733677547,0.8899544085291865,-3.3372681294763495,140803.35097965054
113.3,0.6095271040724126,-1.523536136253068,0.675961824390175,-2.1330632403254803,182769.75521315754,-2.7155220576595314,0.9640779734300324,-3.325049161731944,165234.9046849704
113.35,0.643658552036202,-1.4887041621816375,0.71719401117513,-2.1323627142178396,205746.89986618902,-2.6654640126460465,1.0382410182718143,-3.3091225646822484,191634.56213726112
113.4,0.67779,-1.4518295796176732,0.7576556431409317,-2.1296195796176733,229616.82943331954,-2.611699231898022,1.112327167683374,-3.289489231898022,219959.41830515853
113.45,0.706587511312217,-1.412952493747865,0.7972836281191567,-2.119540005060082,254264.47346673827,-2.5542346796173767,1.1862099557517956,-3.2608221909295936,250150.0549554981
113.5,0.735385022624434,-1.3721161629148448,0.8360149438839051,-2.1075011855392787,279568.39455888356,-2.493083896753631,1.2597527805707764,-3.2284689193780647,282129.2565610316
113.55,0.7641825339366672,-1.3293669932357954,0.8737867171908654,-2.0935495271724625,305401.29085567576,-2.428267506430282,1.3328089824180598,-3.1924500403669493,315800.8504203136
113.6,0.792980045248876,-1.2847545285869952,0.910536332653416,-2.0777345738358712,331630.56523277296,-2.359813711752,1.4052220747610435,-3.152793757000876,351048.72522590787
113.65,0.818622441441446,-1.2383314340849185,0.9462015861834469,-2.0569538755263643,358118.97667842836,-2.287758777696644,1.476826153820479,-3.10638121913809,387736.08686367807
113.7,0.841980099099101,-1.1901534705623114,0.9807208926585479,-2.0321335696614122,384725.3877187916,-2.2121474876308476,1.5474465065558562,-3.0541275867299484,425705.0116714531
113.75,0.865337756756757,-1.140279457243276,1.0140335500614797,-2.005617214000033,411305.616260115,-2.1330335642198683,1.6169004279230763,-2.9983713209766254,464776.3544565026
113.8,0.8886954144144255,-1.0887712199084765,1.0460800539145658,-1.977466634322902,437713.3916791604,-2.0504800442168696,1.684998247383964,-2.9391754586312953,504750.06109991646
113.85,0.911328792792795,-1.0356935223717747,1.0768024474272915,-1.9470223151645696,463801.4043141619,-1.9645595969183725,1.7515445529399527,-2.8758883897111676,545405.9237215322
113.9,0.929513027027028,-0.981113979955236,1.1061446880896193,-1.910627006982264,489422.42839555244,-1.8753547768933725,1.8163395922670869,-2.8048678039204002,586504.802566572
113.95,0.947697261261262,-0.9251029546736889,1.134053008945815,-1.8728002159349508,514430.4908396227,-1.782958202786061,1.879180823553957,-2.730655464047323,627790.3231311874
114.0,0.965881495495496,-0.8677334329391585,1.1604762534144921,-1.8336149284346543,538682.0538955746,-1.6874726554905866,1.9398645845525107,-2.6533541509860825,668991.0411379706
114.05,0.9840657297297392,-0.8090808875555304,1.1853661663713022,-1.7931466172852697,562037.1793511191,-1.5890110905912862,1.9981878475481731,-2.5730768203210252,709823.0531714135
114.1,0.998532153846156,-0.7492231265031044,1.2086776303497404,-1.7477552803492604,584360.6456431454,-1.48769656155203,2.053950029751787,-2.4862287153981857,749993.0177275321
114.15,1.01140523076923,-0.6882401313605966,1.2303688440687728,-1.6996453621298266,605522.9969820513,-1.3836620515510236,2.106954833191708,-2.3950672823202535,789201.5411750932
114.2,1.02427830769231,-0.6262138881427536,1.2504014488743802,-1.6504921958350636,625401.5133388597,-1.2770502130241477,2.1570120935070456,-2.3013285207164578,827146.8749396707
114.25,1.03715138461538,-0.5632282128839401,1.2687406145889415,-1.60037959749932,643881.09884301,-1.1680130149011603,2.2039396206892237,-2.20516439951654,863528.8625144461
114.3,1.048469549549552,-0.4993685736386788,1.2853550996538332,-1.5478381231882308,660855.0928824462,-1.0567112983227163,2.247565016707994,-2.1051808478722682,898053.0674363743
114.35,1.05578936936937,-0.43472190977389646,1.3002173019155587,-1.4905112791432664,676226.0128802301,-0.9433142423494041,2.2877274556598706,-1.9991036117187742,930435.0064675529
114.4,1.06310918918919,-0.36937644864520436,1.313303314534546,-1.4324856378343944,689906.2383869699,-0.827998741932379,2.3242794100996873,-1.891107931121569,960404.4046601512
114.45,1.07042900900901,-0.3034215191463575,1.3245929959365157,-1.3738505281553675,701818.6419536297,-0.7109487013437117,2.357088302108614,-1.7813777103527217,987709.3802555148
114.5,1.07774882882883,-0.23694736136068204,1.3340700554857379,-1.314696190189512,711897.1651774879,-0.592354247501572,2.386038051326411,-1.670103076330402,1012120.4590893397
114.55,1.0806570135746607,-0.17004493164398202,1.3417221488481146,-1.2507019452186428,720087.3298838409,-0.4724108691662471,2.4110304858371303,-1.553067882740908,1033434.3117575162
114.6,1.08272488687783,-0.10280570295337256,1.3475409703421537,-1.1855305898312027,726346.6667002692,-0.3513184898281571,2.4319865769597295,-1.4340433767059872,1051477.1040910762
114.65,1.084792760181,-0.03532146097037005,1.3515223259730194,-1.12011422115137,730645.0390414081,-0.22928048409816226,2.4488474577754538,-1.3140732442791623,1066107.3549250318
114.7,1.08686063348416,0.032315902560228815,1.3536661686131413,-1.054544730923931,732964.8384191126,-0.10650264940439869,2.461575185995437,-1.1933632828885585,1077218.2037881727
114.75,1.08698149321267,0.10001459692562861,1.353976577620611,-0.9869668962870414,733301.0290980889,0.016807853317132512,2.4701532162556212,-1.0701736398955375,1084739.0065383094
114.8,1.0844136199094994,0.16768313685655983,1.3524616704391665,-0.9167304830529395,731661.0280028404,0.14044357472929603,2.474586556555975,-0.9439700451802033,1088636.2001577881
114.85,1.08184574660633,0.23523054070842161,1.3491334418781813,-0.8466152058979084,728064.4175976273,0.26419785184348754,2.4749015968135475,-0.8176478947628425,1088913.4069173774
114.9,1.07927787330317,0.302566518853433,1.3440075342773212,-0.776711354449737,722542.5008776819,0.38786586600010586,2.4711456107142946,-0.6914120073030642,1085610.77855156
114.95,1.07671,0.36960164906276555,1.3371029495480247,-0.7071083509372345,715137.719076011,0.5112456680552349,2.4633859459192258,-0.5654643319447652,1078803.6121870861
115.0,1.07027756756757,0.43624753640213537,1.3284417208750219,-0.6340300311654345,705902.9623045558,0.6341391558528906,2.4517089307221402,-0.4361384117146794,1068600.2988413689
115.05,1.063845135135128,0.5024169561488733,1.3180485657116003,-0.5614281789862546,694900.8086297627,0.7563529907155695,2.4362185351750876,-0.3074921444195584,1055139.6890898931
115.1,1.0574127027027,0.5680239793680228,1.3059505426498854,-0.4893887233346772,682202.7279390121,0.8776994417767405,2.4170348312248273,-0.17971326092595952,1038587.9778407164
115.15,1.05098027027027,0.6329840818432222,1.2921767315134531,-0.4179961884270478,667888.2821859163,0.9979971492579442,2.3942922979145136,-0.05298312101232572,1019135.2191738244
115.2,1.04269823529412,0.6972142378853796,1.276757949877556,-0.3454839974087405,652044.345030216,1.117071800051919,2.36813801520841,0.074373564757799,996991.5838355961
115.25,1.03296294117647,0.7606330010219505,1.2597265122974595,-0.2723299401545195,634764.3543140485,1.2347567110352924,2.3387297854438516,0.20179376985882236,972383.4683239545
115.3,1.0232276470588173,0.8231605737094633,1.2411160311242841,-0.20006707334935403,616147.6010854781,1.3508933173424507,2.30623421507735,0.32766567028363336,945549.5564077229
115.35,1.01349235294117,0.8847188679463441,1.220961249557168,-0.12877348499482577,596298.5491680804,1.4653315642551707,2.2708247809185944,0.45183921131400084,916736.9218904857
115.4,1.0032574009009,0.9452315580464863,1.199297892495279,-0.05802584285441381,575326.1739774472,1.5779302023922024,2.2326798985457645,0.5746728014913023,886197.2496658356
115.45,0.989953121621621,1.0046241260692081,1.176162519372188,0.014671004447587177,553343.3087903732,1.688556986669851,2.191981006892483,0.6986038650482301,854183.2417026462
115.5,0.976648842342342,1.0628238996292196,1.1515923644206099,0.08617505728687769,530465.9895167402,1.797088780150899,2.148910681294596,0.8204399378085571,820945.2650990232
115.55,0.9633445630630552,1.119760081171908,1.1256251537265454,0.1564155181088528,506812.79468076356,1.9034115645203848,2.103650787854029,0.9400670014573297,786728.2910646894
115.6,0.95004028378378,1.175363767416535,1.0982988948836903,0.2253234836327549,482504.1850010941,2.007420359632343,2.0563806949630763,1.0573800758485632,751769.1666874355
115.65,0.933024090497734,1.2295679576550131,1.069651642766,0.2965438671572791,457661.8547488011,2.1090190554733437,2.0072755621690823,1.1759949649756096,716294.2546633255
115.7,0.914417076923075,1.28230754995889,1.0397212525281823,0.3678904730358151,432408.1131835088,2.2081201610069705,1.95650473100436,1.2937030840838957,680517.4688786565
115.75,0.895810063348415,1.3335193250689743,1.0085451371010898,0.43770926172055935,406865.3174281025,2.3046444756883844,1.904230245709713,1.4088344123399694,644638.7250978977
115.8,0.8772030497737452,1.3831419186832987,0.9761600488213664,0.5059388689095535,381155.37636597303,2.3985206908468135,1.8506055315632348,1.5213176410730682,608842.8148359898
115.85,0.8567225045045,1.4311157838317188,0.94260190423941,0.5743932793272187,355399.33995030477,2.4896849294492096,1.7957742555224487,1.6329624249447097,573298.6980972808
115.9,0.831424306306304,1.4773831459246831,0.9079056686509911,0.6459588396183791,329717.08126744133,2.5780802338832967,1.7398693891073627,1.7466559275769926,538159.1984271694
115.95,0.806126108108108,1.5218879537574066,0.8721053107542206,0.7157618456492986,304227.06921828625,2.66365601220533,1.6830124850798802,1.857529904097222,503561.0710995119
116.0,0.780827909909912,1.5645758300652535,0.835233829798531,0.7837479201553414,279046.22017596854,2.7463674536136837,1.6253131691758913,1.9655395437037717,469625.404070503
116.05,0.7555297117117001,1.605394025132133,0.7973233486179931,0.8498643134204329,254289.80890056395,2.8261749237026375,1.566868836877396,2.0706452119909375,436458.302573782
116.1,0.724212027149319,1.644291376430048,0.7584052595285697,0.920079349280729,230071.4150722389,2.9030433492989918,1.5077645365008114,2.178831322149673,404151.8040052457
116.15,0.691747773755654,1.6812182765160317,0.7185104052487301,0.9894705027603777,206502.88098027775,2.9769416015928303,1.4480730129197894,2.285193827837176,372784.9690216172
116.2,0.659283520361989,1.716126650429796,0.6776692750686699,1.056843130067807,183694.25854883864,3.047841884849511,1.3878548823905348,2.388558364487522,342425.0977022658
116.25,0.626819266968324,1.748969942895804,0.6359121978382551,1.1221506759274802,161753.72934379207,3.1157191365234422,1.327158908810061,2.488899869555118,313129.02564158436
116.3,0.5918602027026811,1.779703114766376,0.5932695167934382,1.1878429120636949,140787.48782252785,3.180550443138145,1.2660223542029512,2.588690240435464,284944.4624607258
116.35,0.553455923423416,1.808282647593853,0.5497717396013873,1.254826724170437,120899.58626573422,3.242314475126173,1.2044713842662964,2.688858551702757,257911.3449806877
116.4,0.515051644144141,1.834666555088462,0.5054496642723864,1.319614910944321,102191.74524522723,3.3009909430703304,1.1425215174504986,2.7859392989261895,232063.18539331376
116.45,0.476647364864865,1.858814400418875,0.4603344890781383,1.3821670355540099,84763.13673393225,3.356560077401902,1.0801781145436442,2.8799127125370374,207428.40162472214
116.5,0.438243085585589,1.8806873188708004,0.4144579188367884,1.4424442332852114,68710.14659460876,3.4090021336485083,1.0174369115043853,2.970759048062919,184031.62113628132
116.55,0.3952185972850477,1.9002480460629128,0.3678522845062183,1.505029448777865,54126.12128657751,3.458296925573147,0.9542846047535478,3.063078328288099,161894.95233237956
116.6,0.352099819004518,1.9174609528501083,0.3205506929483527,1.5653611338455904,41101.09869986764,3.504423389143827,0.8906995002172365,3.152323570139309,141039.21772217512
116.65,0.308981040723975,1.9322920887289545,0.27258721938696895,1.6233110480049795,29721.516869247815,3.547359180731396,0.8266522351210226,3.2383781400074207,121485.14094765909
116.7,0.265862262443432,1.9447092361000664,0.22399714919113456,1.6788469736566345,20069.88913830216,3.5870803133450915,0.7621065775237248,3.3212180509016593,103254.47742309781
116.75,0.221039428828824,1.9546819778186628,0.17481726690163962,1.7336425489898388,12224.430722783642,3.623560834747809,0.6970203013155833,3.4025214059189848,86371.07563485629
116.8,0.1748776945945678,1.9621817802249384,0.12508618445504943,1.7873040856303706,6258.62141660906,3.656772551071754,0.6313461294939283,3.4818948564771866,70861.85515146029
116.85,0.128715960360352,1.9671820932435076,0.07484469234225669,1.8384661328831555,2240.6911887228225,3.6866847990128595,0.5650327309221618,3.5579688386525077,56757.68658015219
116.9,0.0825542261261218,1.9696584681858036,0.024136113289820627,1.8871042420596817,233.02078589562234,3.7132642688065434,0.4980257518215221,3.6307100426804215,44094.15990709197
116.95,0.0361350067873302,1.9695886928187,-0.026993365188945607,1.9334536860313698,291.4567056895122,3.7364748791995335,0.43026885995291025,3.7003398724122034,32912.22966136482
117.0,-0.0121724366515802,1.9669529420870246,-0.07849439922832063,1.979125378738605,2464.548284085993,3.756277704531577,0.36170478301243864,3.7684501411831572,23258.72889850228
117.05,-0.0604798800905182,1.9617339420861686,-0.13031425294525212,2.022213822176687,6792.72180827166,3.7726309533158418,0.2922763276220337,3.83311083340636,15186.74696679509
117.1,-0.108787323529415,1.9539171441937722,-0.18239662799938527,2.0627044677231874,13307.411962218455,3.7854899970827756,0.22192737084524783,3.894277320612191,8755.86807649496
117.15,-0.157094766968325,1.9434909060666306,-0.23468155952502898,2.1005856730349555,22030.17375243989,3.794807448116783,0.15060382456123242,3.951902215085108,4032.268795105862
117.2,-0.205740378378376,1.930446676285474,-0.2871053721635579,2.13618705466385,32971.79789007004,3.800533284874078,0.07825458081544027,4.006273663252454,1088.6718966400485
117.25,-0.254530918918915,1.9147791799812184,-0.33960068242413277,2.1693100989001333,46131.44940117467,3.8026150245271357,0.004832454335503708,4.05714594344605,4.15157598306286
117.3,-0.3033214594594818,1.8964866035012367,-0.39209643217162654,2.1998080629607184,61495.84484868758,3.8009979429408274,-0.06970485963946486,4.104319402400309,863.7808813079997
117.35,-0.352112000000007,1.8755707769502228,-0.4445179377121488,2.2276827769502296,79038.47877914473,3.7956253433180214,-0.1453937934122566,4.1477373433180285,3758.1075844988363
117.4,-0.400723352941181,1.8520373541394788,-0.49678694321978556,2.2527607070806597,98718.90678146337,3.7864388756162874,-0.22226386628120554,4.187162228557469,8782.440222981264
117.45,-0.448824710407241,1.8258959899100993,-0.5488216711916921,2.2747207003173404,120482.09070785674,3.773378909417137,-0.30033658547607944,4.222203619824378,16035.922591187622
117.5,-0.496926067873301,1.7971605150277021,-0.6005368705290476,2.294086582901003,144257.8131459288,3.7563849632641637,-0.37962428778865076,4.253311031137465,25620.37331182939
117.55,-0.5450274253393876,1.7658491085496142,-0.6518438710871302,2.310876533889002,169960.17290954207,3.7353961932113053,-0.46012893138659083,4.280423618550693,37638.86817759396
117.6,-0.593128782805434,1.7319844670082798,-0.7026506599091816,2.3251132498137137,197487.17994832338,3.710351942668756,-0.5418408563496494,4.3034807254741905,52194.046863950476
117.65,-0.639079621621624,1.6955939688420523,-0.7528619977068558,2.334673590463676,226720.4750364631,3.6811923544742835,-0.6247375391356621,4.320271976095907,69386.13205427253
117.7,-0.684620837837839,1.6567098316197728,-0.8023795939491946,2.3413306694576117,257525.20511442976,3.6478590448105637,-0.7087823696340544,4.332479882648403,89310.65733405606
117.75,-0.730162054054054,1.615369258667187,-0.8511023580242122,2.345531312721241,289750.0895337497,3.6102958370390845,-0.7939234824643039,4.340457891093139,112055.91040146629
117.8,-0.7757032702702935,1.57161457098661,-0.8989267375819138,2.3473178412569036,323227.7118158652,3.568449551997869,-0.8800926716725115,4.344152822268162,137700.10857451716
117.85,-0.819800579185529,1.5254933199834997,-0.9457471478637246,2.345293899169029,357775.0670769479,3.522270849939022,-0.9672044142702325,4.342071429124551,166308.33404156863
117.9,-0.861732027149327,1.4770583765538257,-0.9914564859710857,2.3387904037031526,393194.38542965346,3.4717151181591177,-1.0551550213705634,4.333447145308445,197929.26562195807
117.95,-0.903663475113124,1.4263679926030333,-1.035946717006703,2.3300314677161573,429274.2401907863,3.416743397585282,-1.14382193124348,4.320406872698406,232591.7529588559
118.0,-0.945594923076922,1.3734858318486227,-1.079109512535396,2.3190807549255448,465790.936017752,3.357323340938092,-1.2330631541660322,4.302918264015014,270301.28749544604
118.05,-0.9875263710407424,1.3184809678794727,-1.1208369184246756,2.306007338920215,502510.15908148914,3.2934301947050044,-1.3227168769421793,4.280956565745747,311036.43316403066
118.1,-1.0237056981982,1.261427848568793,-1.161022028687467,2.285133546766993,539188.8604390246,3.2250477967171105,-1.4126012353942625,4.24875349491531,354745.2889310928
118.15,-1.05976763513514,1.2024062271046867,-1.1995596442330925,2.262173862239827,575577.3360290494,3.1521695806961607,-1.5025142656815287,4.2119372158313,401342.0655247117
118.2,-1.09582957207208,1.1415010607600935,-1.236346902776136,2.2373306328321734,611421.4656016578,3.0747995784019824,-1.5922340524514087,4.1706291504740625,450703.8716063707
118.25,-1.13189150900901,1.0788023790547834,-1.2712838726357538,2.210693888063793,646465.0739295038,2.9929534089692527,-1.6815190975842915,4.124844917978263,502667.81787390047
118.3,-1.163657420814498,1.0144051231483884,-1.3042741102012736,2.1780625439628865,680452.3818165296,2.9066592436886256,-1.7701089389739653,4.070316664503124,557028.5610374288
118.35,-1.19176375565611,0.9484089581585975,-1.3352251867501916,2.1401727138147075,713130.5197328336,2.815958732908782,-1.8577250525612912,4.007722488564892,613536.421495796
118.4,-1.21987009049774,0.8809180596850616,-1.3640491956235532,2.100788150182802,744252.083232505,2.720907880018674,-1.9440720730721432,3.9407779705164137,671896.217830937
118.45,-1.24797642533937,0.8120408752115292,-1.3906632514114046,2.060017300550899,773577.7115304557,2.621577845738874,-2.028839365346635,3.869554271078244,731766.9636231354
118.5,-1.27485914027149,0.7418898605650123,-1.414989989659407,2.0167490008365023,800878.6683345314,2.518055664579725,-2.111702969393251,3.7929148048512147,792762.5655012043
118.55,-1.292768642533945,0.6705811912745869,-1.4369580712565204,1.963349833808532,825939.3994197036,2.4104448544274306,-2.1923279308716106,3.703213496961376,854453.6455964084
118.6,-1.31067814479638,0.5982344486379448,-1.4565026886243886,1.9089125934343247,848560.0327880289,2.298865900015935,-2.270371013087486,3.609544044812315,916370.5843676263
118.65,-1.32858764705882,0.5249722806198274,-1.4735660641928674,1.8535599276786474,868558.7782163431,2.183456591654125,-2.3454837699877724,3.512044238712945,978007.8427157428
118.7,-1.34649714932127,0.45092003835598254,-1.4880979241850365,1.7974171876772527,885774.1727855258,2.064372202049871,-2.4173159411183995,3.410869351371141,1038829.574966246
118.75,-1.35676054054054,0.3762053900478478,-1.5000559254314854,1.7329659305883878,900067.111768844,1.9417854864802344,-2.4855191123990354,3.2985460270207745,1098276.490329047
118.8,-1.363747027027032,0.3009579151755807,-1.5094060120500863,1.6647049422026128,911322.6036851781,1.8158864946922812,-2.549750573738135,3.179633521719313,1155773.8645827465
118.85,-1.37073351351351,0.22530868307498664,-1.5161226812533604,1.5960421965884966,919451.1938443513,1.686882186617499,-2.6096772954751413,3.057615700131009,1210740.5487143907
118.9,-1.37772,0.14938982084720775,-1.5201891418879572,1.5271098208472078,924390.0108456174,1.5549958480338344,-2.66497993966038,2.9327158480338342,1262598.7695630654
118.95,-1.38187342342342,0.07333407625669242,-1.5215973553722855,1.4552074996801125,926103.4047503733,1.4204663065991479,-2.7153568196428597,2.8023397300225676,1310784.472529953
119.0,-1.37796351351351,-0.002725618460925422,-1.5203479595648235,1.3752378950525845,924583.1672611688,1.2835469529238586,-2.7605277260102303,2.6615104664373685,1354757.9246348825
119.05,-1.3740536036035988,-0.07865657624783,-1.516450085121158,1.295397027355769,919848.3442655869,1.1445045752863858,-2.8002375424351893,2.5185581788899847,1394014.2745001724
119.1,-1.37014369369369,-0.15432677333310085,-1.5099210810435568,1.215816920360589,911944.6683918973,1.0036180202859544,-2.834259581544022,2.3737617139796443,1428093.755657617
119.15,-1.36623378378378,-0.22960525178850633,-1.500786170299192,1.1366285319952736,900943.6515845263,0.8611766950238997,-2.862398577568837,2.2274104788076796,1456591.2207765514
119.2,-1.35319475113122,-0.3043625035930986,-1.489078058836701,1.0488322475381213,886941.3861235509,0.7174789294124455,-2.8844932803724546,2.070673680543665,1479164.7083580166
119.25,-1.33815176470588,-0.37847083446827545,-1.474836520398726,0.9596809302376046,870057.1047607285,0.572830219754564,-2.9004186026401895,1.910981984460444,1495542.7680962256
119.3,-1.3231087782805355,-0.4518047067242643,-1.4581079749487877,0.8713040715562712,850431.5466437018,0.42754137703736683,-2.91008727788859,1.7506501553179024,1505530.3048762707
119.35,-1.3080657918552,-0.5242410611188689,-1.4389450714656522,0.7838247307363312,828225.1674781163,0.2819266053278483,-2.913450992235338,1.5899923971830483,1509012.743850147
119.4,-1.28862378378378,-0.5956596180089827,-1.4174062766330264,0.6929641657747972,803616.2212154798,0.13630153743290974,-2.9105009573407896,1.4249253212166897,1505958.3684767382
119.45,-1.26258324324324,-0.6659431580289703,-1.3935554665648793,0.5966400852142697,776798.7353571433,-0.009018743624420456,-2.9012679021554684,1.2535644996188195,1496418.7449026832
119.5,-1.2365427027027,-0.73497778227561,-1.3674615134278474,0.5015649204270901,747980.3962825516,-0.1537216679069425,-2.8858214708961154,1.0828210347957576,1480527.2110017813
119.55,-1.2105021621621526,-0.80265315146499,-1.339197856186589,0.4078490106971626,717380.3592059022,-0.2974990968767329,-2.8642690269938735,0.9130030652854196,1458495.477154921
119.6,-1.18446162162162,-0.8688627029867488,-1.3088420434391297,0.3155989186348711,685226.9978695667,-0.4400491673036966,-2.836753875945085,0.7444124543179234,1430608.4538114602
119.65,-1.14828443438914,-0.9335038442390452,-1.276475242220054,0.21478059015009487,651755.6176002983,-0.5810780323995959,-2.8034529393493592,0.5672064019895442,1397217.4903371667
119.7,-1.11168488687783,-0.9964781205676404,-1.24218171321466,0.11520676631018956,617206.163457963,-0.7203014739805449,-2.7645739312250734,0.39138341289728507,1358732.2704372013
119.75,-1.07508533936651,-1.0576913562391055,-1.2060482594208706,0.01739398312740459,581820.9616208447,-0.8574463623690918,-2.720352104738402,0.2176389769974183,1315611.657556383
119.8,-1.0384857918551782,-1.1170537674781307,-1.1681636621311546,-0.07856797562295248,545842.5366094682,-0.9922519446236944,-2.671046652825644,0.04623384723148383,1268353.8171681913
119.85,-0.997032108597272,-1.1744800473408672,-1.1286181221679674,-0.1774479387435952,509511.5462743796,-1.1244709460689986,-2.6169368563736475,-0.12743883747172657,1217485.9573772068
119.9,-0.95144342081447,-1.2298894232795867,-1.0875027303561255,-0.27844600246511675,473064.8754128112,-1.2538704750732488,-2.5583180833807493,-0.3024270542587788,1163554.0294671913
119.95,-0.905854733031667,-1.2832056894467256,-1.04490898996985,-0.37735095641505867,436733.9189279249,-1.3802327262232428,-2.49549774240842,-0.4743779931915758,1107112.7079760926
120.0,-0.860266045248865,-1.3343572168271276,-1.0009284102648954,-0.47409117157826264,400743.07299016434,-1.5033554820899209,-2.4287912885129375,-0.6430894368410559,1048715.9330055707
120.05,-0.8139328918918622,-1.383276945068405,-0.9556521813007881,-0.5693440531765428,365308.4366499817,-1.6230524184235575,-2.3585183669679144,-0.8091195265316953,988908.2466355552
120.1,-0.762140324324314,-1.4299023601862286,-0.9091709353744796,-0.6677620358619146,330636.7158918825,-1.7391532215314376,-2.2849991689455984,-0.9770128972071236,928217.102592369
120.15,-0.710347756756752,-1.474175462482582,-0.8615745917778577,-0.76382770572583,296924.3108788728,-1.8515035300020084,-2.2085510567449202,-1.1411557732452564,867146.2702665074
120.2,-0.658555189189189,-1.5160427285106226,-0.8129522720138861,-0.8574875393214336,264356.5586290158,-1.959964715245984,-2.12948549706066,-1.301409526056795,806170.3968340777
120.25,-0.606762621621627,-1.5554550702015988,-0.7633922669285442,-0.9486924485799718,233107.10128252069,-2.0644135169189664,-2.0481053247826986,-1.4576508952973395,745730.7415827989
120.3,-0.5523556153845912,-1.5923677931789046,-0.7129820341690025,-1.0400121777943134,203337.35241910745,-2.1647415499829545,-1.964702346019436,-1.6123859345983633,686232.0548363157
120.35,-0.496718285067865,-1.6267405553185894,-0.6618082075159369,-1.1300222702507243,175196.04141418298,-2.2608547004491246,-1.8795552817275019,-1.7641364153812598,628040.5434790665
120.4,-0.441080954751124,-1.6585373257187885,-0.6099566016530146,-1.2174563709676645,148818.8223600377,-2.352672426690702,-1.792928045547148,-1.911591471939578,571482.8402683584
120.45,-0.385443624434382,-1.6877263435685321,-0.5575122024058976,-1.3022827191341502,124327.94233258981,-2.440126982820623,-1.705068347156747,-2.054683358386241,516845.87884014944
120.5,-0.329461345945941,-1.7142800760703638,-0.5045591382625345,-1.3848187301244228,101831.96960169256,-2.523162580165055,-1.6162066107990791,-2.193701234219114,464377.56600722595
120.55,-0.2724972918918598,-1.7381751745648792,-0.4511806393078236,-1.4656778826730195,81425.58771448657,-2.6017345023927922,-1.5265552029400096,-2.3292372105009322,414288.14002190466
120.6,-0.215533237837827,-1.759392428544751,-0.3974589953002601,-1.5438591907069241,63189.461178036865,-2.675808189674427,-1.4363079641704428,-2.4602749518366,366752.10096701194
120.65,-0.158569183783778,-1.7779167178213655,-0.3434755266991211,-1.6193475340375876,47190.174976495466,-2.745358306904596,-1.3456400393329453,-2.586789123120818,321910.5983032836
120.7,-0.10160512972973,-1.7937369638791647,-0.289310582643201,-1.6921318341494347,33480.24529173937,-2.8103678107468504,-1.2547079980441647,-2.7087626810171206,279874.1618410659
120.75,-0.0450339185520406,-1.806846082039289,-0.23504357755906935,-1.7618121634872486,22098.193340706497,-2.8708270297233915,-1.1636502343012336,-2.825793111171351,240725.66538476726
120.8,0.011451058823553,-1.8172409366047209,-0.18075307401982343,-1.8286919954282739,13068.669507046307,-2.9267327709604842,-1.0725876293977128,-2.938183829784037,204523.4173754676
120.85,0.0679360361990985,-1.824922301284651,-0.12651691024963305,-1.8928583374837495,6402.611431645481,-2.9780874661540953,-0.9816244531151903,-3.0460235023531936,171304.27856954603
120.9,0.12442101357466,-1.8298948269436075,-0.0724123635073078,-1.9543158405182675,2097.4201554857927,-3.024898367901223,-0.8908494712099458,-3.149319381475883,141086.7165075627
120.95,0.179680828828825,-1.8321670180896634,-0.018516333010542577,-2.0118478469184886,137.1418352629235,-3.0671768057587,-0.800337219986213,-3.246857634587525,113873.71834582399
121.0,0.233102900900896,-1.8317512185884224,0.03509447704420787,-2.0648541194893184,492.64892760257334,-3.1049375093303073,-0.7101494060710738,-3.338040410231203,89655.49847877314
121.05,0.2865249729729962,-1.8286636060907073,0.08834339583906718,-2.1151885790637035,3121.822235351245,-3.1381980035763837,-0.620336388062706,-3.42472297654938,68411.95277416607
121.1,0.339947045045052,-1.8229241935629568,0.14115366627628453,-2.162871238608009,7969.7430012946825,-3.1669780793649096,-0.5309386982784162,-3.5069251244099617,50114.826903036286
121.15,0.393369117117122,-1.8145568354138193,0.1934483830867353,-2.207925952530941,14968.910767548916,-3.1912993403515935,-0.4419885685917158,-3.5846684574687155,34729.58129168958
121.2,0.441868135746607,-1.8035892350731233,0.2451504970030228,-2.2454573708197305,24039.506472331635,-3.2111848256564213,-0.353511433029506,-3.653052961403028,22216.948139124426
121.25,0.490162027149319,-1.7900529507078067,0.2961828845562196,-2.280214977857126,35089.72044161716,-3.226658706718166,-0.26552739007682064,-3.716820733867485,12534.185756623656
121.3,0.5384559185520578,-1.773983395940916,0.3464684763911197,-2.312439314492974,48016.162053113556,-3.2377460560586537,-0.17805261606890682,-3.7762019746107116,5636.041615818939
121.35,0.586749809954755,-1.7554198329754127,0.39593042991614863,-2.342169642930168,62704.36213343451,-3.244472685485722,-0.09110073005975977,-3.831222495440477,1475.438758652661
121.4,0.630757891891893,-1.734405356349893,0.44449232842891484,-2.365163248241786,79029.37201286331,-3.246865051449049,-0.004684116205231251,-3.877622943340942,3.9006123776195576
121.45,0.671115099099099,-1.7109868664660335,0.49207838802266424,-2.3821019655651323,96856.45598359348,-3.2449502256310234,0.08118478765162285,-3.9160653247301225,1171.7279548513945
121.5,0.711472306306305,-1.6852150329180713,0.538613656654965,-2.396687339224376,116041.86845409298,-3.238755929284346,0.166492228075183,-3.950228235590651,4927.939912789111
121.55,0.7518295135135342,-1.6571442482841932,0.5840241953207406,-2.4089737617977276,136433.70428801543,-3.2283106300597826,0.25122189825794927,-3.980140143573317,11219.989718102652
121.6,0.791210841628965,-1.626832573407181,0.6282372373088991,-2.418043415036146,157872.81053660723,-3.2136437000733142,0.33535372740274094,-4.004854541702279,19993.266219184334
121.65,0.821809257918556,-1.5943416751877089,0.6711813298601971,-2.4161509331062647,180193.75102116106,-3.1947856336037246,0.41886270880108556,-4.01659489152228,31190.394457632534
121.7,0.852407674208146,-1.559736757523026,0.7127864686672799,-2.412144431731172,203225.8199660685,-3.1717683220438135,0.5017177849993458,-4.02417599625196,44750.35302838219
121.75,0.883006090497737,-1.5230864853891912,0.7529842406538577,-2.4060925758869285,226794.1066692267,-3.1446253826692754,0.5838808145806665,-4.027631473167013,60607.43211295692
121.8,0.9136045067873424,-1.4844629012322785,0.7917079909506882,-2.398067408019621,250720.61717406998,-3.113392536467325,0.665305646973046,-4.026997043254667,78690.06291452858
121.85,0.936440666666669,-1.4439413321179304,0.8288930278969305,-2.3803819987845993,274825.4606784567,-3.0781080289922986,0.7459373309511338,-4.014548695658967,98919.55585893357
121.9,0.955624000000002,-1.4016002854575909,0.8644768757432092,-2.357224285457593,298928.107477896,-3.038813086962066,0.8257114795098661,-3.9944370869620682,121208.79064788837
121.95,0.974807333333335,-1.357521330837989,0.8983995778996583,-2.332328664171324,322848.7206281137,-2.9955524023474416,0.9045538076614308,-3.9703597356807765,145460.9050586298
122.0,0.993990666666667,-1.3117889655088784,0.930604045531565,-2.3057796321755455,346409.555823886,-2.9483746350432796,0.9823798518229443,-3.9423653017099465,171568.03080314133
122.05,1.0103922624434425,-1.2644904616017978,0.9610364366615082,-2.2748827240452405,369436.4130364196,-2.89733292504527,1.0590948692664892,-3.9077251874887127,199410.12304117365
122.1,1.01798502262444,-1.2157156940191398,0.9896465472624622,-2.23370071664358,391760.1154034051,-2.842485405285173,1.1345939112233785,-3.860470427909613,228853.927712918
122.15,1.02557778280543,-1.1655569489135724,1.0163881924092097,-2.1911347317190026,413217.9830675443,-2.7838957066932104,1.2087620581088658,-3.8094734894986404,259752.12677752555
122.2,1.03317054298643,-1.1141087138300505,1.0412195556697437,-2.1472792568164802,433655.2652436394,-2.7216334477419264,1.2814748032562764,-3.754803990728356,291942.69713434885
122.25,1.04076330316742,-1.0614674515777036,1.0641034871089483,-2.1022307547451238,452926.4925109695,-2.6557747013701625,1.352598571317071,-3.696538004537582,325248.5146895967
122.3,1.0398436036035992,-1.0077313607934106,1.085007736756273,-2.04757496439701,470896.71552838787,-2.5864024328562794,1.4219913613500905,-3.6262460364598788,359477.2323118727
122.35,1.03705531531531,-0.9530001265378362,1.103905119378659,-1.990055441853146,487442.60503616463,-2.5136069024932697,1.4895035111021766,-3.5506622178085796,394421.45948190434
122.4,1.03426702702703,-0.8973746643197731,1.1207736142347875,-1.931641691346803,502453.3977459633,-2.4374860270025898,1.5549785843437838,-3.4717530540296195,429859.2707142752
122.45,1.03147873873874,-0.8409568605368332,1.1355964104779028,-1.8724355992755732,515831.6829961191,-2.358145693365242,1.6182543877688775,-3.3896244321039823,465555.0690725733
122.5,1.02546356561086,-0.783849311730234,1.1483619117388597,-1.8093128773410938,527494.0321330115,-2.2757000184254794,1.679164124451094,-3.301163584036339,501260.82788330823
122.55,1.014183475113117,-0.7261550642610761,1.1590637179793584,-1.740338539374193,537371.4809344534,-2.1902715472196945,1.737537692975443,-3.2044550223328114,536717.730579631
122.6,1.00290338461538,-0.6679773550988394,1.1677006012170061,-1.6708807397142196,545409.8776330231,-2.1019913825775265,1.7932031373347956,-3.1048947671929064,571658.2207550852
122.65,0.991623294117645,-0.609419353726449,1.1742764868210191,-1.601042647844094,551570.107000286,-2.010999238501488,1.8459882449251168,-3.002622532619133,605808.4622936379
122.7,0.980343203619908,-0.5505839047321669,1.1788004442827034,-1.530927108352075,555828.1949764395,-1.9174434101927795,1.895722279034409,-2.8977866138126878,638891.1927515402
122.75,0.962767891891892,-0.49157327067669726,1.1812866850787287,-1.4543411625685894,558175.2929377166,-1.8214806545705027,1.9422378224649754,-2.7842485464623947,670628.9349357315
122.8,0.9449302792792708,-0.4324888750415164,1.1817545591663732,-1.3774191543207872,558617.5352442036,-1.7232759764861008,1.985372699322069,-2.6682062557653716,700747.5120379376
122.85,0.927092666666665,-0.37343104568696117,1.1802285358599736,-1.3005237123536262,557175.7587432708,-1.6230023177715756,2.0249719326837896,-2.550094984438241,728979.7916723773
122.9,0.909255054054054,-0.31449875999732213,1.1767381522874705,-1.2237538140513762,553885.071619572,-1.5208401484917378,2.0608896901436404,-2.430095202545792,755069.5671005066
122.95,0.888827941176472,-0.25578939379124577,1.1713179118180965,-1.1446173349677178,548794.2602183624,-1.4169769623006738,2.0929911657892784,-2.3058049034771457,778775.4702350155
123.0,0.866010520361992,-0.19739847682230516,1.1640071208054124,-1.0634089971842973,541965.0309142823,-1.3116066802875608,2.12115435143448,-2.1776172006495527,799874.8057972318
123.05,0.8431930995474995,-0.1394194581017414,1.154849658623618,-0.9826125576492409,533471.0936092349,-1.2049289698985852,2.145271656035417,-2.0481220694460847,818167.1961224781
123.1,0.820375678733027,-0.08194348436324317,1.1438936829968158,-0.9023191630962701,523397.1032000079,-1.0971484873987019,2.1652513399899758,-1.9175241661317288,833477.9316139352
123.15,0.797269842342338,-0.025059194703582997,1.1311912795328034,-0.822329037045921,511837.48435642436,-0.9884740537696908,2.1810187399953556,-1.7857438961120287,845660.932304165
123.2,0.771568265765763,0.031147466191332518,1.1167980724206612,-0.7404207995744305,498895.17382500175,-0.8791177749008857,2.192517271495508,-1.6506860406666486,854601.2419210857
123.25,0.745866689189189,0.08659341484258536,1.100772818087093,-0.6592732743466037,484680.3188157602,-0.769294117300871,2.199709205040402,-1.51516080649006,860216.9931981292
123.3,0.7201651126126006,0.14119857549179315,1.0831770039707338,-0.5789665371208075,469308.96877240605,-0.6592189506161804,2.2025762184804303,-1.379384063228781,862460.7996827649
123.35,0.694463536036034,0.1948860071121149,1.0640744723980249,-0.49957752892391905,452901.793123654,-0.5491085680275372,2.201119730501245,-1.243572104063571,861320.5454225554
123.4,0.667845719457012,0.24758201254737516,1.0435310836234934,-0.4202637069096368,435582.848995369,-0.43917869531959963,2.1953610210002266,-1.1070244147766117,856819.5577826058
123.45,0.640755900452487,0.2992162319630178,1.0216144260600262,-0.3415396684894692,417478.41421358264,-0.3296434991489259,2.1853411435863563,-0.9703993996014129,849016.1624624575
123.5,0.613666081447963,0.3497217230059241,0.9983935735485964,-0.2639443584420389,398715.8910812546,-0.2207146048194215,2.171120632809572,-0.8343806862673845,838002.6315042553
123.55,0.5865762624434223,0.39903502983726247,0.9739388810613097,-0.18754123260615985,379422.77761718235,-0.11260013384294205,2.152779005239737,-0.6991763962863644,823903.5458490651
123.6,0.559542378378371,0.447096242613612,0.9483218040943887,-0.11244613576475893,359725.6976483345,-0.00550377165337626,2.1304140517564867,-0.5650461500317472,806873.6056749315
123.65,0.532685621621616,0.49384904817575687,0.921614725000116,-0.03883657344585917,339749.48053481575,0.10037612404379583,2.1041409201912034,-0.4323094975778202,787094.9354707705
123.7,0.505828864864862,0.5392407718891288,0.893890770102397,0.033411907024266774,319616.28354970255,0.2048473638677779,2.074090991338808,-0.3009815009970841,764773.9449516088
123.75,0.478972108108108,0.5832224098115062,0.8652236038782235,0.10425030170339822,299444.7538832084,0.30772470614753583,2.0404105565711306,-0.17124740196057214,740137.8203318953
123.8,0.4521153513513385,0.6257486498244823,0.8356871927450961,0.1736332984731438,279349.23364727176,0.4088305655575384,2.003259313897312,-0.04328478579380013,713430.7339940141
123.85,0.425820742081445,0.6667778801836964,0.8053555387467097,0.24095713810225144,259439.01751600124,0.5079956425509449,1.9628087090536654,0.08217490046949988,684909.8717043408
123.9,0.399666669683257,0.7062721841580692,0.7743023914384423,0.30660551447481227,239817.6773549163,0.6050594667085724,1.91924015781951,0.20539279702531538,654841.3837132547
123.95,0.373512597285069,0.7441973200067441,0.7426009521111773,0.3706847227216751,220582.4696305708,0.6998708491264825,1.872743192760688,0.3263582518414134,623496.367294488
124.0,0.347358524886881,0.7805226863406214,0.7103235881133438,0.43316416145374037,201823.83993208615,0.7922882412341934,1.8235135818369044,0.4449297163473124,591146.9836699833
124.05,0.32155433333333,0.8152212738481528,0.6775415760006369,0.4936669405148228,183625.03488377074,0.8821799998544995,1.7717514672584538,0.5606256665211695,558062.8020857748
124.1,0.2963209999999908,0.8482696052539259,0.644324890173743,0.5519486052539351,166061.82563896236,0.9694245606716785,1.7176595701452173,0.6731035606716878,524507.4486953694
124.15,0.271087666666665,0.8796476660985544,0.6107420482207948,0.6085599994318893,149202.33978597267,1.0539105244039981,1.661441499540314,0.7828228577373331,490735.6189146253
124.2,0.245854333333333,0.9093388292853886,0.5768600160826548,0.6634844959520556,133106.99126195232,1.1355366616436313,1.6033001938326368,0.8896823283102984,456990.4909411148
124.25,0.220621,0.9373297762939793,0.5427441680609993,0.7167087762939792,117828.49278569051,1.2142118434521105,1.5434365113798518,0.9935908434521106,423501.5581618502
124.3,0.195708656108592,0.9636104175312931,0.5084582899969108,0.7679017614227011,103411.93306663305,1.2898549053666517,1.4820479766492842,1.0941462492580598,390482.88090493105
124.35,0.1708168009049669,0.988173813570653,0.47406460828359964,0.8173570126656862,89894.90113083311,1.3623944525478175,1.419327678346843,1.1915776516428507,358131.74373714474
124.4,0.145924945701356,1.0110160980585299,0.43962382423070834,0.8650911523571738,77307.6427324931,1.4317686134101952,1.3554633084789096,1.2858436677088392,326627.69433468295
124.45,0.121033090497738,1.0321364020578672,0.40519513413243935,0.9111033115601291,65673.23868984221,1.4979247484297342,1.2906363278467676,1.3768916579319963,296131.93435694027
124.5,0.0964189736306321,1.051536778700499,0.3708362196052286,0.9551178050698669,55007.80070843894,1.560819120082341,1.2250212437532475,1.464400146451709,266787.0306927562
124.55,0.0720612306126079,1.0692221264172135,0.33660319953725204,0.9971608958046055,45320.685575486044,1.6204165292383037,1.1587849891159636,1.5483552986256959,238716.91573341936
124.6,0.0477034875945837,1.0852001087620096,0.30255054232316564,1.037496621167426,36614.73226401666,1.6766899229078582,1.09208639683734,1.6289864353132746,212027.1463390514
124.65,0.0233457445765734,1.0994810689803343,0.26873094520819,1.0761353244037608,28886.52836499489,1.7296199780737385,1.0250757694937922,1.706274233497165,186805.3925694738
124.7,-0.0009533630904999,1.1120779379886254,0.23519519383755086,1.1130313010791253,22126.71168171325,1.7791946664927945,0.9578945494581194,1.7801480295832943,163122.12762339084
124.75,-0.02457816422172,1.1230061352002974,0.2019920199366867,1.1475842994220173,16320.310447241134,1.8254088056993654,0.8906750987630387,1.8499869699210854,141031.49005449758
124.8,-0.0482029653529467,1.1322834625893672,0.16916797582138296,1.180486427942314,11447.121617401604,1.8682636019625651,0.8235405986133386,1.916466567315512,120572.28756700731
124.85,-0.0718277664841734,1.139929993237765,0.13676734169213917,1.2117577597219382,7482.1223014137395,1.907766191365003,0.7566050757345382,1.9795939578491764,101769.10944484735
124.9,-0.0954525676153867,1.1459679563160003,0.10483207677131978,1.2414205239313871,4395.905728075154,1.9439291854383112,0.6899735579486741,2.0393817530536977,84633.51300770708
124.95,-0.117627878378379,1.150421620812735,0.0734018182830853,1.268049499191114,2155.1307709052303,1.9767702277236434,0.6237423542974134,2.0943981061020223,69165.24880790756
125.0,-0.139056481981982,1.1533171803516709,0.04251392457667723,1.2923736623336528,722.97351316456,2.0063115672105853,0.5579994471568246,2.1453680491925673,55353.49031596833
125.05,-0.160485085585591,1.1546826410397253,0.012203550883416747,1.3151677266253163,59.570661665656665,2.0325796537615126,0.4928249755790667,2.1930647393471037,43178.03672080136
125.1,-0.1819136891891999,1.1545477135870477,-0.01749625844238572,1.3364614027762476,122.44762379310143,2.055604759448988,0.42829178391141376,2.2375184486381876,32610.46260729265
125.15,-0.202622194570139,1.1529437100634676,-0.04655447988360569,1.3555659046336066,866.9278388932188,2.075420628353391,0.3644660066354832,2.27804282292353,23615.19466538952
125.2,-0.220777624434391,1.1499034447221506,-0.07494204067299802,1.3706810691565416,2246.523784093316,2.09206415590283,0.30140766082421955,2.3128417803372208,16150.502756182716
125.25,-0.238933054298643,1.145461137528952,-0.10263178257048167,1.384394191827595,4213.3131174378495,2.1055750974958087,0.23917122123641432,2.344508151794452,10169.399656483172
125.3,-0.257088484162901,1.139652318481542,-0.1295984669603401,1.3967408026444428,6718.305055388147,2.1159958050411123,0.17780615966758517,2.373084289204013,5620.449851686185
125.35,-0.2752439140271571,1.1325137306414723,-0.15581882047083664,1.4077576446686293,9711.801925169128,2.123370989355402,0.11735743903538487,2.3986149033825592,2448.4921772345024
125.4,-0.289714459459461,1.124083230024969,-0.18127161316087484,1.41379768948443,13143.759095178342,2.127747506090241,0.057865960886932535,2.4174619655497023,595.2834541098678
125.45,-0.303263783783785,1.114399681057407,-0.20593775497767036,1.417663464841192,16964.1435700972,2.1291741629902843,-0.0006310272211168186,2.432437946774069,0.07079028511829587
125.5,-0.316813108108109,1.1035028471213395,-0.22980039254405635,1.4203159552294484,21123.28816536096,2.1277015467583253,-0.05809955269492634,2.4445146548664343,600.0992041512039
125.55,-0.330362432432437,1.0914332766532913,-0.25284498728922833,1.4217957090857283,25572.235038916013,2.12338186846366,-0.11450855265971407,2.453744300896097,2331.059312395113
125.6,-0.3420207782805473,1.078232186160376,-0.2750593582784182,1.4202529644409234,30263.06023061409,2.1162688271675005,-0.16982950861299556,2.458289605448048,5127.47768813005
125.65,-0.350317384615386,1.0639413422105666,-0.29643367935122644,1.4142587268259526,35149.170501482295,2.10641749201967,-0.2240360719811021,2.456734876635056,8923.050941994945
125.7,-0.358613990950227,1.048602944793457,-0.3169604271946012,1.4072169357436841,40185.56496295364,2.0938842033793623,-0.27710367765899113,2.452498194329589,13650.924119491212
125.75,-0.366910597285068,1.0322595144282367,-0.336634284838504,1.3991701117133046,45329.05669149241,2.078726493484039,-0.3290091499894441,2.445637090769107,19243.91480476027
125.8,-0.375207203619912,1.0149537849993198,-0.3554520109944989,1.3901609886192317,50538.45284801335,2.0610030267983483,-0.379730311532699,2.4362102304182605,25634.686132750332
125.85,-0.3781394298642547,0.9967286036497054,-0.3734122918609935,1.37486803351396,55774.695885151916,2.0407735595220786,-0.4292456114728377,2.4189129893863335,32755.8746611005
125.9,-0.380729248868779,0.977626838119901,-0.3905155941143185,1.35835608698868,61000.971698583664,2.018098916769246,-0.47753379316321987,2.398828165638025,40540.18197561828
125.95,-0.383319067873303,0.9576912910505095,-0.406764036305899,1.3410103589238125,66182.7924927467,1.9930409850078905,-0.5245736193468142,2.3763600528811937,48920.441264820685
126.0,-0.385908886877828,0.9369646199630597,-0.42216129154822085,1.3228735068408877,71288.06243266477,1.9656627164694844,-0.5703436696640437,2.3515716033473124,57829.671382372944
126.05,-0.385645288288288,0.9154892611976223,-0.4367125271157184,1.3011345494859103,76287.13253591883,1.9360281417113783,-0.6148222178586997,2.321673429999666,67201.13059070052
126.1,-0.3827477657657642,0.8933073559461239,-0.45042438016464825,1.276055121711888,81152.84889868303,1.9042023862930062,-0.6579871893606911,2.2869501520587705,76968.3806867168
126.15,-0.379850243243243,0.8704606767671779,-0.46330496069153854,1.250310920010421,85860.59464055524,1.8702516877162523,-0.699816191111588,2.250101930959495,87065.36912745434
126.2,-0.37695272072072,0.8469905535682737,-0.47536386721717144,1.2239432742889937,90388.32250226584,1.834243409369185,-0.7402865987737257,2.2111961300899052,97426.53303537265
126.25,-0.373709468468468,0.8229377988822388,-0.48661219564745856,1.196647267350707,94716.57158113619,1.7962460491030996,-0.7793756801030999,2.1699555175715677,107986.92457531903
126.3,-0.366490324324322,0.7983426332727503,-0.49706252300484227,1.1648329575970724,98828.46071037574,1.7563292412001337,-0.817060733084702,2.1228195655244555,118682.35405313967
126.35,-0.3592711801801769,0.7732446124940446,-0.5067288509152721,1.1325157926742215,102709.65133996481,1.7145637514651229,-0.8533192194074611,2.0738349316452998,129449.54492625047
126.4,-0.352052036036035,0.7476825587134441,-0.5156264990873982,1.0997345947494792,106348.27462445067,1.6710214661001155,-0.8881288782311645,2.0230735021361506,140226.29410633718
126.45,-0.344832891891892,0.7216944983602097,-0.5237719466664598,1.0665273902521017,109734.82084590911,1.625775375553554,-0.9214678123413368,1.970608267445446,150951.63185442294
126.5,-0.336125475113123,0.6953176091246638,-0.5311826267171202,1.0314430842377869,112861.99317043982,1.578899554789765,-0.9533145460806319,1.9150250299028881,161565.97755891935
126.55,-0.326580904977373,0.6685881781276739,-0.5378766875748718,0.9951690831050469,115724.53241460652,1.530469141205212,-0.9836480633501117,1.857050046182585,172011.29111687563
126.6,-0.3170363348416243,0.6415415724749689,-0.5438727394290797,0.9585779073165932,118319.02267763663,1.4805603108664738,-1.012447839369169,1.797596645708098,182231.22265658638
126.65,-0.30749176470588,0.6142122224213294,-0.5491896066915505,0.9217039871272095,120643.68963920798,1.4292502529652855,-1.039693883049161,1.7367420176711654,192171.26585774982
126.7,-0.297936990950224,0.5866336163785706,-0.5538461044532411,0.8845706073287947,122698.20296721219,1.3766171415547965,-1.0653668055666548,1.6745541325050206,201778.92096058637
126.75,-0.288346040723981,0.5588383061810421,-0.5578608539763904,0.8471843469050231,124483.49295970701,1.3227401029258843,-1.0894479281690805,1.6110861436498654,211003.87345633816
126.8,-0.278755090497734,0.5308579204007597,-0.561252145703379,0.8096130108984938,126001.58842265878,1.267699176441589,-1.1119194363162865,1.546454266939323,219798.19250807617
126.85,-0.2691641402714883,0.5027231833102762,-0.5640378498470232,0.7718873235817645,127255.47842402123,1.2115752665181379,-1.1327645789534342,1.4807394067896262,228116.54957005352
126.9,-0.259573190045247,0.47446393725969016,-0.5662353673885072,0.7340371273049371,128248.9965126391,1.1544500836782285,-1.1519679041936433,1.4140232737234755,235916.45374085242
126.95,-0.251498603603603,0.44610916677208995,-0.5678616077191704,0.6976077703756929,128986.72220856037,1.096406073231974,-1.1695155154738808,1.3479046768355771,243158.49616606883
127.0,-0.243803108108108,0.4176870234360314,-0.5689329763922536,0.6614901315441395,129473.89265061944,1.0375263310439826,-1.185395328656851,1.2813294391520906,249806.59292470824
127.05,-0.236107612612611,0.38922485151289304,-0.5694653560360495,0.625332464125504,129716.31669010586,0.9778945068549164,-1.1995973093102885,1.2140021194675275,255828.2141341305
127.1,-0.2284121171171141,0.36074921497883006,-0.5694740662305096,0.5891613320959441,129720.2848436443,0.9175946966367788,-1.2121136714658063,1.146006813753893,261194.5871207674
127.15,-0.221807891891892,0.33228592728952466,-0.5689737938320603,0.5540938191814166,129492.47122705914,0.8567113262648856,-1.2229390244975953,1.0785192181567775,265880.86358028976
127.2,-0.217143702702703,0.30386008541506226,-0.5679784923094353,0.5210037881177653,129039.8270904397,0.7953290292906948,-1.23207046192124,1.0124727319933977,269866.2441135676
127.25,-0.212479513513514,0.27549610955591264,-0.5665012569746567,0.48797562306942666,128369.4696615464,0.7335325216893053,-1.2395075947994083,0.9460120352028193,273134.05823385145
127.3,-0.207815324324323,0.24721778944284686,-0.5645541886922536,0.45503311376716987,127488.57278798746,0.6714064761335777,-1.245252539142024,0.8792218004579008,275671.8019981614
127.35,-0.2031511351351335,0.21904833737587204,-0.5621482642045327,0.42219947251100554,126404.26837926764,0.6090353977275604,-1.2493098735392405,0.8121865328626939,277471.13957735704
127.4,-0.201476262443439,0.19101044717365512,-0.5592932318971942,0.3924867096170941,125123.56769840345,0.5465035022060851,-1.251686585444132,0.7479797646495241,278527.8770099183
127.45,-0.200061330316742,0.16312635734989958,-0.5559975498856828,0.36318768766664156,123653.31019155294,0.48389459673758817,-1.2523920239611082,0.6839559270543302,278841.91674336017
127.5,-0.198646398190045,0.13541791604223438,-0.5522683789255902,0.3340643142322794,122000.14494443971,0.4212919625959628,-1.251437873832639,0.6199383607860078,278417.20036671223
127.55,-0.197231466063348,0.1079066448091275,-0.5481116353076999,0.3051381108724755,120170.54590387242,0.35877823842600653,-1.248838158771964,0.5560097044893545,277261.64387643535
127.6,-0.1971892714932133,0.08061379830892161,-0.5435321013379016,0.2778030698021349,118170.85807391799,0.2964353025647316,-1.2446092751157678,0.4936245740579449,275387.0662585239
127.65,-0.198519814479638,0.053560417239071456,-0.5385335820679242,0.25208023171870947,116007.36760596388,0.23434415307682155,-1.2387700477312975,0.43286396755645956,272809.10776110244
127.7,-0.199850357466063,0.026767372615020105,-0.5331190920834659,0.2266177300810831,113686.38653755958,0.17258478471128205,-1.2313417947723841,0.3724351421773451,269547.13165391574
127.75,-0.201180900452489,0.0002554003754303216,-0.5272910519195866,0.2014363008279193,111214.34137378565,0.11123606277117973,-1.2223483829333852,0.31241696322366874,265624.1012017532
127.8,-0.202651342342343,-0.025954873656263335,-0.52105147491195,0.17669646868607966,108597.85580316739,0.050375594848061964,-1.21181625528228,0.253026937190405,261066.42427846542
127.85,-0.2057306216216229,-0.05184291756306248,-0.5144021274280217,0.15388770405856042,105843.81948098989,-0.009920397813357788,-1.199774415250849,0.1958102238082651,255903.7595538696
127.9,-0.208809900900901,-0.0773882842008565,-0.5073446509370192,0.1314216167000445,102959.43793376234,-0.06957720678702206,-1.1862543554176181,0.13923269411387895,250168.78146618113
127.95,-0.21188918018018,-0.10257060714292675,-0.49988064278801453,0.10931857303725324,99952.26281366343,-0.12852175792766332,-1.1712899281144027,0.08336742225251667,243896.9059026209
128.0,-0.214968459459459,-0.12736959970179804,-0.49201170030817665,0.08759885975766096,96830.20529605722,-0.18668272498868435,-1.1549171629764736,0.02828573447077465,237125.98281557806
128.05,-0.218437615384616,-0.15176505547906505,-0.4837394398190794,0.06667255990555096,93601.5382545907,-0.24399063305541907,-1.1371740442927223,-0.025553017670803063,229895.9656912118
128.1,-0.22212607692307598,-0.17573684954337837,-0.47506550561244115,0.04638922737969761,90274.89384912174,-0.300377950188955,-1.1181002654003223,-0.07825187326587904,222248.56950902598
128.15,-0.225814538461539,-0.19926494017513474,-0.46599158645446054,0.02654959828640427,86859.26345853799,-0.3557791666502875,-1.097736980941676,-0.12996462818874852,214226.92965812364
128.2,-0.229503000000001,-0.22232937195861177,-0.45651945517658477,0.007173628041389241,83364.00518189032,-0.41013086210376093,-1.0761265767392274,-0.18062786210375992,205875.27274035348
128.25,-0.233054468468468,-0.24491028168158682,-0.4466510428834882,-0.011855813213118821,79798.86164356305,-0.46337176210622855,-1.0533124736940138,-0.23031729363776055,197238.60750922712
128.3,-0.236120234234235,-0.2669879089136481,-0.43638855157825635,-0.030867674679413093,76173.98717942741,-0.5154427858524588,-1.029338974672425,-0.27932255161822384,188362.43996083186
128.35,-0.23918599999999896,-0.2885426131047243,-0.42573460136042873,-0.04935661310472533,72499.98031820927,-0.5662870873724115,-1.0042511554860645,-0.32710108737241256,179292.51258579482
128.4,-0.242251765765765,-0.30955489870366487,-0.41469240152277426,-0.06730313293789988,68787.91515229034,-0.6158500922676852,-0.9780947936091043,-0.37359832650192015,170074.56449515314
128.45,-0.245317531531532,-0.3300054490912626,-0.40326592922009363,-0.08468791755973062,65049.363867898224,-0.6640795315606776,-0.9509163216049773,-0.41876200002914554,160754.1067901761
128.5,-0.247003882352941,-0.3498751692457893,-0.39146009677154586,-0.10287128689284833,61296.402945755224,-0.7109254734886368,-0.9227627884026657,-0.46392159113569575,151376.2068730067
128.55,-0.248301167420815,-0.36914523608383426,-0.37928088852237757,-0.12084406866301925,57541.596959329676,-0.7563403531711999,-0.8936818101441868,-0.5080391857503849,141985.2760502383
128.6,-0.24959845248868795,-0.3877971545581903,-0.3667354522797388,-0.13819870206950235,53797.95678352983,-0.800278999229416,-0.8637214952801112,-0.5506805467407281,132624.857139362
128.65,-0.250895737556561,-0.40581281699097277,-0.3538321364188981,-0.15491707943441174,50078.87230510468,-0.8426986557916019,-0.8329303338430947,-0.5918029182350408,123337.41173972785
128.7,-0.251145783783783,-0.4231745628616542,-0.34058047150301457,-0.17202877907787123,46398.023027686286,-0.8835589979920556,-0.8013570481475762,-0.6324132142082726,114164.10997614167
128.75,-0.249534072072072,-0.4398652364208559,-0.3269911034963525,-0.1903311643487839,42769.27270630493,-0.9228221391386596,-0.769050410415905,-0.6732880670665876,105144.62822415502
128.8,-0.24792236036036,-0.45586824002435633,-0.313075691904491,-0.20794587966399633,39206.555544590316,-0.9604526281788932,-0.7360590394937269,-0.7125302678185332,96316.96171029827
128.85,-0.2463106486486489,-0.4711675818692641,-0.2988467911096673,-0.2248569332206152,35723.76182261804,-0.9964174368388358,-0.7024311944323349,-0.7501067881901868,87717.25918429098
128.9,-0.244698936936937,-0.48574791777925386,-0.2843177337006795,-0.24104898084231685,32334.629478676197,-1.030685936770631,-0.6682145840670775,-0.7859869998336939,79379.68539732219
128.95,-0.239429031674206,-0.49959458757315534,-0.2695025334878008,-0.2601655558989493,29052.646222537278,-1.0632298679665138,-0.6334562113416339,-0.8238008362923077,71336.31496663054
129.0,-0.233841022624434,-0.512693647369047,-0.25441582104340366,-0.27885262474461303,25890.963998875675,-1.0940233005836257,-0.5982022668414091,-0.8601822779591918,63617.05814296896
129.05,-0.228253013574659,-0.5250318995956944,-0.239072816964623,-0.2967788860210354,22862.324724560047,-1.1230425928303394,-0.562498078514094,-0.8947895792556804,56249.61570347517
129.1,-0.22266500452488566,-0.5365969225811194,-0.2234893403450328,-0.31393191805623366,19978.99409914316,-1.150266347747946,-0.5263881166216967,-0.9276013432230603,49259.457656984356
129.15,-0.214760639639639,-0.5473771012451871,-0.2076818425870194,-0.33261646160554814,17252.699096135802,-1.175675371441614,-0.48991604495532165,-0.960914731801975,42669.81886305151
129.2,-0.204539918918916,-0.55736165982398,-0.19166745202685986,-0.352821740905064,14694.56486658745,-1.1992526347378787,-0.4531248037466776,-0.9947127158189627,36501.704492527126
129.25,-0.194319198198199,-0.5665406967175766,-0.17546401118979724,-0.3722214985193776,12315.047689125317,-1.2209832393801254,-0.4160567049267168,-1.0266640411819263,30773.898971462597
129.3,-0.184098477477477,-0.5749052206506332,-0.1590900895863533,-0.3908067431731562,10123.862641837566,-1.2408543888841619,-0.37875352034230236,-1.056755911406685,25502.97407496655
129.35,-0.17360185972850856,-0.5824471865509759,-0.14256495736989983,-0.4088453268224674,8129.906827952542,-1.2588553632521478,-0.3412565450035383,-1.0852535035236393,20703.29413471146
129.4,-0.158782855203621,-0.5891595289582703,-0.12590851294881805,-0.4303766737546493,6341.181453193073,-1.2749774959696487,-0.30360662455965864,-1.1161946407660277,16387.019106935026
129.45,-0.143963850678731,-0.5950361906701197,-0.10914116501136675,-0.45107233999138874,4764.717560015354,-1.2892141514056488,-0.2658441434221034,-1.1452503007269177,12564.108194103444
129.5,-0.129144846153849,-0.6000721444836036,-0.09228367672458004,-0.47092729832975455,3406.510795922719,-1.3015607006881742,-0.22800897749202695,-1.1724158545343253,9242.327789681716
129.55,-0.114325841628959,-0.6042634065009993,-0.07535698635057353,-0.4899375648720403,2271.4701567362104,-1.3120144945645953,-0.19014042262530015,-1.1976886529356363,6427.267611756045
129.6,-0.09731398378378847,-0.6076070402394752,-0.05838202242744417,-0.5102930564556867,1363.3842170874375,-1.320574832393376,-0.15227711479160363,-1.2232608486095875,4122.3679447564855
129.65,-0.0790686459459456,-0.610101151790213,-0.041379533371984134,-0.5310325058442673,684.9063128332594,-1.3272429273374484,-0.11445696069287394,-1.2481742813915029,2328.9592624089046
129.7,-0.060823308108102,-0.6117448771764425,-0.024369948520873853,-0.5509215690683406,237.55775636401668,-1.3320218687044603,-0.07671709576317196,-1.2711985605963583,1046.313383526346
129.75,-0.0425779702702687,-0.6125383638346334,-0.007373283482937611,-0.5699603935643648,21.746123727904237,-1.3349165831702394,-0.03909388312480936,-1.2923386128999708,271.7034129380007
129.8,-0.0241145461538387,-0.612482748575105,0.009590906266973603,-0.5883682024212663,36.79419320874941,-1.3359337971012937,-0.0016229585520654358,-1.3118192509474549,0.46826568208397085
129.85,-0.004778776923076392,-0.6115801343741317,0.026503526475226784,-0.6068013574510553,280.9747662492188,-1.3350820022447722,0.03566068039495678,-1.3303032253216958,226.07717799666756
129.9,0.0145569923076968,-0.6098335680511674,0.043345910240563085,-0.6243905603588642,751.5471738331806,-1.3323714268017763,0.07272255074095546,-1.346928419109473,940.1901131148163
129.95,0.0338927615384702,-0.6072470201882392,0.060099764576131275,-0.6411397817267094,1444.7926808425614,-1.327814013219638,0.10952854143454216,-1.3617067747581082,2132.711358005017
130.0,0.0532285307692325,-0.6038253678420084,0.07674711566927353,-0.6570538986112409,2356.04790542114,-1.3214234032063956,0.14604477089553186,-1.374651933975628,3791.8355743872694
130.05,0.0729783297297354,-0.5995743796231093,0.09327027142005745,-0.6725527093528447,3479.737412308474,-1.3132149294217503,0.18223746529062773,-1.3861932591514858,5904.087778764932
130.1,0.0928449063063044,-0.5945007019311701,0.10965181441099243,-0.6873456082374745,4809.4081614490915,-1.3032056123956566,0.2180728733774478,-1.396050518701961,8454.360551661579
130.15,0.112711482882885,-0.5886118446070218,0.12587463295352042,-0.7013233274899068,6337.769288473395,-1.2914141605524132,0.25351722867033494,-1.4041256434352982,11425.95293025545
130.2,0.132578059459465,-0.5819161640632046,0.1419219901470526,-0.7144942235226696,8056.740514920037,-1.2778609708601476,0.28853676198565137,-1.4104390303196126,14800.615647495897
130.25,0.151364153846152,-0.5744228421522865,0.1577776236813349,-0.7257869959984384,9957.511413811573,-1.2625681276770564,0.32309775978459054,-1.4139322815232085,18558.606644945954
130.3,0.168052841628961,-0.5661418595582249,0.1734258620829993,-0.7341947011871859,12030.611855692598,-1.245559397775853,0.3571666558940535,-1.413612239404814,22678.75912578511
130.35,0.184741529411761,-0.5570839633504768,0.1888517390096622,-0.7418254927622379,14265.991730789428,-1.2268602203153625,0.3907101389773302,-1.4116017497271234,27138.562257721722
130.4,0.20143021719457,-0.5472606292497046,0.20404108763790196,-0.7486908464442746,16653.106177783193,-1.2064976914283874,0.42369525739635305,-1.4079279086229572,31914.25264713989
130.45,0.218118904977379,-0.5366840200207802,0.21898059874544895,-0.7548029249981592,19181.001050766128,-1.184500544009822,0.45608950357587874,-1.402619448987201,36980.91293726071
130.5,0.227548342342342,-0.5253669421105238,0.2336578318688908,-0.7529152844528658,21838.392957468335,-1.160899124087765,0.48786086491604536,-1.3884474664301072,42312.573069623446
130.55,0.236346540540543,-0.5133228029939405,0.24806117551305992,-0.7496693435344834,24613.73871876845,-1.1357253656361548,0.5189778344540175,-1.3720719061766977,47882.30980525894
130.6,0.2451447387387389,-0.5005655717108382,0.2621797612090949,-0.745710310449577,27495.290875063212,-1.1090127658469824,0.5494093832676782,-1.3541575045857213,53662.34140845698
130.65,0.25394293693694,-0.4871097446042176,0.27600334344065175,-0.7410526815411576,30471.138236167346,-1.080796362540115,0.5791249042907044,-1.3347392994770548,59624.116403505344
130.7,0.261060262443442,-0.4729703175868721,0.2895221618697801,-0.7340305800303141,33529.23288550045,-1.0511127148040318,0.6080941423506131,-1.3121729772474737,65738.39750420049
130.75,0.266356642533938,-0.45816276532673256,0.3027268054333734,-0.7245194078606705,36657.4074911582,-1.0199998870827223,0.6362871293256742,-1.2863565296166604,71975.34416809017
130.8,0.271653022624437,-0.4427030267991564,0.31560809631829284,-0.7143560494235934,39843.38818466273,-0.9874974359917079,0.6636741426831578,-1.259150458616145,78304.5986962177
130.85,0.276949402714933,-0.42660749581917434,0.3281570089134584,-0.7035568985341074,43074.80899961104,-0.9536463982782828,0.690225703512051,-1.2305958009932159,84695.38165132547
130.9,0.282198216216217,-0.4098930145726709,0.3403646311456724,-0.6920912307888879,46339.232853971844,-0.9184892776834043,0.7159126229182528,-1.2006874938996213,91116.6015384342
130.95,0.286701819819822,-0.3925768680084497,0.35222216853347954,-0.6792786878282717,49624.18240257075,-0.8820700282311761,0.7407060985647684,-1.168771848050998,97536.98212462942
131.0,0.291205423423424,-0.3746767770875074,0.3637209836242132,-0.6658822005109314,52917.18157142607,-0.8444340315418972,0.7645778550799534,-1.1356394549653213,103925.20826287328
131.05,0.295709027027028,-0.3562108894666213,0.3748526568573388,-0.6519199164936493,56205.80574120232,-0.8056280663114913,0.787500314623328,-1.1013370933385194,110250.08809454944
131.1,0.30021263063062986,-0.33719776695067194,0.38560905173730725,-0.6374103975813018,59477.736312698114,-0.7657002688697866,0.8094467797293919,-1.0659128995004163,116480.72697142804
131.15,0.304601081447964,-0.31765636997318275,0.3959823657305154,-0.6222574514211467,62720.81358781425,-0.7247000847210447,0.8303916079729329,-1.0293011661690088,122586.70623855521
131.2,0.308918954751133,-0.29760604021820536,0.4059651515873528,-0.6065249949693383,65923.08172133694,-0.6826782119427258,0.8503103603080603,-0.9915971666938588,128538.25935061749
131.25,0.313236828054298,-0.2770664831383815,0.41555029910226815,-0.5903033111926794,69072.8204335938,-0.6396865381212338,0.8691799095590917,-0.9529233661755317,134306.43825442684
131.3,0.317554701357467,-0.25605775244927265,0.42473097450678615,-0.5736124538067396,72158.56028219369,-0.5957780730142488,0.8869785024420039,-0.9133327743717158,139863.2646745351
131.35,0.32187071171171094,-0.2346002386276902,0.4335005223119809,-0.5564709503394012,75169.0811379041,-0.5510068792652055,0.9036857762911557,-0.8728775909769164,145181.8635148353
131.4,0.32617927027027,-0.21271466302019135,0.4418523415738668,-0.5388939332904613,78093.39670172363,-0.5054280032425689,0.9192827394250639,-0.8316072735128388,150236.57866752887
131.45,0.33048782882883,-0.19042207842877296,0.4497797535391911,-0.5209099072576029,80920.73067751019,-0.4590974074669528,0.9337517300098946,-0.7895852362957828,155003.0743638171
131.5,0.334796387387387,-0.16774387613240183,0.45727587975099204,-0.5025402635197889,83640.4920808175,-0.4120719052582443,0.9470763715123757,-0.7468682926456313,159458.42728480845
131.55,0.339104945945946,-0.14470179835609745,0.46433354870855953,-0.4838067443020434,86242.25778251368,-0.3644090973091528,0.9592415429609029,-0.7035140432550988,163581.21559858022
131.6,0.34364600452488603,-0.12131795440407449,0.47094524419853856,-0.46496395892896053,88715.76921328844,-0.31616730906609974,0.9702333781716844,-0.6598133135909858,167351.6103321669
131.65,0.348260484162896,-0.09761483817748784,0.4771031022377012,-0.44587532234038385,91050.94806593534,-0.2674055272345941,0.9800393024904255,-0.6156660113974901,170751.47278683019
131.7,0.352874963800907,-0.07361534462275819,0.48279895601977413,-0.4264903084236652,93237.93277351352,-0.21818333346501373,0.9886481082280872,-0.5710582972659207,173764.45900497347
131.75,0.357489443438915,-0.04934278290119268,0.48802442014257297,-0.4068322263401076,95267.13386219782,-0.16856083343509085,0.9960500615862091,-0.5260502768740059,176376.12892193618
131.8,0.362228031531534,-0.024820884659413654,0.4927709995978953,-0.38704891619094767,97129.30321788357,-0.11859858007264827,1.002237027449024,-0.4808266116041823,178574.05496708545
131.85,0.36720753603603695,-7.380661539342984e-05,0.49703020484615185,-0.36728134265143036,98815.60981176306,-0.06835749047336129,1.0072025934053825,-0.4355650265093982,180347.92251778283
131.9,0.372187040540542,0.02487387237401455,0.5007936549667038,-0.34731316816652746,100317.71394196399,-0.017898757040603924,1.0109421741138669,-0.3900857975811459,181689.6141159239
131.95,0.377166545045047,0.04999715876819372,0.5040531527158992,-0.32716938627685327,101627.83230513506,0.03271624573193454,1.0134530782050817,-0.34445029931311244,182593.26963970764
132.0,0.38214604954955,0.07527065461171717,0.5068007215109569,-0.30687539493783283,102738.7885296106,0.08342605660462865,1.0147345255745461,-0.29871999294492135,183055.3168698665
132.05,0.387254769230771,0.10066856864373254,0.5090286018000746,-0.2865862005870385,103644.04698021557,0.13416922245687565,1.0147876102991504,-0.2530855467738954,183074.4700474063
132.1,0.392377846153846,0.12616472627892125,0.5107292112914803,-0.2662131198749248,104337.73090656701,0.1848843899655107,1.0136152117344552,-0.2074934561883353,182651.69732613055
132.15,0.397500923076924,0.15173257694975495,0.511895081517032,-0.24576834612716902,104814.62979253153,0.2355103917697377,1.0112218651118645,-0.16199053130718627,181790.16186316762
132.2,0.402624000000002,0.1773451980275548,0.5125187875377621,-0.22527880197244718,105070.20303167112,0.28598632549069136,1.0076136083243568,-0.11663767450931062,180495.14376540983
132.25,0.40746227027027,0.20297529545347423,0.5125928896196205,-0.20448697481679576,105100.58819543697,0.3362516249107917,1.0027978247925302,-0.0712106453594783,178773.95153931205
132.3,0.411992000000001,0.2285952021131799,0.5121099037746767,-0.18339679788682112,104902.62141764344,0.3862461236025501,0.9967831014903938,-0.025745876397450906,176635.83136298822
132.35,0.41652172972972895,0.2541768757433476,0.5110623142239912,-0.16234485398638138,104473.8756079926,0.4359101121835979,0.9895791182660122,0.019388382453868924,174091.8811214468
132.4,0.421051459459459,0.2796918986554824,0.5094426338147421,-0.1413595608039766,103812.71885924054,0.48518439104137695,0.9811965781117199,0.06413293158191796,171154.9733152264
132.45,0.42553534841629,0.3051114816578477,0.507243510775051,-0.1204238667584423,102918.39168935972,0.5340103206512097,0.9716471804705951,0.1084749722349197,167839.68770070348
132.5,0.428919058823529,0.3304064742938484,0.5044578722354242,-0.09851258452968059,101791.0979441166,0.5823298715272742,0.9609436313639494,0.15341081270374524,164162.25113936604
132.55,0.432302769230769,0.355547382852695,0.5010790888843825,-0.076755386378074,100432.10132688114,0.6300856753337797,0.949099677311107,0.1977829061030107,160140.47955058623
132.6,0.43568647963800794,0.38050439675910314,0.4971011421538045,-0.0551820828789048,98843.8182122468,0.6772210779412666,0.9361301460780947,0.24153459830325869,155793.7156259902
132.65,0.439070190045248,0.40524742298109073,0.4925187749192081,-0.033822767064157266,97029.89745916703,0.7236801943011391,0.9220509758381441,0.28461000425589106,151142.75591894647
132.7,0.441419076576577,0.42974612721653527,0.487327609578705,-0.011672949360041707,94995.2796230779,0.7694079641392653,0.9068792162882569,0.3279888875626883,146209.76229966275
132.75,0.443133716216216,0.4539699799304726,0.48152422298910275,0.010836263714256611,92746.23093010366,0.8143502067469587,0.8906329902216413,0.3712164905307427,141018.15524820308
132.8,0.444848355855856,0.4778883049903157,0.4751061756504949,0.03303994913445968,90290.35125649556,0.8584536727656888,0.8733314117105282,0.4136053169098328,135592.48972094295
132.85,0.4465629954954947,0.5014703287018136,0.4680719999267533,0.05490733320631891,87636.55884617222,0.901666090858049,0.8549944646114095,0.45510309536255433,129958.31724731569
132.9,0.447844384615384,0.524685227462144,0.4604211589167323,0.07684084284675996,84795.05743129074,0.943936207529407,0.8356428524721516,0.496091822914023,124142.04033560786
132.95,0.447152076923077,0.5475021729600507,0.45215399238102205,0.10035009603697365,81777.29313043895,0.9852138190711673,0.8152978365347997,0.5380617421480903,118170.7666237022
133.0,0.446459769230769,0.5698903747296031,0.4432716679371963,0.12343060549883411,78595.90863832961,1.0254497955112576,0.7939810812845434,0.5789900262804886,112072.17021115958
133.05,0.445767461538461,0.5918191207503445,0.4337761540874299,0.1460516592118835,75264.70074195269,1.0645960974285331,0.7717145262421575,0.6188286358900721,105874.36622456135
133.1,0.4450751538461525,0.6132578175036906,0.42367022685074784,0.1681826636575381,71798.58444790565,1.1026057873293742,0.7485202985670742,0.6575306334832217,99605.80219856746
133.15,0.441784783783783,0.6341760313257481,0.41295751522976576,0.19239124754196507,68213.56375389689,1.1394330378640058,0.7244206747979776,0.6976482540802229,93295.16694662349
133.2,0.437673972972971,0.6545435329693198,0.40164258302047223,0.21686955999634877,64526.70579814277,1.175033139386269,0.699438092213849,0.7373591664132979,86971.31463817756
133.25,0.433563162162162,0.67433034697424,0.38973103724085967,0.24076718481207798,60756.112555534535,1.2093625091835078,0.6735952025146725,0.7757993470213458,80663.19944013914
133.3,0.429452351351351,0.6935068068090307,0.3772296475702959,0.26405445545767964,56920.882802403874,1.2423787041670784,0.6469149537415965,0.8129263528157273,74399.81464435412
133.35,0.4240008552036194,0.712043615863533,0.36414645774973714,0.28804276065991363,53041.057076672434,1.2740404379795593,0.6194206817931364,0.8500395827759399,68210.12996143536
133.4,0.415700402714932,0.7299119134226534,0.35049087073565055,0.31421151070772135,49137.540187613806,1.30430760251637,0.5911361925814413,0.888607199801438,62123.0218986103
133.45,0.407399950226242,0.7470833439223654,0.3362736927354464,0.33968339369612344,45231.99857037336,1.333141292967232,0.5620858182123196,0.92574134274099,56167.19413962895
133.5,0.399099497737558,0.76353012717676,0.3215071272859727,0.36443062943920207,41346.73315827146,1.3605038347641727,0.5322944358992793,0.9614043370266148,50371.08737588124
133.55,0.390799045248868,0.7792251270074237,0.306204717391961,0.38842608175855575,37504.531581236275,1.3863588104335705,0.5017874448802169,0.9955597651847025,44762.7804158963
133.6,0.37864549321267266,0.7941419157968566,0.290381242433425,0.4154964225841839,33728.50638287182,1.4106710843038524,0.47059070541624937,1.0320255910911798,39369.88658207346
133.65,0.366063819004526,0.8082548330380754,0.27405258347871053,0.44219101403354943,30041.92740454224,1.4334068234521173,0.43873045144650624,1.0673430044475913,34219.45049359203
133.7,0.353482144796378,0.8215390367228503,0.257235574983347,0.4680568919264723,26468.05641480525,1.4545335139597397,0.4062331936355681,1.1010513691633617,29337.850242018303
133.75,0.340900470588238,0.8339705473897664,0.23994786232929777,0.49307007680152837,23029.990654559853,1.4740199724879541,0.37312563200597293,1.1331195018997162,24750.708846196754
133.8,0.326484594594594,0.8455262855556531,0.2222077822915371,0.5190416909610591,19750.519404369257,1.4918363540966524,0.33943459587429325,1.1653517595020584,20482.81686690574
133.85,0.3100816666666699,0.8561841040405506,0.2040342800306555,0.5461024373738806,16651.994971051176,1.507954158066436,0.30518702602200504,1.197872491399766,16558.065929272176
133.9,0.293678738738737,0.8659228172020865,0.18544686870654128,0.5722440784633496,13756.216445224465,1.5223462340669058,0.2704100068844415,1.2286674953281689,12999.390546354436
133.95,0.277275810810803,0.8747222291969183,0.16646563019543492,0.5974464183861153,11084.322414545319,1.5349867912000137,0.23513084884411162,1.2577109803892106,9828.713969449327
134.0,0.260749342342339,0.8825631631183607,0.14711124690342486,0.6218138207760218,8656.687586192173,1.5458514122483362,0.19937721173103173,1.2851020699059972,7066.892899136117
134.05,0.241257900900894,0.8894274921954761,0.12740505022951437,0.6481695912945822,6492.818729594032,1.5549170748290158,0.16317725532269683,1.3136591739281218,4733.65629415975
134.1,0.22176645945945897,0.895298173483428,0.10736906832779483,0.673531714023969,4611.24673343147,1.5621621803860184,0.12655979873031595,1.3403957209265593,2847.5346941614366
134.15,0.202275018018014,0.9001592835378257,0.08702605537270354,0.6978842655198116,3029.413725493145,1.5675665909506287,0.08955446901936318,1.3652915729326147,1425.7782971271251
134.2,0.182783576576569,0.903996054789947,0.06639948808045534,0.7212124782133781,1763.5568069386127,1.5711116727078795,0.052191822058317155,1.3883280961313105,484.26422929191847
134.25,0.162005185520362,0.9067949107269242,0.04551352087450221,0.7447897252065622,828.5922329574994,1.5727803446384256,0.014503423586165708,1.4107751591180637,37.39543035017738
134.3,0.140368828054294,0.9085434977820485,0.02439289968277131,0.7681746697277545,238.00542197349787,1.5725571301299153,-0.02347811309992181,1.4321883020756212,97.99498573026133
134.35,0.11873247058823799,0.9092307120111083,0.003062841312561581,0.7904982414228703,3.752398762373579,1.5704282094477542,-0.061719129234036,1.4516957388595162,677.20016238358
134.4,0.0970961131221703,0.908846719151,-0.018451107895398368,0.8117506060288298,136.1773530270528,1.5663814713227084,-0.10018495145576073,1.469285358200538,1784.3599107898906
134.45,0.0752851405405341,0.9073829674507436,-0.040123216999527166,0.8320978269102095,643.9490169564583,1.5604065625934347,-0.13883993612533932,1.4851214220529005,3426.9382868068096
134.5,0.0526786990991012,0.9048321935643611,-0.061927699601497896,0.8521534944652599,1534.015991173345,1.552494935677214,-0.1776475084700686,1.4998162365781127,5610.424402777439
134.55,0.0300722576576555,0.9011884227588562,-0.08383880997227577,0.8711161651012007,2811.5784230269473,1.5426398945936626,-0.2165701790831075,1.512567636936007,8338.247549882533
134.6,0.00746581621622255,0.8964469653923206,-0.10583089450686803,0.888981149176098,4480.071292849531,1.5308366410002603,-0.25556952513248443,1.5233708247840378,11611.694609145528
134.65,-0.0151406252252231,0.8906044120571706,-0.12787839378011753,0.9057450372823936,6541.153438313121,1.5170823221997396,-0.29460613015863657,1.5322229474249627,15429.826120364003
134.7,-0.0378241185520409,0.8836586297976529,-0.14995579852223023,0.9214827483496938,8994.696604175882,1.5013760831638592,-0.3336394844310492,1.5392002017159,19789.387657140676
134.75,-0.0605346841628954,0.8756087614848785,-0.17203756965108596,0.936143445647774,11838.770148580901,1.4837191243502477,-0.37262785508830787,1.544253808513143,24684.714380037865
134.8,-0.0832452497737628,0.8664552297580153,-0.19409803855303734,0.949700479531778,15069.619428054548,1.464114766441691,-0.4115281421191704,1.5473600162154537,30107.628756632195
134.85,-0.10595581538461679,0.8561997460524502,-0.21611130648493376,0.9621555614370669,18681.63871624999,1.4425685222323401,-0.4502957398902855,1.5485243376169568,36047.33393126038
134.9,-0.128384918552045,0.8448453242833879,-0.23805116186857925,0.9732302428354329,22667.342266792206,1.4190881748665456,-0.4888844248031402,1.5474730934185905,42490.30770046174
134.95,-0.150215914027162,0.8323962978939473,-0.2598910302774193,0.9826122119211094,27017.339047463385,1.393683860664692,-0.5272462865010511,1.543899774691854,49420.203845181946
135.0,-0.172046909502268,0.81885833839163,-0.2816039658526003,0.990905247893898,31720.317433564986,1.36636815404093,-0.5653317144497976,1.5384150635431981,56817.76842004399
135.05,-0.193877904977385,0.8042384732299083,-0.30316268557867737,0.9981163782072933,36763.0455709104,1.3371561515930959,-0.6030894444611701,1.5310340565704808,64660.77831475249
135.1,-0.21570890045249,0.788545101024607,-0.3245396400161575,1.0042540014770969,42130.39117672684,1.3060655524295215,-0.640466661484372,1.5217744528820114,72924.00790629996
135.15,-0.235862810810816,0.7717880025761972,-0.3457071078061433,1.0076508133870132,47805.36175507535,1.273116732161362,-0.6774091478962068,1.508979542972178,81579.22731617154
135.2,-0.255830378378388,0.7539783469233965,-0.3666372969173238,1.0098087253017844,53769.16299633673,1.2383328086742362,-0.7138614610733646,1.4941631870526242,90595.23299658646
135.25,-0.275797945945948,0.7351286925408014,-0.3873024348998952,1.0109266384867492,60001.270431755016,1.2017396986702154,-0.7497671220995173,1.4775376446161634,99937.90886780313
135.3,-0.295765513513519,0.7152529846324098,-0.4076748324897819,1.011018498145929,66479.5076182287,1.1633661648602998,-0.7850687983887761,1.4591316783738186,109570.31434730609
135.35,-0.3145901261261232,0.6943665501487251,-0.42772690997287105,1.0089566762748483,73180.12380597621,1.1232438544658447,-0.819708467149147,1.437833980591968,119452.79486506742
135.4,-0.332073009009011,0.6724860925059309,-0.44743118270281024,1.004559101514942,80077.86530193423,1.081407330177876,-0.853627553045805,1.4134803391868869,129543.11099003885
135.45,-0.349555891891897,0.6496296879794369,-0.46676021008137847,0.9991855798713338,87146.03748608503,1.0378940948737296,-0.8867670412117348,1.3874499867656267,139796.58406745148
135.5,-0.367038774774773,0.6258167853291418,-0.4856865196502189,0.9928555601039147,94356.558147977,0.9927446111275257,-0.9190675743992537,1.3597833859022987,150166.25889993383
135.55,-0.384465108597286,0.6010682095054538,-0.504182522795974,0.9855333181027398,101680.00651716514,0.9460023159708509,-0.9504695485437445,1.330467424568137,160603.08670381326
135.6,-0.39912053846153495,0.5754061693831918,-0.522220441063482,0.9745267078447267,109085.67562581506,0.8977136305498395,-0.9809132243123769,1.2968341690113745,171056.13397882727
135.65,-0.413775968325791,0.5488542685326622,-0.5397722610251754,0.9626302368584532,116541.63750889203,0.8479279634373734,-1.0103388719778967,1.2617039317631644,181472.82421859
135.7,-0.428431398190048,0.5214375172202002,-0.5568097322529766,0.9498689154102482,124014.8311726526,0.7966977055554397,-1.0386869641999028,1.2251291037454877,191799.21948423292
135.75,-0.443086828054296,0.4931823432471618,-0.5733044163291175,0.9362691713014578,131471.18151298806,0.7440782140674248,-1.06589842503014,1.1871650421217208,201980.34710786364
135.8,-0.456167733031674,0.4641165990565516,-0.5892277864070765,0.9202843320882257,138875.75370967336,0.6901277824016087,-1.091914934948442,1.1462955154332826,211960.57336239298
135.85,-0.468198954751127,0.43426956275390927,-0.6045513690996022,0.9024685175050362,146192.94315208137,0.6349075937807721,-1.1166792834974948,1.1031065485318992,221684.02172310726
135.9,-0.480230176470587,0.40367193126339446,-0.6192469145545492,0.8839021077339815,153386.69647413166,0.5784816562378344,-1.1401357543119113,1.0587118327084215,231095.0290240695
135.95,-0.492261398190046,0.37235580464944784,-0.6332865764555036,0.8646172028394938,160420.75516749296,0.5209167179861588,-1.1622305221493636,1.0131781161762048,240138.6287316591
136.0,-0.50394593243243,0.34035466160428646,-0.646643082327709,0.8443005940367165,167258.91036891207,0.46228216311798026,-1.182912039042005,0.9662280955504103,248761.04748631356
136.05,-0.514051112612613,0.30770332703224085,-0.6592898768130211,0.821754439644854,173865.2566672514,0.4026498887240156,-1.2021313879782283,0.9167010013366286,256910.19981554872
136.1,-0.524156292792791,0.274437933412113,-0.6712012259711616,0.798594226204904,180204.43429807614,0.3420941655089215,-1.2198425872326932,0.8662504583017125,264536.1666891646
136.15,-0.534261472972974,0.24059587802749266,-0.6823522781509668,0.7748573510004666,186241.85259912573,0.2806914846408543,-1.2360028357145565,0.8149529576138284,271591.6462034533
136.2,-0.544366653153158,0.20621577818491427,-0.6927190848530957,0.7505824313380722,191943.8922078842,0.21852039385766292,-1.2505726978367457,0.7628870470108209,278032.36845772027
136.25,-0.553785425339367,0.17133742619183107,-0.7022785914399384,0.725122851531198,197278.08799794558,0.15566132573394936,-1.263516233563538,0.7094467510733165,283817.47066286026
136.3,-0.562963027149324,0.1360017452442631,-0.7110086130551445,0.6989647723935871,202213.2991354401,0.09219642057561372,-1.2748010858670438,0.6551594477249377,288909.8326271634
136.35,-0.572140628959276,0.10025074650267954,-0.7188878141047618,0.6723913754619555,206719.87570732902,0.02820934566160345,-1.284398542123117,0.6003499746208795,293276.3760014202
136.4,-0.581318230769232,0.0641274867451096,-0.7258957082161829,0.6454457175143415,210769.83168266946,-0.03621488827940368,-1.2922835858669612,0.5451033424898283,296888.331786875
136.45,-0.590285558558562,0.02767602522430994,-0.7320126918114026,0.6179615837828719,214337.03238919016,-0.10099011323713003,-1.2984349527142198,0.489295445321432,299721.4802542184
136.5,-0.598806054054054,-0.009058622147428932,-0.737220117800238,0.589747431906625,217397.40083575874,-0.16602919317209036,-1.3028351984804991,0.4327768608819636,301756.36522661714
136.55,-0.607326549549551,-0.04603053330188937,-0.7415004088263415,0.5612960162476617,219929.14251585264,-0.23124421702067396,-1.3054707809115744,0.376082332528877,302978.48174468905
136.6,-0.615847045045044,-0.08319293700913127,-0.7448372013995825,0.5326541080359126,221912.9826355049,-0.2965466960094031,-1.306332148386929,0.31930034903564086,303378.432339415
136.65,-0.624367540540541,-0.12049827755170026,-0.7472155065140126,0.5038692629888407,223332.40526999693,-0.36184776531622415,-1.3054138228836527,0.26251977522431685,302952.0442623489
136.7,-0.631786923076925,-0.15789828747230716,-0.7486218684990724,0.4738886356046178,224173.88079801702,-0.42705838939216084,-1.3027144600895886,0.20472853368476412,301700.43813804595
136.75,-0.639056153846153,-0.1953440678114272,-0.7490445030635924,0.4437120860347258,224427.06702791364,-0.4920895693200221,-1.2982368680999965,0.14696658452613087,299630.0383456156
136.8,-0.646325384615385,-0.23278617439308508,-0.748473398814538,0.41353921022229995,224084.9714931946,-0.55685254973821,-1.2919879689191085,0.08947283487717506,296752.51765897305
136.85,-0.6535946153846123,-0.27017470802931604,-0.7469003713433932,0.38341990735529624,223144.06588515942,-0.6212590221580182,-1.2839786914936884,0.03233559322659407,293084.67203730566
136.9,-0.659504837837838,-0.3074594061604684,-0.7443190667341197,0.35204543167736957,221604.3492415804,-0.6852213211310045,-1.2742237928252031,-0.02571648329316656,288648.22652477265
136.95,-0.663819702702704,-0.34458973348182026,-0.7407249187661467,0.3192299692208837,219469.36211244582,-0.7486526097508238,-1.2627416115837231,-0.08483290704811985,283469.5782444548
137.0,-0.668134567567568,-0.38151496950536307,-0.7361150717588109,0.2866195980622049,216746.1595481917,-0.8114670513986996,-1.2495537671316537,-0.14333248383113162,277579.48745829455
137.05,-0.672449432432434,-0.41818429174855337,-0.7304882855164319,0.2542651406838807,213445.25411069443,-0.8735799654593057,-1.2346848224686386,-0.20113053302687167,271012.7308150069
137.1,-0.6766711809954723,-0.45454685410307816,-0.7238448408551571,0.22212432689239414,209580.54145305106,-0.9349079657265922,-1.2181619327881072,-0.2582367847311199,263807.73235449905
137.15,-0.676330230769231,-0.4905518608786426,-0.7161864635881952,0.18577836989058844,205169.22025078608,-0.9953690813498806,-1.2000145018400374,-0.3190388505806495,256006.1874891366
137.2,-0.675989280542986,-0.5261486377923104,-0.7075162800629262,0.14984064275067566,200231.71462163242,-1.054882861184357,-1.1802738643489386,-0.378893580641371,247652.69242047583
137.25,-0.675648330316742,-0.561286701686805,-0.6978388113484036,0.11436162862993704,194791.60264966116,-1.1133704631937886,-1.158973007192457,-0.43772213287704664,238794.38780457372
137.3,-0.675307380090498,-0.5959158309195558,-0.687160004890655,0.07939154917094216,188875.54892853,-1.1707547309937165,-1.13614633375107,-0.49544735090321856,229480.62074595515
137.35,-0.6714912702702688,-0.6299861381042735,-0.6754872951659224,0.04150513216599527,182513.2343722296,-1.2269602596322728,-1.1118294680491039,-0.5554689893620041,219762.6250706406
137.4,-0.665358387387386,-0.6634481463216224,-0.662829678884309,0.0019102410657635405,175737.2732839505,-1.2819134523744098,-1.0860590884484373,-0.6165550649870238,209693.2166402579
137.45,-0.659225504504502,-0.6962528690794215,-0.6491977868766037,-0.03702736457491951,168583.10659419204,-1.3355425696013117,-1.0588727760738945,-0.6763170650968097,199326.49882852193
137.5,-0.653092621621622,-0.7283518934065021,-0.6346039346078776,-0.07525927178488012,161088.86152791974,-1.3877777701618956,-1.0303088617268406,-0.7346851485402737,188717.57343161918
137.55,-0.645963769230767,-0.7596974645915805,-0.6190621352085537,-0.11373369536081346,153295.17089958943,-1.4385511447014767,-1.000406255828208,-0.7925873754707097,177922.25363559363
137.6,-0.633606076923079,-0.7902425704249468,-0.6025880658893226,-0.1566364935018678,145244.95086089382,-1.4877967398475835,-0.9692042520054674,-0.8541906629245045,166996.7790409738
137.65,-0.621248384615384,-0.8199410225405265,-0.5851989855429551,-0.19869263792514247,136983.14107220154,-1.5354505718460905,-0.9367423013809426,-0.9142021872307065,155997.53585714928
137.7,-0.608890692307689,-0.8487475325140148,-0.5669136092825173,-0.2398568402063258,128556.41615589228,-1.5814506282572227,-0.9030597624561345,-0.9725599359495337,144980.78836752535
137.75,-0.596533000000001,-0.8766177808675056,-0.5477519523227596,-0.28008478086750466,120012.8805093579,-1.6257368567795403,-0.8681956384640039,-1.0292038567795392,134002.42962629677
137.8,-0.579943999999998,-0.9035084778500471,-0.52773516063825,-0.32356447785004905,111401.75990955181,-1.668251140975766,-0.832188319666115,-1.088307140975768,123117.75989132657
137.85,-0.561868324324329,-0.9293774158445655,-0.5068853483311249,-0.3675090915202365,102773.10254110632,-1.7089372636766575,-0.7950753513505265,-1.1470689393523286,112381.30032447347
137.9,-0.54379264864865,-0.954183514193423,-0.48522545992987565,-0.410390865544773,94177.49878566373,-1.7477408598408066,-0.7568932473030275,-1.2039482111921567,101846.64672229726
137.95,-0.525716972972971,-0.9778868580750179,-0.46277917178719,-0.4521698851020468,85665.82473601501,-1.7846093615810583,-0.7176773650327974,-1.2588923886080874,91566.36449429675
138.0,-0.506108343891408,-1.0004487335754586,-0.43957083881609,-0.4943403896840506,77289.00893499238,-1.8194919386924633,-0.6774618513152186,-1.3133835948010553,81591.92177554549
138.05,-0.482922823529409,-1.021831661240622,-0.4156254866317212,-0.538908837711213,69097.81805514204,-1.8523394382708454,-0.6362796602501829,-1.3694166147414364,71973.65440854902
138.1,-0.45973730316742395,-1.0419994302286273,-0.3909688411827447,-0.5822621270612034,61142.65391031131,-1.883104326940128,-0.5941626374977693,-1.423367023772704,62760.753741921006
138.15,-0.436551782805425,-1.0609171345900827,-0.3656273819423327,-0.6243653517846577,53473.352970401764,-1.9117406386705054,-0.5511416574019772,-1.4751888558650803,54001.266937564156
138.2,-0.413366262443426,-1.078551212435826,-0.33962840068517836,-0.6651849499924001,46138.98022078882,-1.9382039304067609,-0.5072467945585326,-1.5248376679633349,45742.09966042777
138.25,-0.386852342342337,-1.0948694877928722,-0.3130000479879354,-0.7080171454505352,39187.61201617995,-1.9624512467130835,-0.4625075102867646,-1.5755989043707466,38029.01281273986
138.3,-0.359884549549539,-1.1098412141815708,-0.28577135327406034,-0.7499566646320317,32666.106540835117,-1.9844410937630474,-0.41695283714487225,-1.6245565442135084,30906.60771611704
138.35,-0.332916756756757,-1.1234371183192584,-0.25797220917344904,-0.7905203615625014,26619.864282331902,-2.004133422221324,-0.3706115488206209,-1.671216665464567,24418.296910083463
138.4,-0.305948963963959,-1.135629442102484,-0.2296333184362618,-0.829680478138525,21092.584374419846,-2.021489618128439,-0.3235123098649138,-1.71554065416448,18606.260379401247
138.45,-0.277745552036188,-1.1463919810837702,-0.20078610827811835,-0.8686464290475822,16126.024510988907,-2.0364725007752336,-0.275683806441691,-1.7587269487390456,13511.388646076399
138.5,-0.247969533936651,-1.1557001181079531,-0.1714626251954212,-0.9077305841713021,11759.772735562194,-2.0490463268279546,-0.22715486790966574,-1.8010767928913036,9173.214936010256
138.55,-0.218193515837097,-1.1635308515599707,-0.14169542740959806,-0.9453373357228737,8031.037659515469,-2.059176800609834,-0.1779545939768492,-1.840983284772737,5629.837780882712
138.6,-0.18841749773755992,-1.1698628185568505,-0.11151749334570735,-0.9814453208192906,4974.4605288439525,-2.066831091227641,-0.1281125043271274,-1.8784135934900812,2917.8335582165755
138.65,-0.158621611711709,-1.1746763143141368,-0.08096216213569024,-1.0160547026024278,2621.948679074318,-2.0719778580765382,-0.0776587260846835,-1.9133562463648293,1072.1560421503823
138.7,-0.127852197297289,-1.1779533095942596,-0.050063118280452915,-1.0501011122969706,1002.5263247850476,-2.0745872869195914,-0.02662423126016121,-1.9467350896223024,126.01772270125252
138.75,-0.0970827828828858,-1.1796774686360192,-0.018854426155977187,-1.0825946857531334,142.19575426847865,-2.0746311392405588,0.024958869786357953,-1.977548356357673,110.745809957755
138.8,-0.0663133684684655,-1.1798341700011508,0.012629388813479959,-1.1135208015326852,63.80058472082109,-2.072082817621423,0.07705698182790177,-2.0057694491529574,1055.6050574978815
138.85,-0.03554395405406269,-1.178410532443402,0.044353222889895266,-1.1428665783893392,786.8833522882918,-2.066917449564097,0.12963463611521786,-2.0313734955100347,2987.580245462213
138.9,-0.0047014506787355,-1.1753954472000279,0.0762812573815162,-1.1706939965212924,2327.532091082048,-2.0591119914309326,0.18265407758091545,-2.054410540752197,5931.113254566237
138.95,0.0261939791855243,-1.1707796172049798,0.10837682157480778,-1.1969735963905042,4698.214181863089,-2.0486453531858864,0.23607484927493314,-2.0748393323714107,9907.792792921317
139.0,0.0570894090497667,-1.1645556027576787,0.14060227473604797,-1.2216450118074453,7907.599864380445,-2.0354985435016824,0.28985339714371516,-2.0925879525514492,14935.998548578182
139.05,0.0879848389140266,-1.1567178722549825,0.17291892380229612,-1.244702711169009,11960.381683577718,-2.0196548336634312,0.3439427164674421,-2.107639672577458,21030.50528195614
139.1,0.11871372072070943,-1.1472628559049578,0.20528698773441958,-1.2659765766256672,16857.098933228695,-2.001099937754461,0.39829205640188603,-2.1198136584751706,28202.055500949897
139.15,0.148568225225224,-1.1361889999768178,0.23766561126148505,-1.2847572252020418,22593.97711051813,-1.9798222059608799,0.4528466912031915,-2.1283904311861037,36456.911241542875
139.2,0.178422729729738,-1.1234968192254304,0.2700129229321687,-1.3019195489551685,29162.791420149315,-1.955812827623999,0.5075477587839352,-2.134235557353737,45796.3959905059
139.25,0.208277234234235,-1.109188945524399,0.30228612631761254,-1.317466179758634,36550.76086564304,-1.9290660407900315,0.5623321606646123,-2.1373432750242665,56216.43714093003
139.3,0.238131738738749,-1.093270171439086,0.334441608456698,-1.331401910177835,44740.47578684132,-1.899579345463038,0.617132511780338,-2.1377110842017872,67707.1177060105
139.35,0.2671038506787327,-1.075747488312974,0.36643504794247467,-1.3428513389917067,53709.85774424148,-1.8673537184159008,0.6718771258856743,-2.1344575690946335,80252.2439623812
139.4,0.295732809954758,-1.0566301193075247,0.3982215063825242,-1.3523629292622827,63432.1472582267,-1.8323938281401015,0.7264900225891622,-2.1281266380948596,93828.93385272914
139.45,0.324361769230782,-1.0359295485337108,0.4297554919742871,-1.3602913177644929,73875.9131528246,-1.7947082491211546,0.7808909461779323,-2.1190700183519366,108407.23019069625
139.5,0.35299072850679,-1.0136595478150572,0.46099099048227177,-1.366650276321847,85005.07732233038,-1.754309674973225,0.8349953923530437,-2.107300403480015,123949.74315570014
139.55,0.381138027027035,-0.9898362026690857,0.4918814667772609,-1.3709742296961207,96778.95094357985,-1.711215129979251,0.8887146466337226,-2.092353157006286,140411.32855845377
139.6,0.40816145045044794,-0.9644779387495143,0.5223798468654692,-1.3726393891999622,109152.28176447644,-1.6654461782066943,0.9419558450762769,-2.0736076286571423,157738.8113908201
139.65,0.435184873873876,-0.9376055493630313,0.5524384959214305,-1.3727904232369073,122075.31671037292,-1.6170291286963472,0.9946220739031226,-2.0522140025702234,175870.76798139533
139.7,0.462208297297305,-0.9092422237981926,0.5820092106791769,-1.3714505210954977,135493.8885261594,-1.5659952342787407,1.0466125279854517,-2.028203531576046,194737.3837753063
139.75,0.489231720720718,-0.8794135752975215,0.6110432442406267,-1.3686452960182396,149349.53853284408,-1.51238088057527,1.097822748262997,-2.0016126012959883,214260.40650732795
139.8,0.51453251131222,-0.8481476666627691,0.6394913776316415,-1.362680177974989,163579.6888260859,-1.456227760792003,1.1481449546744458,-1.970760272104223,234353.21545677958
139.85,0.539552873303161,-0.8154750309416838,0.6673040457140912,-1.355027904244845,178117.87577055756,-1.3975830312634452,1.1974684842496512,-1.9371359045666061,254921.0259148724
139.9,0.564573235294117,-0.7814286844278207,0.694431518235052,-1.3460019197219375,192894.05340729575,-1.336499442399379,1.2456803365162348,-1.901072677693496,275861.24458368
139.95,0.589593597285072,-0.7460441293664969,0.720824128608911,-1.3356377266515689,207834.96975391835,-1.2730354398080315,1.2926658190199556,-1.8626290370931033,297063.98571778357
140.0,0.613246351351348,-0.7093593443147803,0.7464325362728447,-1.3226056956661283,222864.6124826846,-1.2072552309524494,1.3383092773793972,-1.8205015823037973,318412.75056351366
140.05,0.635158513513518,-0.6714147609355242,0.7712080034286675,-1.3065732744490424,237904.71382097263,-1.1392288136472992,1.3824948873405853,-1.7743873271608173,339785.2646262858
140.1,0.657070675675674,-0.6322532270193176,0.7951026662624322,-1.2893239026949916,252875.29995905148,-1.0690319639361758,1.4251074835113635,-1.7261026396118497,361054.4603662385
140.15,0.678982837837843,-0.5919199564601875,0.8180697826925868,-1.2709027942980304,267695.26774187846,-0.9967461821411897,1.4660333994829116,-1.6757290199790327,382089.58727100835
140.2,0.70089500000001,-0.5504624677267385,0.8400639434110153,-1.2513574677267485,282282.9716077062,-0.922458597102845,1.505161297093662,-1.623353597102855,402757.42760332004
140.25,0.719230294117651,-0.5079305128476153,0.8610412395157188,-1.2271608069652662,296556.80645870615,-0.8462618295876314,1.5423829679385233,-1.5654921237052823,422923.59462877293
140.3,0.737565588235302,-0.46437599910877836,0.8809593873793261,-1.2019415873440804,310435.776884703,-0.7682538165483895,1.5775940968943731,-1.5058194047836917,442453.8905877285
140.35,0.755900882352942,-0.4198529053977229,0.8997778199200973,-1.175753787750665,323840.05008806527,-0.6885375982081849,1.6106949858755615,-1.4444384805611268,461215.7044488312
140.4,0.774236176470593,-0.3744171945337634,0.9174577584788804,-1.1486533710043563,336691.4954372367,-0.6072210698811908,1.6415912414964995,-1.3814572463517838,479079.43185031443
140.45,0.790526773755663,-0.32812672214698513,0.9339622817050987,-1.1186534959026482,348914.21745911764,-0.5244167001754028,1.6701944333027825,-1.314943473931066,495919.9013396627
140.5,0.805336728506789,-0.28104114185030765,0.949256407359978,-1.0863778703570965,360435.090765589,-0.4402412168668046,1.6964227297225338,-1.2455779453735936,511617.7916300894
140.55,0.820146683257924,-0.2332218057150827,0.963307200178152,-1.0533684889730066,371184.3047660281,-0.35481526141250436,1.7202015171557767,-1.1749619446704282,526061.0239333397
140.6,0.8349566380090486,-0.1847316585431961,0.9760839124542711,-1.0196882965522447,381095.92166081484,-0.26826301291485044,1.7414640020847287,-1.103219650923899,539146.1103212374
140.65,0.849267126126128,-0.13563512429829733,0.9875581564288956,-0.9849022504244254,390108.4449316956,-0.18071178253865194,1.760151789206781,-1.02997890866478,550779.4348529481
140.7,0.860955414414419,-0.08599798328105591,0.9977041000209036,-0.9469533976954749,398165.38847940846,-0.09229157989625504,1.7762154215600203,-0.9532469943106741,560878.4397844695
140.75,0.872643702702703,-0.03588723923475715,1.0064986711989876,-0.9085309419374601,405215.83005013113,-0.0031346537876568298,1.7896148626475612,-0.8757783564903598,569372.6856193866
140.8,0.884331990990993,0.01462902360217172,1.0139217523613109,-0.8697029673888212,411214.92796457256,0.08662498922819324,1.8003198968662903,-0.7977070017627997,576204.7521871378
140.85,0.8960202792792756,0.06548179249793638,1.0199563451528242,-0.8305384867813392,416124.37840700283,0.17685208372542682,1.8083104238694223,-0.7191681955538488,581330.9491688551
140.9,0.905406809954751,0.11660128536471834,1.024588688471354,-0.7888055245900326,419912.79221737967,0.26741061591216075,1.8135766252997796,-0.6379961940425902,584721.8090371088
140.95,0.913898212669685,0.1679171143602034,1.0278083178123791,-0.7459810983094816,422555.975265725,0.358164338936109,1.816118988541283,-0.555733873733576,586362.3432071488
141.0,0.922389615384614,0.21935845088827144,1.0296080618018373,-0.7030311644963425,424037.1043709344,0.4489772856515291,1.8159481810924794,-0.47341232973308484,586252.0526956595
141.05,0.930881018099548,0.2708541889041831,1.0299839789460785,-0.6600268291953649,424346.79875423835,0.5397142714025742,1.813084778024535,-0.3911667466969738,584404.6955207604
141.1,0.937963648648646,0.32233310377085655,1.0289352453259517,-0.6156305448777895,423483.0956295906,0.6302413797407064,1.8075588547230739,-0.30772226890793963,580847.8245844961
141.15,0.941759144144144,0.3737240046133197,1.0264640098290807,-0.5680351395308243,421451.345389758,0.7204264248246182,1.7994094652731458,-0.2213327193195258,575622.1197714824
141.2,0.945554639639641,0.42495587902663573,1.022575236367432,-0.5205987606130054,418264.0456127638,0.8101393854063469,1.788684032040846,-0.13541525423329415,568780.5451516263
141.25,0.949350135135136,0.4759580299655265,1.0172765516184537,-0.4733921051696095,413940.63298909296,0.8992528066412725,1.7754376732801997,-0.0500973284938635,560387.3656360195
141.3,0.953145630630632,0.5266602054734328,1.0105781128729705,-0.4264854251571991,408507.2488871577,0.9876421672506006,1.7597324934366774,0.034496536619968654,550517.0575034427
141.35,0.9511463918918915,0.5769927225127428,1.0024925051761442,-0.37415366937914873,401996.48917373654,1.0751862107077186,1.7416368567027067,0.12403981881582704,539253.1450000507
141.4,0.948203824324323,0.6268865864307077,0.993034669070881,-0.3213172378936153,394447.14159068564,1.1617672399802836,1.721224657163174,0.2135634156559606,526686.990298042
141.45,0.945261256756755,0.6762736074690847,0.9822218532969618,-0.26898764928767027,385903.90763764735,1.247271375837404,1.6985745919133757,0.3020101190806491,512916.558985545
141.5,0.942318689189189,0.7250865152909411,0.9700735800682588,-0.2172321738982479,376417.10029857943,1.3315887788862628,1.673769436236432,0.3892700896970738,498045.1778985285
141.55,0.935996466063345,0.7732590717371722,0.9566116063045165,-0.16273739432617274,366042.30612660287,1.4146138352899655,1.646895314621364,0.47861736922662057,482180.29819054255
141.6,0.925007099547512,0.8207261811952509,0.941859864212658,-0.10428091835226116,354840.0015258746,1.4962453057764649,1.6180409601102688,0.5712382062289528,465432.2753056996
141.65,0.914017733031673,0.8674239971755641,0.9258443671715667,-0.04659373585610893,342875.11688932753,1.5763864371810261,1.5872969556291483,0.6623687041493531,447913.1778399222
141.7,0.903028366515833,0.9132900231221125,0.908593072328079,0.010261656606279534,330216.5484330311,1.6549450355484152,1.554754955131645,0.7519166690325823,429735.63920113846
141.75,0.892039,0.9582632051959454,0.8901356968659496,0.06622420519594541,316936.6235340119,1.7318334998262293,1.5205068868825111,0.8397944998262292,411011.76765460364
141.8,0.873327914027145,1.0022840148188452,0.8705034942976361,0.12895610079170017,303110.53343375784,1.8069688154776566,1.4846441498363872,0.9336409014505116,391852.1336254949
141.85,0.854616828054301,1.0452945193056535,0.8497290038609512,0.1906776912513526,288815.75200100977,1.8802725081026295,1.4472568204284373,1.0256556800483285,372364.8540936231
141.9,0.835905742081447,1.087238439654852,0.8278457912380622,0.25133269757340504,274131.4616282293,1.951670558104185,1.4084328920591191,1.1157648160227382,352654.7931438248
141.95,0.817194656108592,1.1280611955936553,0.8048882008041193,0.31086653948506326,259138.0063174769,2.021093278667204,1.36825757157455,1.203898622558612,332822.89460819284
142.0,0.794956963963966,1.1677099389028402,0.780891137691061,0.37275297493887427,243916.38756977586,2.0884751604497183,1.3268126550788237,1.2935181964857523,312965.6571870787
142.05,0.77016552252252,1.20613357693532,0.7558898954643434,0.43596805441280007,228547.81362603838,2.153754687475464,1.2841760027852314,1.383589164952944,293174.75664523634
142.1,0.745374081081088,1.2432827888540854,0.7299200379850775,0.49790870777299734,213113.30474085483,2.2168741295144834,1.2404211249761299,1.4715000484333953,273536.81196214183
142.15,0.720582639639642,1.2791100373563973,0.7030173365703565,0.5585273977167553,197693.35020739117,2.2777793166373796,1.195616882933517,1.5571966769977377,254133.28546767274
142.2,0.695179416289589,1.3135695784854435,0.6752177539844285,0.6183901621958545,182367.60611831048,2.336419401574906,1.1498272980351163,1.641239985285317,235040.50049897534
142.25,0.666018104072401,1.346617471538743,0.6465574625130062,0.6805993674663419,167214.62093250293,2.392746614971644,1.1031114565413955,1.726728510899243,216329.75743162297
142.3,0.636856791855197,1.3782115904032808,0.6170728793384467,0.7413547985480838,152311.57536601648,2.4467160179213225,1.0555234921322054,1.8098592260661257,198067.52754541617
142.35,0.607695479638009,1.4083116366902506,0.5868007007997513,0.8006161570522417,137734.0249836317,2.498285255118505,1.0071126251228972,1.8905897754804961,180315.7048323437
142.4,0.578534167420805,1.4368791542284876,0.5557779197418516,0.8583449868076826,123555.63842903203,2.5474143109826874,0.9579232386697001,1.9688801435618823,163131.89887705728
142.45,0.547448675675658,1.46387754374569,0.5240418148309676,0.9164288680700319,109847.92947653364,2.5940652701607214,0.9079949759974859,2.046616594485063,146569.75581096445
142.5,0.515614891891886,1.4892720762489688,0.49162990927601646,0.9736571843570828,96679.98707789766,2.638202083240732,0.8573628508135591,2.122587191348846,130679.29919202725
142.55,0.483781108108096,1.5130299036466979,0.4585799030557373,1.0292487955386018,84118.21099464377,2.6797903382767614,0.8060573697874649,2.1960092301686656,115507.2859357664
142.6,0.4519473243243236,1.5351200655372834,0.42492958966357247,1.0831727412129597,72226.06246866084,2.7187970388572946,0.7541046734096403,2.266849714532971,101097.57483702405
142.65,0.419543045248862,1.5555134917543059,0.39071677209694755,1.1359704465054439,61063.83839914322,2.755190389900607,0.7015267061380124,2.335647344651745,87491.50567552875
142.7,0.385671778280529,1.5741830010630367,0.3559791963506613,1.1885112227825076,50688.475293785064,2.788939593000881,0.6483414313542112,2.403267814720352,74728.28650852042
142.75,0.351800511312216,1.591103297341529,0.3207545193570639,1.239302786029313,41153.38467519243,2.820014653979928,0.5945631065079208,2.468214142667712,62845.38446583985
142.8,0.317929244343883,1.6062509652709265,0.2850803231265124,1.2883217209270434,32508.31625356668,2.848386205937778,0.5402026296025404,2.530456961593895,51878.91218302212
142.85,0.28405797737556854,1.6196044680185493,0.24899418022581635,1.3355464906429808,24799.240714530522,2.8740253515428855,0.48526796224340973,2.589967374167317,41863.99914308824
142.9,0.249465671171168,1.6311441494360464,0.21253376814452613,1.3816784782648783,18068.241040684476,2.896903528353641,0.429764627133596,2.647437857182473,32835.13506404956
142.95,0.214755986486477,1.6408522430244465,0.17573702334342664,1.4260962565379696,12353.400549443231,2.916992400707479,0.37369627101414526,2.7022364142210016,24826.471639089334
143.0,0.180046301801805,1.648712889267107,0.13864231895055734,1.468666587465302,7688.677041595228,2.934263781061294,0.3170652766835155,2.754217479259489,17872.069276158974
143.05,0.145336617117114,1.6547121620334821,0.10128864649297993,1.5093755449163682,4103.755963351942,2.9486895827329183,0.25987340334673426,2.8033529656158045,12006.077469691456
143.1,0.11050899095023589,1.6588381037396636,0.06371578119841102,1.5483291127894276,1623.880309489515,2.960241804896321,0.20212243275353148,2.849732813946085,7262.8405017254845
143.15,0.075518493212672,1.6610807679999104,0.02596441416859916,1.5855622747872384,269.66032124742117,2.968892549604891,0.14381480146560272,2.893374056392219,3676.9239325494623
143.2,0.040527995475108,1.6614322678144335,-0.01192375978791304,1.6209042723393254,56.87041899194081,2.9746140697626,0.08495420442163783,2.934086074287492,1283.060773140165
143.25,0.0055374977375639,1.659886826926138,-0.04990600325501955,1.654349329188574,996.2436643560088,2.9773788463586803,0.025546161217332337,2.9718413486211164,116.01890718967731
143.3,-0.029453,1.656440831949918,-0.08793854316872458,1.685893831949918,3093.2749498550547,2.9771596930509854,-0.034401455831840407,3.0066126930509856,210.39291792890066
143.35,-0.063239486486478,1.651092883212059,-0.1259766130488968,1.714332369698537,6348.0428141085895,2.9739298863236474,-0.09487792494301911,3.0371693728101254,1600.3236695987855
143.4,-0.0970259729729752,1.6438438429195887,-0.16397451491585915,1.740869815892564,10755.056616756527,2.9676633199565563,-0.1558691969445727,3.0646892929295313,4319.147832203733
143.45,-0.130812459459472,1.6346968800943673,-0.2018856839721703,1.7655093395538393,16303.131757164407,2.9583346832208712,-0.21735742169548525,3.089147142680343,8398.977558419378
143.5,-0.16459894594595,1.6236575125418764,-0.239662740255701,1.7882564584878264,22975.291626748643,2.9459196629436755,-0.27932046489398066,3.1105186088896253,13870.20837486035
143.55,-0.197299099547524,1.6107336468143627,-0.27725751582425895,1.8080327463618868,30748.69203241568,2.9303951701924627,-0.34173140533145374,3.1276942697399868,20760.95171374406
143.6,-0.229145705882354,1.5959356175565493,-0.31462105189159767,1.8250813234389034,39594.562517350154,2.9117395926849947,-0.40455800853152757,3.1408852985673485,29096.387958576983
143.65,-0.260992312217202,1.5792762277128467,-0.35170356848523576,1.8402685399300487,49478.160034099565,2.8899330740351132,-0.4677621813310639,3.1509253862523154,38898.03702819468
143.7,-0.292838918552051,1.5607707907411006,-0.3884544165247842,1.8536097092931516,60358.733487044214,2.8649578204899653,-0.5312994202348071,3.1577967390420163,50182.946478549726
143.75,-0.324241216216219,1.5404371753481314,-0.42482202797170915,1.8646783915643503,72189.50217999825,2.8367984350063447,-0.5951182734326961,3.1610396512225636,62962.801666402345
143.8,-0.352914189189197,1.5182958523766015,-0.46075388252727983,1.8712100415657984,84917.65610558495,2.8054422773778596,-0.659159840750988,3.1583564665670565,77242.96811713207
143.85,-0.381587162162159,1.4943699425606258,-0.4961965092128115,1.8759571047227848,98484.39030199188,2.7708798478832333,-0.723357337237871,3.152467010045392,93021.48219304232
143.9,-0.410260135135138,1.4686852629868155,-0.5310955386544712,1.8789453981219535,112824.98847147317,2.7331051906399866,-0.7876357450122051,3.1433653257751244,110288.0118792767
143.95,-0.438933108108116,1.4412703694575029,-0.5653958157224268,1.880203477565619,127868.97137457137,2.692116311738566,-0.851911572916096,3.131049419846682,129022.81387882252
144.0,-0.465206990950224,1.4121565916561254,-0.5990415743436841,1.8773635826063493,143540.32311686384,2.647915606423646,-0.9160927362706968,3.11312259737387,149195.71581296576
144.05,-0.490452692307696,1.3813780581365849,-0.6319766680667511,1.8718307504442808,159757.803592301,2.6005102891846463,-0.9800785607968187,3.0909629814923423,170765.15294818906
144.1,-0.515698393665153,1.348971708645482,-0.6641448437080283,1.864670102310635,176435.34936958452,2.549912820592281,-1.0437599079522386,3.065611214257434,193677.28807972724
144.15,-0.540944095022624,1.3149772920481382,-0.6954900402211174,1.855921387070762,193482.5584187086,2.4961413250081894,-1.1070194127021389,3.0370854200308135,217865.24090655794
144.2,-0.565069297297302,1.279437349102416,-0.725956692738062,1.8445066463997182,210805.24789247397,2.4392199938587322,-1.1697318211094394,3.0042892911560344,243248.4503672899
144.25,-0.586313216216216,1.2423971802976759,-0.7554900230251751,1.828710396513892,228306.0699562318,2.3791794698058832,-1.231764414789517,2.9654926860220994,269732.19085186865
144.3,-0.607557135135141,1.2039047998246508,-0.7840363020707246,1.8114619349597918,245885.16918589463,2.3160572077488384,-1.2929775120600386,2.9236143428839796,297207.2616343053
144.35,-0.628801054054055,1.1640108772847308,-0.8115430771970755,1.7928119313387858,263440.8664585994,2.2498978089670736,-1.3532250407134532,2.8786988630211283,325549.8685891426
144.4,-0.650044972972981,1.1227686689536027,-0.837959363426425,1.7728136419265836,280870.3579016077,2.180753324831439,-1.4123551832606427,2.83079829780442,354621.71798812505
144.45,-0.668060950226255,1.0802339402389758,-0.8632358059192267,1.748294890465231,298070.4226484067,2.108683526309946,-1.4702111013604509,2.776744476536201,384270.3435668462
144.5,-0.685462081447968,1.036464880490971,-0.8873248258689977,1.721926961938939,314938.13864137884,2.033756135046844,-1.5266317506132272,2.719218216494812,414329.6892409612
144.55,-0.702863212669691,0.9915220105986875,-0.9101807659086766,1.6943852232683785,331371.610652042,1.9560470111552453,-1.5814527995043497,2.658910223824936,444620.9701440258
144.6,-0.720264343891403,0.9454680829972918,-0.9317600505236493,1.6657324268886948,347270.7167007334,1.8756402921963866,-1.634507664548941,2.5959046360877895,474953.8320834192
144.65,-0.735919918918923,0.898367973019419,-0.9520213734585226,1.634287891938342,362537.8782087407,1.7926284773351322,-1.6856286687306936,2.528548396254055,505127.8237949885
144.7,-0.74916496396397,0.850288560051496,-0.9709259185470823,1.5994535240154661,377078.8557225982,1.7071124504764494,-1.7346483229623648,2.4562774144404194,534934.1874410925
144.75,-0.76241000900901,0.801298596810428,-0.9884376133881561,1.563708605819438,390803.56622418953,1.6192014364312184,-1.78140072107446,2.381611445440228,564157.9607190411
144.8,-0.775655054054058,0.7514685652753048,-1.0045234073259366,1.527123619329363,403626.9103462838,1.5290128848879305,-1.8257230282928272,2.3046679389419884,592580.3690735523
144.85,-0.7889000990990954,0.7008705184260494,-1.0191535582731435,1.4897706175251448,415469.5901363239,1.4366722782297514,-1.8674570333856833,2.225572377328847,619981.4704962946
144.9,-0.797611846153847,0.6495779078180131,-1.032301909086413,1.44718975397186,426258.8926013812,1.3423128609045656,-1.906450727917056,2.1399247070584124,646143.0005289728
144.95,-0.80623107692308,0.5976653980332388,-1.0439461327512676,1.4038964749563188,435929.41123453085,1.2460752900004668,-1.942559871863458,2.052306366923547,670851.352137631
145.0,-0.814850307692307,0.5452086700478797,-1.0540679279583494,1.3600589777401866,444423.6787001632,1.148107208737492,-1.9756495048906944,1.962957516429799,693900.6162088615
145.05,-0.82346953846154,0.4922842163607393,-1.0626531511958743,1.3157537548222793,451692.68789860874,1.0485627465489646,-2.005595365547728,1.8720322850105047,715095.603610049
145.1,-0.8290681261261247,0.4389691312698592,-1.0696918783798763,1.268037257395984,457696.2858687472,0.947601951183205,-2.032285186806904,1.7766700773093298,734254.7698692931
145.15,-0.832293351351352,0.3853408998122718,-1.0751783975903482,1.2176342511636238,462403.4346579795,0.845390159611344,-2.0556198452093897,1.677683510962696,751212.9685366533
145.2,-0.835518576576577,0.3314771886074165,-1.079111142394297,1.1669957651839935,465792.34305580985,0.7420973154396867,-2.075514350075309,1.5776158920162637,765823.9675321835
145.25,-0.838743801801801,0.2774556412090796,-1.0814925809031206,1.1161994430108806,467850.48101939715,0.6378972409886613,-2.091898667116685,1.4766410427904622,777962.672619478
145.3,-0.841264461538462,0.22335367974568307,-1.0823290781583184,1.0646181412841451,468574.4933708141,0.5329668723450087,-2.1047183761723507,1.3742313338834706,787527.012088458
145.35,-0.838618307692308,0.16924831371550916,-1.0816307506596847,1.0078666214078171,467970.03230905323,0.4274854655897047,-2.113935167462315,1.2661037732820128,794439.4475082534
145.4,-0.835972153846154,0.11521595591091421,-1.0794113285943645,0.9511881097570682,466051.5265191405,0.32163378213895155,-2.1195271812658762,1.1576059359851056,798648.0839333104
145.45,-0.833325999999999,0.061332244824009625,-1.0756880355867235,0.8946582448240087,462841.8999617697,0.21559326095208836,-2.121489193963104,1.0489192609520874,800127.3600181727
145.5,-0.830679846153845,0.0076718725570521645,-1.0704814882318794,0.8383517187108972,458372.2466588557,0.10954518528310875,-2.1198326494607413,0.9402250314369538,798878.3043057326
145.55,-0.823925705882349,-0.04569158263839714,-1.0638156102347944,0.7782341232439519,452681.46103169123,0.00366985183096645,-2.1145855309065444,0.8275955577133155,794928.349781211
145.6,-0.815410999999999,-0.09868581968201987,-1.0557175503233145,0.7167251803179792,445815.81842426397,-0.10185424954961078,-2.1057920649621997,0.7135567504503882,788330.7059302693
145.65,-0.806896294117644,-0.1512399736639289,-1.0462175889775513,0.655656320453715,437828.49739440024,-0.20685123696889435,-2.0935122494591676,0.6000450571487497,779163.2957574371
145.7,-0.798381588235289,-0.20328476956418387,-1.035349017804836,0.5950968186711052,428779.0354677754,-0.3111486094199789,-2.077821196470929,0.48723297881531014,767527.275467357
145.75,-0.788368144144142,-0.25475266893473336,-1.0231479765341462,0.5336154752094087,418732.71275436715,-0.41457798212564784,-2.0588082861869768,0.3737901620184942,753545.1660928279
145.8,-0.774500801801796,-0.3055780071728549,-1.0096532390993016,0.46892279462894115,407759.86528948456,-0.5169757749065016,-2.036576135570024,0.25752502689529444,737358.6410619257
145.85,-0.760633459459459,-0.3556971187795358,-0.9949059470250742,0.40493634067992323,395935.13737034384,-0.6181838446047745,-2.0112393946007927,0.14244961485468455,719126.0270922957
145.9,-0.746766117117114,-0.40504844806743734,-0.978949295875695,0.3417176690496767,383336.68955820764,-0.7180500534487789,-1.9829233924361838,0.028716063668335123,699019.5876036665
145.95,-0.73289877477477,-0.45357264327422814,-0.9618281872803749,0.2793261315005418,370045.3847388208,-0.8164287666100686,-1.9517626644384212,-0.08352999183529863,677222.6663636916
146.0,-0.715272054054054,-0.5012126327825219,-0.9435888648980599,0.2140594212715321,356143.97838384367,-0.9131812739145,-1.917899398491766,-0.19790921986044596,653926.7738195694
146.05,-0.696929261261258,-0.5479136831920645,-0.9242785558183848,0.14901557806919352,341716.3394982876,-1.0081761327496293,-1.881481843450157,-0.31124687148837127,629328.6981746847
146.1,-0.678586468468472,-0.5936234400250852,-0.9039451378429058,0.08496302844338688,326846.724891932,-1.1012894313343522,-1.8426627222396825,-0.42270296286588016,603627.7169656458
146.15,-0.660243675675676,-0.6382919528095496,-0.8826368493898875,0.021951722866126344,311619.1231603628,-1.192404973589856,-1.8015976885343896,-0.5321612979141801,577022.9744591032
146.2,-0.640528769230765,-0.681871686938213,-0.8604020516478991,-0.041342917707448024,296116.6761919656,-1.2814143885990594,-1.7584438581213726,-0.6408856193682945,549711.0759404049
146.25,-0.618755692307696,-0.7243175250210534,-0.8372890461388213,-0.1055618327133574,280421.17871362285,-1.368217169002824,-1.7133584381624996,-0.749461476695128,521883.93557735824
146.3,-0.596982615384614,-0.765586760417028,-0.8133459427259228,-0.16860414503241405,264612.649019488,-1.4527206436012636,-1.6664974672983723,-0.8557380282166497,493726.8992910026
146.35,-0.575209538461545,-0.8056390851860923,-0.788620566141813,-0.2304295467245473,248768.95893673346,-1.534839889812377,-1.6180146698319557,-0.959630351350832,465417.15054069564
146.4,-0.553436461538464,-0.8444365739891172,-0.7631603841926744,-0.29100011245065316,232965.50880044416,-1.6144975916079414,-1.5680604191785361,-1.0610611300694774,437122.3961234429
146.45,-0.529712696832576,-0.8819436645673372,-0.7370124403170337,-0.35223096773476115,217274.9348728277,-1.6916238481693886,-1.5167808019794398,-1.1619111513368126,408999.82244504755
146.5,-0.505949122171951,-0.9181271346412319,-0.7102232753498607,-0.4121780124692809,201766.84033947362,-1.7661559380703218,-1.4643167732731204,-1.2602068158983708,381195.30888693384
146.55,-0.482185547511313,-0.9529560743814233,-0.6828388275934192,-0.4707705268701103,186507.54578766212,-1.8380380433079,-1.410803394461645,-1.355852495796587,353842.8831687999
146.6,-0.4584219728506877,-0.986401853246232,-0.6549043072100106,-0.5279798803955442,171559.8606408896,-1.907220937216715,-1.3563691503140998,-1.4487989643660273,327064.4038975632
146.65,-0.434179405405408,-1.0184380799433823,-0.626464048032102,-0.5842586745379743,156982.8813907071,-1.9736616402240408,-1.301135346468433,-1.5394822348186328,300969.45596969407
146.7,-0.409560486486482,-1.0490405546308004,-0.597561347619101,-0.6394800681443183,142831.8256673424,-2.037323047647242,-1.2452155953703434,-1.6277625611607598,275655.4451472923
146.75,-0.384941567567569,-1.0781872131497172,-0.5682383113098406,-0.6932456455821483,129157.91137610373,-2.0981735342478687,-1.188715402784786,-1.7132319666802998,251207.87712316372
146.8,-0.360322648648642,-1.1058580639314533,-0.5385357180620698,-0.7455354152828113,116008.28785145165,-2.156186540914828,-1.1317318687241447,-1.795863892266186,227700.80403303905
146.85,-0.3357166216216221,-1.1320351190942173,-0.50849292459963,-0.7963184974725952,103426.02174715401,-2.2113401495234433,-1.074353515262354,-1.8756235279018212,205197.4179122804
146.9,-0.31120513513513,-1.156702321988801,-0.4781478210819604,-0.8454971868536711,91450.13552217057,-2.2636166525560193,-1.016660250351369,-1.9524115174208894,183750.7670479126
146.95,-0.286693648648639,-1.1798454739802031,-0.4475368452140765,-0.8931518253315641,80115.6911296673,-2.3130021243906675,-0.9587234703517172,-2.0263084757420287,163404.56757390933
147.0,-0.262182162162162,-1.201452163384608,-0.41669505355573994,-0.939270001222446,69453.90706312838,-2.3594860010801635,-0.900606295509608,-2.0973038389180014,144194.07991316257
147.05,-0.237670675675671,-1.2215116992349873,-0.3856562412701434,-0.9838410235593162,59492.29457224603,-2.4030606749574885,-0.8423639245527665,-2.1653899992818175,126147.01891341138
147.1,-0.21376730769231211,-1.2400150519355468,-0.3544530950251865,-1.0262477442432347,50254.79862917356,-2.443721109520268,-0.7840440873038683,-2.229953801827956,109284.4677042055
147.15,-0.190150113122171,-1.2569548020000088,-0.32311736023207654,-1.0668046888778377,41761.93139333821,-2.4814644788692957,-0.7256875698339437,-2.291314365747125,93621.76871315466
147.2,-0.16653291855203,-1.2723250970943416,-0.29168000275563083,-1.1057921785423117,34030.88960300992,-2.5162898346480502,-0.6673287848126629,-2.34975691609602,79169.37014036362
147.25,-0.142915723981903,-1.2861216166479794,-0.26017134746454207,-1.1432058926660764,27075.652016606193,-2.548197802082374,-0.6089963612953959,-2.4052820781004707,65933.61210151688
147.3,-0.11974102352941,-1.2983415425410778,-0.22862118119161814,-1.1786005190116677,20907.057795780278,-2.577190305546691,-0.5507137330545242,-2.457449282017281,53917.44280441773
147.35,-0.09782572941177026,-1.308983533925211,-0.19705881501682973,-1.2111578045134408,15532.870630334846,-2.603270323209825,-0.4924997119770439,-2.5054445937980545,43121.06067510599
147.4,-0.0759104352941187,-1.3180477041854972,-0.16551310866695024,-1.2421372688913785,10957.83565623907,-2.626441669855956,-0.4343690414615455,-2.550531234561837,33542.48252092832
147.45,-0.053995141176467,-1.325535598359877,-0.13401246643809356,-1.2715404571834101,7183.736464328461,-2.6467088069127556,-0.3763329322912976,-2.5927136657362886,25178.040164794027
147.5,-0.0320798470588277,-1.3314501699443912,-0.10258481949275708,-1.2993703228855635,4209.458076144621,-2.6640766790153636,-0.31839959014449,-2.631996831956536,18022.808711854083
147.55,-0.0118445729729707,-1.3357957568343197,-0.07125761180638185,-1.3239511838613491,2031.058896139604,-2.6785505770061984,-0.2605747477316317,-2.6667060040332276,12070.9687387384
147.6,0.00807069729729438,-1.338578057004668,-0.04005780632910092,-1.3466487543019623,641.8511391599031,-2.690136027944895,-0.20286221521791906,-2.6982067252421897,7316.102820110455
147.65,0.0279859675675709,-1.3398041052771934,-0.009011923718845922,-1.3677900728447643,32.48590764571908,-2.6988387133316154,-0.1452644595549883,-2.7268246808991865,3751.424570631614
147.7,0.0479012378378476,-1.3394822529780626,0.021853880278699268,-1.3873834908159102,191.0368332942883,-2.7046644171390515,-0.08778321786779877,-2.752565654976899,1369.9365936400757
147.75,0.0671297303167457,-1.3376221524237875,0.05251369999703666,-1.4047518827405332,1103.0754749515072,-2.707619005346544,-0.030420143136097644,-2.7747487356632896,164.51290816367444
147.8,0.0853280561086047,-1.3342347479172092,0.0829417362017253,-1.419562804025814,2751.732641662636,-2.707708438384406,0.026822527155185724,-2.7930364944930104,127.90186008723123
147.85,0.10352638190045296,-1.3293322743494713,0.11311213838553325,-1.4328586562499244,5117.74234005921,-2.7049388172644973,0.08394129537788143,-2.8084651991649503,1252.6473012829758
147.9,0.121724707692312,-1.3229282636522692,0.14299885162470793,-1.4446529713445813,8179.468626394095,-2.699316463239723,0.14093074183541388,-2.821041170932035,3530.9287100942356
147.95,0.139923033484172,-1.3150375583938654,0.17257548694935887,-1.4549605918780375,11912.919478323332,-2.6908480297555384,0.19778289858149192,-2.8307710632397103,6954.324439341639
148.0,0.156715243243245,-1.305676330921611,0.20181523133809176,-1.462391574164856,16291.755040019,-2.679540644387501,0.25448667912352835,-2.8362558876307458,11513.505751346078
148.05,0.173478756756761,-1.2948621057778318,0.23069080798315816,-1.4683408625345928,21287.29955516894,-2.665402077561906,0.31102737942437225,-2.838880834318667,17197.87213361643
148.1,0.190242270270269,-1.2826137827517914,0.2591744905671242,-1.4728560530220605,26868.566624291347,-2.648440934242434,0.367386259112606,-2.838683204512703,23995.140157289752
148.15,0.207005783783785,-1.2689516579379574,0.287238167358863,-1.4759574417217425,33002.30591507127,-2.628666864513028,0.4235402038802772,-2.835672648296813,31890.898542746094
148.2,0.223256208144801,-1.2538974405710008,0.31485344368817425,-1.477153648715802,39653.07640092093,-2.6060907891374665,0.4794614623931894,-2.8293469972822676,40868.14114137169
148.25,0.239069556561085,-1.2374742641159542,0.3419917662441906,-1.4765438206770392,46783.34727152844,-2.5807251366628723,0.5351174451991043,-2.8197946932239573,50906.787583362915
148.3,0.254882904977378,-1.219706690984197,0.368624550803588,-1.474589595961575,54353.62378205882,-2.5525840893470257,0.5904705703689247,-2.807466994324404,61983.199017209474
148.35,0.27069625339366193,-1.2006207111472438,0.39472329586918076,-1.4713169645409057,62322.592120731526,-2.521683835957464,0.6454781405608416,-2.792380089351126,74069.69421189006
148.4,0.286399405405405,-1.1802437357156004,0.4202596688380438,-1.4666431411210055,70647.2757007449,-2.4880428301957505,0.700092239549292,-2.7744422356011555,87134.07002260325
148.45,0.301294450450453,-1.1586045870578998,0.4452055575205432,-1.459899037508353,79283.19537887107,-2.451682053950802,0.7542596419691207,-2.752976504401255,101139.1302228242
148.5,0.316189495495493,-1.1357334872220366,0.46953308739918875,-1.4519229827175297,88184.52806504568,-2.4126252847305563,0.8079217374404225,-2.7288147802260494,116042.2282362224
148.55,0.331084540540541,-1.1116620461930302,0.4932146126847642,-1.4427465867335711,97304.26166631277,-2.3708993663511135,0.8610144781391176,-2.7019839068916545,131794.83227825369
148.6,0.3459795855855796,-1.0864232509732001,0.5162226951202639,-1.4324028365587798,106594.34838289156,-2.3265344813509703,0.9134683652885797,-2.67251406693655,148342.12522364268
148.65,0.360188769230768,-1.0600514556678657,0.5385300878031509,-1.4202402248986337,116005.86218770778,-2.279564422702498,0.9652084940538747,-2.639753191933266,165622.65546555532
148.7,0.374075194570139,-1.0325823718880984,0.5601097414686225,-1.4066575664582375,125489.16899521885,-2.230026861393694,1.0161546771476253,-2.6041020559638333,183568.05829137683
148.75,0.387961619909503,-1.0040530579529263,0.5809348482947657,-1.3920146778624294,134994.11918530497,-2.1779636054680895,1.0662216655357815,-2.5659252253775926,202102.8693436259
148.8,0.401848045248874,-0.9745019047576587,0.6009789322783242,-1.3763499500065328,144470.27081695784,-2.1234208453245507,1.1153194787049392,-2.525268890573425,221144.4514806502
148.85,0.4153357612612613,-0.943968615903415,0.6202159881905881,-1.3593043771646762,153867.14880289108,-2.0664493796448107,1.1633538494945799,-2.481785140906072,240603.05406824136
148.9,0.427688689189193,-0.912494179769686,0.638620663144497,-1.340182868958879,163134.5405580468,-2.0071048162750493,1.2102267795718822,-2.4347935054642424,260382.01919874296
148.95,0.440041617117123,-0.8801208317012287,0.656168468049075,-1.3201624488183517,172222.823384748,-1.9454477428098722,1.2558371934012427,-2.385489359926995,280378.1433475396
149.0,0.452394545045046,-0.8468920052338188,0.6728360012487138,-1.2992865502788649,181083.3138305437,-1.8815438623963052,1.3000816717363937,-2.333938407441351,300482.1961217593
149.05,0.464747472972977,-0.8128522722485021,0.688601164725758,-1.2775997452214791,189668.62562466823,-1.8154640913557376,1.3428552416550372,-2.280211564328715,320579.5911182948
149.1,0.4754698198198188,-0.7780472728835631,0.7034433547461051,-1.2535170927033819,197933.02133458186,-1.7472846163817104,1.3840521995754067,-2.2227544362015292,340551.1984265816
149.15,0.485834234234235,-0.7425236368637843,0.7173436127937763,-1.2283578710980194,205832.74352641095,-1.6770869102227144,1.423566945749486,-2.1629211444569494,360274.2842720924
149.2,0.496198648648652,-0.706328898440857,0.730284729622749,-1.202527547089509,213326.31452806864,-1.6049577057012983,1.4612948141713151,-2.1011563543499503,379623.561586485
149.25,0.506563063063062,-0.6695114073164278,0.7422513025252493,-1.1760744703794899,220374.79844017164,-1.5309889285716256,1.4971328880421424,-2.037551991634688,398472.33501464996
149.3,0.515941135746607,-0.632120237724495,0.7532297536103314,-1.148061373471102,226942.0246895522,-1.4552775900368913,1.5309807980659422,-1.9712187257834983,416693.7251638452
149.35,0.523709914027147,-0.5942050972966086,0.7632083227208172,-1.1179150113237557,232994.77754812923,-1.3779256397245463,1.5627415066015018,-1.9016355537516931,434161.95848091226
149.4,0.531478692307692,-0.5558162365629583,0.7721770521208539,-1.0872949288706502,238502.95992882072,-1.2990397796714097,1.592322084474007,-1.8305184719791017,450753.7103473149
149.45,0.539247470588237,-0.5170043590569282,0.7801277802033597,-1.056251829645165,243439.7413780086,-1.218731239489727,1.6196344878668039,-1.757978710077964,466349.48876223364
149.5,0.547016248868777,-0.47782053120703816,0.7870541582727442,-1.0248367800758151,247781.69922176714,-1.1371155125794827,1.6445963400558683,-1.6841317614482598,480835.0438622502
149.55,0.551570764705883,-0.4383160906101066,0.7929516994075574,-0.9898868553159896,251508.9590373333,-1.0543120531148158,1.6671317181582377,-1.6058828178206987,494102.78501142
149.6,0.555991352941175,-0.398542551013743,0.7978178607093329,-0.9545339039549179,254605.3355467266,-0.9704439337005082,1.6871719376438614,-1.526435286641683,506053.1817196341
149.65,0.56041194117647,-0.3585515024645339,0.8016521529642833,-0.9189634436410039,257058.46974090827,-0.8856374641484476,1.704656320136578,-1.4460494053249175,516596.1190722809
149.7,0.564832529411765,-0.3183945055410964,0.8044562648493777,-0.8832270349528614,258859.95282216487,-0.8000217727137136,1.7195329230386378,-1.3648543021254786,525652.1730513425
149.75,0.567137094594594,-0.2781229793759095,0.8062341842388735,-0.8452600739705036,260005.42393412875,-0.7137283523489953,1.731759204761847,-1.2808654469435894,533153.7676937573
149.8,0.567639121621622,-0.23778808407434845,0.8069922978773291,-0.8054272056959705,260494.62753333274,-0.6268905758815614,1.7413025979960248,-1.1945296975031834,539046.1756067033
149.85,0.568141148648649,-0.19744059905978828,0.8067394522447289,-0.7655817477084372,260331.41752325007,-0.5396431853758817,1.7481409651947928,-1.1077843340245308,543288.3260786101
149.9,0.568643175675676,-0.15713079961440216,0.8054869633352604,-0.7257739752900781,259523.69924122363,-0.4521217621047098,1.7522629159679253,-1.0207649377803858,545853.3914091407
149.95,0.568764140271492,-0.11690833435297322,0.8032485690909787,-0.6856724746244652,258083.30549868193,-0.3644621843949274,1.7536679732078653,-0.9332263246664194,546729.1307119968
150.0,0.565455542986425,-0.07682210647936333,0.8000403269698065,-0.6422776494657882,256025.80991118198,-0.2768000810333424,1.7523665851735355,-0.8422556240197674,545917.9820147125
150.05,0.562146945701356,-0.03692016134007345,0.7958804663780583,-0.5990671070414295,253370.28670486226,-0.18927028779235006,1.748379990193021,-0.7514172334937061,543436.904907973
150.1,0.55883834841629,0.0027504178242134525,0.7907892114809604,-0.5560879305920765,250139.03079787162,-0.10200631411327812,1.7417399489550174,-0.6608446625295681,539316.9866285914
150.15,0.555529751131221,0.04214360492051837,0.7847885930156605,-0.5133861462107027,246357.25429100002,-0.015139826052050928,1.73248836520364,-0.5706695771832719,533602.8329895077
150.2,0.550030324324322,0.08121451674742923,0.7779022676782469,-0.46881580757689273,242052.77522358354,0.07119984950202465,1.720676818258964,-0.47883047482229735,526351.7711811186
150.25,0.543499918918919,0.11991949024745258,0.770155361149792,-0.42358042867146645,237255.7121231066,0.15688619552622513,1.7063660307077209,-0.3866137233926939,517632.89435612847
150.3,0.536969513513512,0.15821615272184356,0.7615743446835764,-0.37875336079166844,231998.19299208757,0.24179594773765173,1.6896252904233935,-0.29517356577586024,507525.97725125984
150.35,0.5304391081081086,0.1960634867888118,0.7521869480024074,-0.33437562131929677,226314.0818980705,0.32580950772000744,1.670531840277672,-0.20462960038810113,496120.2896678233
150.4,0.523262895927602,0.233421891792987,0.7420221028335814,-0.289841004134615,220238.720437428,0.4088113248626341,1.6491702412079263,-0.1144515710649679,483513.3305752551
150.45,0.514041628959274,0.27025324292896724,0.7311099059226968,-0.24378838603030673,213808.6778153178,0.49069024579724635,1.6256317089269672,-0.023351383162027617,469809.50276778877
150.5,0.504820361990951,0.30652094868492846,0.7194815857183663,-0.19829941330602258,207061.50087512593,0.5713398299259949,1.6000134195513205,0.06651946793504382,455118.7453767662
150.55,0.495599095022624,0.3421900063374102,0.7071694551501695,-0.1534090886852138,200035.45531895504,0.6506586292962673,1.572417776907813,0.15505953427364327,439555.1404685704
150.6,0.4863778280543,0.37722705440219007,0.6942068345346203,-0.10915077365210996,192769.25164583107,0.7285504307464167,1.5429516350027979,0.24217260269211666,423235.5107480546
150.65,0.475413400900901,0.41160042023230387,0.6806279335721124,-0.06381298066859714,185301.75358345752,0.8049244579822672,1.5117254731639267,0.3295110570813662,406278.0277711463
150.7,0.464066328828825,0.4452801606037839,0.66646768867754,-0.01878616822504109,177671.67202047296,0.8796955313024971,1.4788525279358289,0.41562920247367213,388800.8532235007
150.75,0.452719256756756,0.47823809310423177,0.6517615591108805,0.02551883634747576,169917.2519738583,0.9527841830441205,1.4444478925394928,0.5000649262873644,370920.83809098345
150.8,0.44137218468468,0.5104478165134474,0.6365452927299268,0.06907563182876741,162075.96387865127,1.0241167275537433,1.4086276018261945,0.5827445428690633,352752.3058891762
150.85,0.4293685429864234,0.5418847190343761,0.6208546772052109,0.11251617604795267,154184.21208303465,1.0936252855127715,1.3715077256165564,0.6642567425263481,334405.9451423821
150.9,0.416293656108593,0.5725259741265121,0.6047252963227794,0.1562323180179191,146277.07360506934,1.1612477636917764,1.3332034971319975,0.7449541075831834,315987.8337359979
150.95,0.403218769230762,0.6023505246903532,0.5881923105051006,0.19913175545959122,138388.07765493146,1.2269277925601607,1.2938285027231915,0.8237090233293987,297598.61234825524
151.0,0.390143882352939,0.6313390572131209,0.5712902769210477,0.24119517486018188,130549.03220181096,1.290614625387952,1.2534939551087014,0.900470743035013,279332.81697672093
151.05,0.377068995475108,0.6594739681184575,0.5540530182724548,0.28240497264334946,122789.89882272684,1.352263003439026,1.2123080655068987,0.9751940079639179,261278.37256765852
151.1,0.36311745945945895,0.6867393248249345,0.5365135422281087,0.32362186536547555,115138.712397661,1.411832992409843,1.170375521978972,1.0487155329503839,243516.24221289798
151.15,0.349129396396394,0.7131208239462324,0.5187040059740544,0.36399142754983843,107621.53832541275,1.4692897954319437,1.1277970724917616,1.1201603990355498,226120.21986150896
151.2,0.335141333333328,0.7386057485941869,0.5006557133922406,0.4034644152608589,100262.45734091735,1.5246035476467492,1.0846692026071645,1.1894622143134213,209156.84961501547
151.25,0.32115327027027,0.7631829260141182,0.4823991281307008,0.44202965574384817,93083.5675285041,1.577749096704012,1.0410838916328848,1.256595826433742,192685.452340884
151.3,0.307068294117644,0.786842685882968,0.4639638841132691,0.479774391765324,86104.9943045884,1.6287057726183503,0.9971284275018082,1.3216374785007061,176758.24016572957
151.35,0.29289385972850895,0.8095768187241856,0.4453787774610873,0.5166829589956767,79344.90216509308,1.677457149434569,0.9528852613924977,1.38456328970606,161420.50157849755
151.4,0.278719425339366,0.8313785332079859,0.4266717286335079,0.5526591078686199,72819.50560604231,1.723990800284223,0.9084318866090221,1.445271374944857,146710.84313031595
151.45,0.264544990950222,0.85224241070088,0.40786971014284656,0.587697419750658,66543.08018080387,1.768298046772752,0.8638407319097677,1.50375305582253,132661.47735224947
151.5,0.250459936936938,0.8721643553849671,0.38899864271058904,0.621704418448029,60527.977612272196,1.8103737033237817,0.8191790666308193,1.5599137663868436,119298.54990331383
151.55,0.237179306306305,0.8911415385941297,0.37008327002967883,0.6539622322878247,54784.65070234407,1.8502158171594234,0.7745089223924514,1.6130365108531184,106642.5014872029
151.6,0.22389867567567895,0.9091723366748666,0.35114702786221197,0.6852736609991876,49321.694070586025,1.8878254050000551,0.7298870423152805,1.6639267293243762,94708.46125151076
151.65,0.210618045045046,0.9262562625400024,0.3322119256876292,0.7156382174949564,44145.905427633144,1.923206188207791,0.6853648720024372,1.712588143162745,83506.66804887417
151.7,0.197337414414413,0.9423938919961614,0.31329845874373563,0.7450564775817484,39262.369700480085,1.9563643288359724,0.6409886071085323,1.7590269144215593,73042.91456763314
151.75,0.185102687782808,0.957586786734683,0.2944255642134794,0.772484098951875,34674.565144970264,1.9873081697267412,0.5967993090768068,1.8022054819439333,63319.007167031814
151.8,0.173406760180994,0.9718374164124715,0.2756106294710399,0.7984306562314775,30384.487630969143,2.016047982243049,0.552833095379333,1.842641222062055,54333.23223941239
151.85,0.16171083257918595,0.985149082478749,0.25686955299927083,0.823438249899563,26392.786903218086,2.042595725380199,0.509121403561278,1.8808848928010131,46080.81841141435
151.9,0.150014904977372,0.9975258462243168,0.23821685062410092,0.8475109412469448,22698.907168506084,2.0669648197555133,0.46569132029759736,1.9169499147781413,38554.38325342567
151.95,0.138880929729724,1.0089724630007089,0.21966579335480463,0.8700915332709849,19301.22430807829,2.089169939363264,0.4225659598505071,1.9502890096335401,31744.353853223176
152.0,0.129526470270268,1.0194943237476681,0.20122855870900397,0.8899678534774002,16197.173136041223,2.10922682306107,0.379764871199654,1.979700352790802,25639.352426184854
152.05,0.120172010810807,1.0290974040275418,0.182916376749788,0.9089253932167348,13383.360353308155,2.127152106663937,0.33730445167408385,2.00698009585313,20226.540998960776
152.1,0.11081755135135092,1.0377882198693829,0.16473965386921507,0.9269706685180319,10855.661422779516,2.1429631754383,0.29519834602424067,2.032145624086949,15491.922399190636
152.15,0.10146309189189,1.0455737889832433,0.14670806260958674,0.9441106970913533,8609.30225386337,2.1566780358282336,0.25345781465865047,2.0552149439363436,11420.598010940235
152.2,0.0940965619909475,1.0524615954978511,0.12883059232970512,0.9583650335069036,6638.928608009071,2.1683152046064467,0.21209206119236884,2.074218642615499,7996.985319258227
152.25,0.0872270144796377,1.0584595562849457,0.11111556332048349,0.971232541805308,4938.66736481135,2.177893613325309,0.17110851754317852,2.090666598845671,5204.99996014653
152.3,0.0803574669683241,1.0635759872749264,0.09357061425626333,0.9832185203066023,3502.183940917772,2.1854325260826246,0.13051309281416812,2.1050750591143004,3028.207537052384
152.35,0.0734879194570147,1.0678195687763763,0.07620267778621923,0.9943316493193616,2322.7392407161396,2.1909514690665537,0.09031039812467674,2.117463549609539,1449.9498683444654
152.4,0.0674512986486482,1.0711993096489483,0.0590179619017792,1.0037480110003,1393.2479308159445,2.194470171078277,0.050503963573462346,2.1270188724296286,453.4489487341532
152.45,0.0627736635135122,1.0737245110379825,0.042021953515055,1.0109508475244704,706.3378308885773,2.1960085150469997,0.011096463486483195,2.1332348515334876,21.890044783440853
152.5,0.0580960283783788,1.0754047311276829,0.0252194573611531,1.017308702749304,254.40841183640774,2.1955865013119276,-0.02791003623347918,2.137490472933549,138.4835773429548
152.55,0.0534183932432428,1.076249752876507,0.008614676701012205,1.022831359633264,29.68506186518501,2.193224224006092,-0.06651380081274902,2.1398058307628496,786.5041241880981
152.6,0.04874075810811006,1.0762695568316323,-0.007788664777429465,1.0275287987235222,24.265319606068154,2.188941862085789,-0.10471311838103495,2.1402011039776787,1949.3043841921135
152.65,0.0453461266968328,1.0754743009140424,-0.02398716822549026,1.0301281742172095,230.15369579118786,2.1827596864203818,-0.1425059677882103,2.137413559723549,3610.302374267455
152.7,0.042033389140271,1.0738743084586657,-0.03997758677912157,1.0318409193183946,639.2829778728782,2.1746980838056653,-0.17988967640174558,2.132664694665394,5752.941453497731
152.75,0.0387206515837111,1.071480064974826,-0.05575665295436587,1.0327594133911149,1243.5217394694384,2.164777597962595,-0.21686058634755076,2.126056946378884,8360.624695289514
152.8,0.0354079140271494,1.068302223120722,-0.0713209255982888,1.0328943090935725,2034.6697712786588,2.153018986582387,-0.25341374958198193,2.117611072555238,11416.627284835457
152.85,0.03227248235294218,1.0643516144896934,-0.08666667288540812,1.0320791321367513,3004.4448756105344,2.1394432925057862,-0.2895426702626135,2.107170810152844,14903.992516054139
152.9,0.0293007176470587,1.059639266088223,-0.10178980297279061,1.0303385484411642,4144.465595695813,2.1240719262898615,-0.32523910866764405,2.0947712086428028,18805.418276786415
152.95,0.0263289529411753,1.0541764189829004,-0.11668584663429882,1.0278474660417252,5446.234721905242,2.106926756872222,-0.36049295390946623,2.0805978039310467,23103.14130104401
153.0,0.0233571882352937,1.047974546572176,-0.13134998844510423,1.0246173583368823,6901.127785811606,2.0880302068766703,-0.3952921647957345,2.0646730186413764,27778.825875359664
153.05,0.0203267450450434,1.0410453702955305,-0.14577713578882737,1.020718625250487,8500.389327517685,2.0674053493343494,-0.4296227703356155,2.047078604289306,32813.46218503983
153.1,0.016768195495495124,1.0334008712736376,-0.15996200973923996,1.0166326757781425,10235.137823926681,2.045076003185282,-0.463468915279187,2.028307807689787,38187.27740978955
153.15,0.0132096459459449,1.0250532972368454,-0.17389923962275608,1.0118436512909004,12096.378216549094,2.02106682574841,-0.4968129327675508,2.007857179802465,43879.660473794655
153.2,0.0096510963963947,1.0160151650060478,-0.18758344370967964,1.006364068609653,14075.01934159302,1.9954034012685267,-0.529635425742126,1.985752304872132,49869.09941351876
153.25,0.0060925468468465,1.006299259582253,-0.20100928244977606,1.0002067127354066,16161.892652389539,1.968112325504305,-0.5619153418279071,1.9620197786574585,56133.12913450199
153.3,0.0017406921621607,0.9959186314339427,-0.21417147660465452,0.994177939271782,18347.76855640723,1.9392212869554963,-0.5936300317602518,1.9374805947933356,62648.28704136489
153.35,-0.0030198348648643944,0.9848865937756691,-0.22706479018935083,0.9879064286405335,20623.367577493565,1.9087591456523227,-0.6247552887975848,1.9117789805171872,69390.07482320952
153.4,-0.0077803618918922,0.973216721434824,-0.23968398574980956,0.9809970833267162,22979.365209965967,1.8767560103525676,-0.6552653744237792,1.8845363722444597,76332.92638555299
153.45,-0.0125408889189203,0.9609228523786456,-0.2520237652452269,0.9734637412975659,25406.391299352497,1.8432433145643419,-0.6851330419875982,1.8557842034832621,83450.18403967645
153.5,-0.0176232914027144,0.948019092203463,-0.26407871365791546,0.9656423836061774,27895.02680288772,1.808253891103227,-0.7143295746183216,1.8258771825059414,90714.08731989197
153.55,-0.0238468886877836,0.9345198210075696,-0.2758432626561913,0.9583667096953532,30435.802221125017,1.7718220440281913,-0.7428248548685772,1.795668932715975,98095.78044631516
153.6,-0.03007048597285266,0.9204397012603882,-0.28731168928336703,0.9505101872332409,33019.20271954482,1.7339836159652438,-0.7705874819678793,1.7640541019380964,105565.3453094394
153.65,-0.0362940832579184,0.9057936846469641,-0.2984781590535183,0.9420877679048825,35635.68457279095,1.6947760481341239,-0.7975849475006305,1.7310701313920422,113091.8663963704
153.7,-0.0425176805429876,0.8905970155862825,-0.30933681582510547,0.93311469612927,38275.70624992609,1.6542384300366373,-0.8237838734221502,1.696756110579625,120643.53246407132
153.75,-0.0497363819819813,0.8748652291802032,-0.3198819129587156,0.9246016111621844,40929.77529525092,1.6124115357523745,-0.8491503081505011,1.6621479177343559,128187.77703681617
153.8,-0.0572038594594612,0.858614141827249,-0.33010797319682245,0.9158180012867102,43588.509587245615,1.5693378442206132,-0.8736500686540212,1.6265417036800744,135691.45643718683
153.85,-0.06467133693694095,0.8418598334744558,-0.34000996002044004,0.9065311704113967,46242.70916524049,1.5250615416270825,-0.8972491107336028,1.5897328785640235,143121.06074884284
153.9,-0.0721388144144166,0.8246186214275119,-0.3495834408162871,0.8967574358419285,48883.432837181805,1.479628505018976,-0.9199139060702584,1.5517673194333925,150442.95014781159
153.95,-0.0799002986425387,0.8069070265923616,-0.3588247237304683,0.8868073252349002,51502.07294409876,1.4330862673423883,-0.9416118049864809,1.512986565984927,157623.6073404264
154.0,-0.0881844615384633,0.7887417338426205,-0.36773095387612414,0.8769261953810837,54090.42177545765,1.3854839650888742,-0.9623113667100013,1.4736684266273374,164629.896266537
154.05,-0.0964686244343927,0.7701395487691914,-0.3763001613129014,0.8666081732035842,56640.724561646246,1.3368722705104512,-0.9819826450829741,1.4333408949448438,171429.31826562743
154.1,-0.10475278733032199,0.7511173532529235,-0.38453126065297666,0.8558701405832455,59145.716167746985,1.2873033107759098,-1.0005974249584264,1.3920560981062318,177990.25899261044
154.15,-0.113036950226247,0.7316920621271734,-0.39242400980889947,0.8447290123534205,61598.64138979809,1.2368305764921286,-1.0181294124919185,1.3498675267183755,184282.22232553584
154.2,-0.121355778280547,0.711880582643451,-0.399978941652276,0.833236360923998,63993.26150610992,1.1855088216592418,-1.034554389507458,1.3068645999397888,190276.05063984878
154.25,-0.129676819004526,0.6916997776781891,-0.4071972857389557,0.8213765966827151,66323.85180526909,1.1333939565094182,-1.0498503464695892,1.263070775513944,195944.1333301896
154.3,-0.13799785972851,0.6711664327265059,-0.4140808977979166,0.8091642924550159,68585.19596845147,1.080542933891418,-1.0639976101990383,1.2185407936199282,201260.60702386926
154.35,-0.14631890045249268,0.6502972259088964,-0.42063221180559357,0.7966161263613891,70772.5830433863,1.0270136290963279,-1.076978980555987,1.1733325295488206,206201.55103278457
154.4,-0.154233144144146,0.6291086995907796,-0.42685422446439175,0.7833418437349257,72881.81157723893,0.9728647124046234,-1.088779886025805,1.1270978565487693,210745.18048255384
154.45,-0.161771882882886,0.6076172318965609,-0.43275051467934567,0.7693891147794469,74909.20318209543,0.9181555133001723,-1.0993885612698098,1.0799273961830582,214872.03709349377
154.5,-0.169310621621622,0.5858390064678168,-0.43832529287062644,0.7551496280894389,76851.62494804818,0.8629458753412124,-1.1087962418838293,1.0322564969628343,218565.1744027917
154.55,-0.176849360360362,0.5637899792451541,-0.44358346830267187,0.7406393396055161,78706.51734057101,0.8072960010976163,-1.1169973645129025,0.9841453614579784,221810.33108067026
154.6,-0.18427041176470718,0.5414858417756666,-0.44853071770891734,0.7257562535403738,80471.9218913906,0.751266287304662,-1.1239897548589524,0.9355366990693692,224596.0833827356
154.65,-0.19033805882353,0.5189419814370667,-0.4531735371828187,0.7092800402605968,82146.50192111504,0.6949171513303889,-1.1297747839840466,0.8852552101539188,226913.9666713243
154.7,-0.196405705882354,0.49617343984081236,-0.4575192605147486,0.6925791457231664,83729.54949678497,0.6383088510225593,-1.1343574737740951,0.8347145569049133,228758.55614349278
154.75,-0.202473352941176,0.47319487143510736,-0.46157603143862314,0.6756682243762834,85220.97311945153,0.5815013008900758,-1.137746536181135,0.7839746538312518,230127.49877194143
154.8,-0.208541000000001,0.4500205047861971,-0.4653527237621569,0.6585615047861981,86621.26300514334,0.5245538881790384,-1.1399543372199836,0.7330948881790393,231021.49172384926
154.85,-0.21329483783783862,0.42666410913547864,-0.46885881138320273,0.6399589469733172,87931.43400466787,0.4675252926677563,-1.1409967849931206,0.6808201305055949,231444.20682038
154.9,-0.217371864864865,0.40313896851796027,-0.47210419779283874,0.6205108333828253,89152.94942944792,0.4104733138130252,-1.1408931493401788,0.6278451786778902,231402.1650153514
154.95,-0.221448891891894,0.3794578651131402,-0.47509902024441125,0.6009067570050343,90287.63161487979,0.3534547083405564,-1.1396658273387423,0.5749036002324505,230904.5685339911
155.0,-0.22552591891892,0.35563307262744503,-0.4778534474955572,0.5811589915463651,91337.5669133557,0.29652504051692785,-1.1373400738804886,0.5220509594358478,229963.10109412894
155.05,-0.22917914864865,0.3316763595560323,-0.48037748974986244,0.5608555082046823,92305.01306335168,0.2397385463406569,-1.1339437175556415,0.4689176949893069,228591.70748158373
155.1,-0.23132982432432597,0.30759900129498113,-0.4826808371136749,0.5389288256193071,93192.31620670318,0.18314801190376695,-1.129506880894791,0.4144778362280929,226806.36337576527
155.15,-0.233480500000001,0.28341179937976135,-0.4847727370495374,0.5168922993797623,94001.84263459996,0.1268046653211198,-1.1240617190104878,0.3602851653211208,224624.8441146334
155.2,-0.235631175675677,0.25912510579534204,-0.4866619141391013,0.494756281471019,94735.92746941361,0.07075808110482575,-1.1176421838927333,0.30638925678050277,222066.4979940477
155.25,-0.237781851351352,0.23474885031412013,-0.4883565276397537,0.4725307016654721,95396.839235343,0.01505609567444375,-1.1102838137230144,0.25283794702579576,219152.02613605713
155.3,-0.238930529411765,0.21029256923976974,-0.48986415559567764,0.44922309865153476,95986.75637498652,-0.04025526706728267,-1.1020235393408173,0.19867526234448235,215903.2677797799
155.35,-0.239796592760181,0.18576543459823686,-0.4911917898711771,0.42556202735841786,96507.74977474025,-0.0951318606500679,-1.0928994948110018,0.1446647321101131,212342.98769033654
155.4,-0.240662656108597,0.16117628367304687,-0.49234582467510124,0.40183893978164387,96961.76443000221,-0.1495314712492983,-1.0829508162787622,0.09113118485929869,208494.66141846
155.45,-0.241528719457014,0.13653364960850342,-0.4933320229610619,0.37806236906551743,97350.59395154148,-0.20341386223409164,-1.0722174141999115,0.03811485722292238,204382.2548112968
155.5,-0.24233263800905,0.1118457945042646,-0.49415544896229674,0.3541784325133146,97675.84309565162,-0.25674080640342817,-1.0607397071793452,-0.014408168394378168,200029.99580211964
155.55,-0.243026076923077,0.08712074684797551,-0.4948203620188433,0.33014682377105253,97938.87626738365,-0.3094761038274932,-1.0485583121489606,-0.06645002690441618,195462.13937363145
155.6,-0.2437195158371039,0.06236634517935643,-0.4953300745920066,0.30608586101646035,98140.75311812913,-0.36158558314182665,-1.0357136933613253,-0.11786606730472274,190702.7297095391
155.65,-0.244412954751131,0.037590289550161096,-0.4956867846566712,0.2820032443012921,98282.15539330765,-0.41303708445844545,-1.0222457803718246,-0.16862412970731444,185775.3663089779
155.7,-0.245106393665159,0.012800201679678738,-0.4958913984541003,0.25790659534483773,98363.31162430531,-0.46380042273893446,-1.0081935716957955,-0.21869402907377547,180702.98275710669
155.75,-0.246821792792793,-0.01199630617184189,-0.4959433620391223,0.23482548662095112,98383.92734026717,-0.5138473314091053,-0.9935947441760001,-0.2670255386163123,175507.64722740822
155.8,-0.248602423423424,-0.03679155451741431,-0.49584052025216935,0.2118108689060097,98343.12860957679,-0.5631513870255139,-0.9784852891872449,-0.31454896360208995,170210.39309437267
155.85,-0.250383054054055,-0.06157771393193437,-0.4955790187666671,0.1888053401221206,98239.42553669303,-0.611687916829914,-0.9628991945770332,-0.361304862775859,164831.08602970655
155.9,-0.252163684684685,-0.08634671873868532,-0.49515325908573454,0.16581696594599965,98070.69999328982,-0.6594338918392099,-0.9468681858970044,-0.4072702071545249,159388.33092691272
155.95,-0.254991950450451,-0.11109017983270555,-0.4945559085181303,0.14390177061774542,97834.21866007731,-0.7063678086206713,-0.9304215326696924,-0.4513758581702203,153899.41839207459
156.0,-0.258867851351351,-0.13579929926439074,-0.4937779591324075,0.12306855208696024,97526.6691699862,-0.752469562963452,-0.9135859169800241,-0.49360171161210104,148380.30714741893
156.05,-0.262743752252253,-0.16046478875929465,-0.49280882388664543,0.10227896349295834,97144.21476021549,-0.7977203183561272,-0.8963853550909922,-0.5349765661038742,142845.63641272963
156.1,-0.26661965315315506,-0.18507679362626103,-0.4916364528495631,0.08154285952689402,96682.56070820027,-0.8421023715557977,-0.8788411564489205,-0.5754827184026426,137308.76058106238
156.15,-0.27065381447964,-0.2096248226004693,-0.4902474518350864,0.061028991879170685,96137.02561231813,-0.8855990166718306,-0.8609719026756847,-0.6149452021921906,131781.79861279798
156.2,-0.277167389140275,-0.2340976833245691,-0.48862718629504354,0.043069705815705905,95502.61087464448,-0.9281944083304109,-0.8427934285997344,-0.651027019190136,126275.69125171476
156.25,-0.283680963800906,-0.2584834223734585,-0.486759858216408,0.025197541427447512,94774.06382834305,-0.9698734236252791,-0.8243187913914067,-0.686192459824373,120800.26130506482
156.3,-0.290194538461541,-0.2827692683365338,-0.484628550845734,0.007425270125007155,93945.93291793446,-1.010621522071188,-0.8055582204914605,-0.7204269836096471,115364.2749513544
156.35,-0.29670811312217676,-0.3069415763561758,-0.48221524372598157,-0.01023346323399904,93012.61651268312,-1.0504246025513648,-0.7865190486168634,-0.7537164894291881,109975.50468216461
156.4,-0.304652855203622,-0.3309857728726227,-0.4795008075052446,-0.0263329176690007,91968.40975927265,-1.0892688565001403,-0.7672056315078204,-0.7846160012965182,104640.79662530017
156.45,-0.31340262895928,-0.35488629988235465,-0.4764649926663688,-0.041483670923074645,90807.55569462516,-1.1271406170451252,-0.7476192694519851,-0.8137379880858453,99366.14614327464
156.5,-0.322152402714933,-0.37862655886625385,-0.47308643055365784,-0.05647415615132084,89524.30830960037,-1.1640262046493866,-0.7277581487778089,-0.8418738019344536,94156.78633111171
156.55,-0.330902176470591,-0.4021888554367757,-0.4693426635998145,-0.07128667896618468,88113.01434998747,-1.199911770701877,-0.707617320982141,-0.8690095942312859,89017.29296958978
156.6,-0.3398481171171224,-0.425554346539328,-0.46521021953864816,-0.08570622942220563,86568.21934527888,-1.234783141349059,-0.6871887358323994,-0.8949350242319367,83951.7082053211
156.65,-0.349489558558559,-0.44870299264581026,-0.46066473695256943,-0.09921343408725125,84884.79994863199,-1.2686256645559608,-0.6664613378743671,-0.9191361059974018,78963.6826455629
156.7,-0.359131000000003,-0.47161351751905967,-0.4556811425672188,-0.11248251751905669,83058.1214765464,-1.301424063633184,-0.645421228909169,-0.942293063633181,74056.63337362168
156.75,-0.368772441441441,-0.4942633780180496,-0.45023387327811915,-0.1254909365766086,81084.21625880699,-1.3331623004598234,-0.6240518913012859,-0.9643898590183824,69233.9134287488
156.8,-0.378413882882884,-0.5166287458398314,-0.444297129528214,-0.1382148629569474,78959.97572280421,-1.363823451136009,-0.6023344599117973,-0.985409568253125,64498.986950619845
156.85,-0.38726541176470786,-0.538684502361298,-0.4378451422022285,-0.1514190905965901,76683.34742003588,-1.3933895961030318,-0.5802480251038257,-1.006124184338324,59855.60366878043
156.9,-0.39589414479638,-0.560404246731927,-0.43085243297205916,-0.164510101935547,74253.52759917709,-1.4218417257445997,-0.5577699459678235,-1.0259475809482197,55307.96668887977
156.95,-0.404522877828056,-0.5817603164675414,-0.4232940514025505,-0.17723743863948543,71671.14158111403,-1.4491596615180637,-0.53487615535397,-1.0446367836900077,50860.889167332316
157.0,-0.413151610859727,-0.6027238190381544,-0.4151457760951263,-0.1895722081784274,68938.4061638499,-1.4753219918025122,-0.5115414415601255,-1.0621703809427852,46519.93714371756
157.05,-0.420662027027027,-0.6232646724874416,-0.4063842746690775,-0.20260264546041457,66059.27147932489,-1.5003060210634542,-0.48773969870842815,-1.0796439940364273,42291.557990433466
157.1,-0.426184324324326,-0.6433516530436003,-0.3969872240926156,-0.2171673287192743,63039.542437104246,-1.5240877307183487,-0.46344414464842937,-1.0979034063940227,38183.19559269588
157.15,-0.431706621621622,-0.6629524479277649,-0.38693340060958586,-0.23124582630614288,59886.98260291931,-1.5466417502101808,-0.4386275134328576,-1.114935128588559,34203.394762718526
157.2,-0.437228918918921,-0.6820337122067717,-0.3762027540339811,-0.24480479328785065,56611.404857100846,-1.5679413373468594,-0.41326223577911825,-1.1307124184279385,30361.897870427652
157.25,-0.442751216216217,-0.7005611293231317,-0.3647764836832184,-0.25780991310691476,53224.753219317325,-1.5879583677067008,-0.38732062441832,-1.1452071514904838,26669.73619551952
157.3,-0.44395376923077,-0.7184994758290681,-0.3526371329667828,-0.27454570659829813,49741.179018812974,-1.6066633338117848,-0.36077508200545866,-1.1627095645810148,23139.31729707474
157.35,-0.44478069230769296,-0.7358126915923194,-0.33976871541029785,-0.2910319992846265,46177.11198862559,-1.6240253555665176,-0.33359834585756454,-1.1792446632588247,19784.507797138354
157.4,-0.445607615384616,-0.7524639572629227,-0.32615687976948987,-0.3068563418783067,42551.32408838779,-1.6400122040692002,-0.3057637791879779,-1.1944045886845842,16620.70909570036
157.45,-0.446434538461539,-0.768415780986722,-0.3117891139509568,-0.321981242525183,38884.9806313291,-1.6545903412066152,-0.277245710693596,-1.2081558027450763,13664.921617421713
157.5,-0.444294621621621,-0.7836300961306177,-0.2966549797664051,-0.33933547450899676,35201.67080808248,-1.667724977321465,-0.24801981633435363,-1.223430355699844,10935.79187458249
157.55,-0.439187864864863,-0.7980683712340808,-0.28074636442573114,-0.3588805063692178,31527.408455306177,-1.6793801487665492,-0.21806353032587225,-1.2401922839016861,8453.63613478802
157.6,-0.43408110810810596,-0.8116917325747713,-0.2640577304572852,-0.3776106244666654,27890.594005700914,-1.6895188163651924,-0.18735646717865648,-1.2554377082570864,6240.434807763019
157.65,-0.428974351351351,-0.8244610987940362,-0.24658634523441728,-0.3954867474426852,24321.93026242689,-1.6981029848359084,-0.15588083503917993,-1.2691286334845575,4319.792841335471
157.7,-0.423449167420811,-0.8363373261124619,-0.2283324722059347,-0.4128881586916509,20854.287145469578,-1.7050938422520168,-0.12362182050867523,-1.2816446748312058,2716.8630232673986
157.75,-0.41136862443439,-0.8472813618797246,-0.20929951209918024,-0.4359127374453346,17522.51430598196,-1.7104519177037574,-0.09056793049604059,-1.2990832932693674,1458.231117215225
157.8,-0.399288081447962,-0.85725440382422,-0.18949408904708656,-0.457966322376258,14363.20391351407,-1.7141372548050569,-0.056711282968094544,-1.3148491733570948,571.7634872688517
157.85,-0.387207538461534,-0.8662180622599052,-0.16892608428985495,-0.47901052379837117,11414.408781401273,-1.7161095984225108,-0.022047846142676235,-1.3289020599609769,86.41911458331082
157.9,-0.375126995475113,-0.8741345228653407,-0.14760862691499543,-0.49900752739022763,8715.322695892126,-1.7163285922157383,0.013422367086318492,-1.3412015967406252,32.02843345775751
157.95,-0.358315297297292,-0.8809667082091314,-0.12555805610532994,-0.5226514109118394,6305.930181179672,-1.7147539850197455,0.04969513701847037,-1.3564386877224535,439.04118102836344
158.0,-0.338842324324324,-0.8866784370622873,-0.10279387316036727,-0.5478361127379634,4226.63214372387,-1.7113458448886036,0.08676189013635102,-1.3725035205642797,1338.244547561288
158.05,-0.319369351351345,-0.8912345814094091,-0.07933870004010558,-0.5718652300580642,2517.85172962154,-1.7060647804589555,0.1246095506831349,-1.3866954291076106,2760.451577147158
158.1,-0.29989637837836514,-0.8946012218483546,-0.05521825817418742,-0.5947048434699894,1219.6224143164864,-1.698872170077269,0.1632203766017606,-1.3989757916989038,4736.1584600925435
158.15,-0.278967140271483,-0.896745802579984,-0.03046137324477436,-0.6177786623085011,371.1581039829821,-1.6897303996818205,0.2025717732779988,-1.4107632594103374,7295.168591820969
158.2,-0.252212841628943,-0.8976372872993524,-0.0051000066611495,-0.6454244456704095,10.404027177507711,-1.678603110582134,0.24263608359950936,-1.4263902689531909,10466.181167023662
158.25,-0.225458542986419,-0.897246317210725,0.020830693532253874,-0.671787774224306,173.56711721387333,-1.6654554582196277,0.28338036122855725,-1.4399969152332086,14276.34295644935
158.3,-0.198704244343879,-0.8955453717769115,0.047292336137544924,-0.6968411274330325,894.626022938615,-1.6502543823787992,0.3247661414267051,-1.45155013803492,18750.763843056113
158.35,-0.17194994570133731,-0.8925089320776946,0.07424324293016644,-0.7205589863763573,2204.8236483150836,-1.6329688885313496,0.366749229249621,-1.4610189428300122,23911.99949425619
158.4,-0.140532105405396,-0.8881136456329737,0.1016384359995061,-0.7475815402275776,4132.14866897028,-1.6135703388678886,0.40927952645645305,-1.4730382334624925,29779.507693585503
158.45,-0.107798907207192,-0.8823384907784908,0.1294296709540087,-0.7745395835712988,6700.815889305185,-1.5920327506396776,0.45230091554496227,-1.4842338434324855,36369.08768049975
158.5,-0.0750657090090059,-0.8751649379824505,0.15756552696347798,-0.8000992289734447,9930.758114911401,-1.5683330985247106,0.49575121641745895,-1.4932673895157047,43692.31441411382
158.55,-0.0423325108108015,-0.8665771051609573,0.18599155688867627,-0.8242445943501558,13837.14369354948,-1.5424516171651792,0.5395622237925528,-1.5001191063543777,51755.98103892708
158.6,-0.008015553846134005,-0.8565619040269786,0.2146504947799457,-0.8485463501808446,18429.933963710195,-1.5143720997575831,0.5836598274132584,-1.5063565459114492,60561.563401968815
158.65,0.0293757583710453,-0.845109174868461,0.24348250811471994,-0.8744849332395064,23713.492703133867,-1.4840821887109747,0.6279642066384292,-1.51345794708202,70104.71907893899
158.7,0.0667670705882478,-0.8322118079533232,0.2724254781679518,-0.898978878541571,29686.256462014877,-1.4515736550036304,0.6723900860430325,-1.5183407255918782,80374.83161048118
158.75,0.104158382805429,-0.8178658505898212,0.30141528962754627,-0.9220242333952502,36340.47072850304,-1.4168426635649498,0.7168470352574953,-1.5210010463703787,91354.60834799301
158.8,0.141549695022631,-0.8020705998558141,0.3303861125473903,-0.9436202948784451,43661.993345670744,-1.3798900229193254,0.7612397970370909,-1.5214397179419563,103019.73841654601
158.85,0.18087043243244705,-0.7848286817050523,0.3592706624174083,-0.9656991141374993,51630.16354953734,-1.3407214180040186,0.8054686292443602,-1.5215918504364656,115338.61559054021
158.9,0.220358945945946,-0.7661461178459045,0.3880004290941622,-0.9865050637918504,60217.7331909016,-1.2993476257878531,0.8494296505323569,-1.5197065717337992,128272.12999173724
158.95,0.259847459459467,-0.746032381953035,0.41650587474672657,-1.005879841412502,69390.85747941435,-1.255784713542322,0.8930151885232469,-1.515632173001789,141773.53367701516
159.0,0.299335972972965,-0.7245004466357129,0.44471660769761817,-1.0238364196086778,79109.1444648309,-1.2100542195511175,0.9361141359263554,-1.5093901925240825,155788.38675220392
159.05,0.338794814479638,-0.7015668220322122,0.4725615459935464,-1.0403616365118502,89325.76590072426,-1.1621833155559025,0.9786123272713019,-1.5009781300355405,170254.593259974
159.1,0.378221511312226,-0.677251586163693,0.49996908591799577,-1.055473097475919,99987.6347494705,-1.1122049495475028,1.0203929507370506,-1.4904264608597289,185102.53758468712
159.15,0.417648208144791,-0.6515784063893771,0.5268672924493787,-1.069226614534168,111035.65754117566,-1.0601579667459506,1.0613370117734013,-1.4778061748907416,200255.333788461
159.2,0.457074904977379,-0.6245745504724929,0.5531841259511387,-1.081649455449872,122405.07088173013,-1.0060872057867265,1.101323862819193,-1.4631621107641055,215629.2001448869
159.25,0.496301513513504,-0.5962708852030991,0.5788477146900678,-1.0925723987166032,134025.87072076567,-0.9500435665652086,1.1402318087173093,-1.4463450800787125,231133.96935302165
159.3,0.532393405405407,-0.566701860189536,0.6037866744588394,-1.099095265594943,145823.3393016258,-0.8920840458641167,1.1779387887367796,-1.4244774512695237,246673.74044634157
159.35,0.56848529729731,-0.5359054746377623,0.6279304681722881,-1.1043907719350723,157718.6691436276,-0.8322717371350826,1.2143231268109076,-1.4007570344323925,262147.67223250127
159.4,0.604577189189193,-0.5039232253944103,0.6512097928870906,-1.1085004145836033,169629.67774081897,-0.7706757913542214,1.249264334966825,-1.3752529805434144,277450.9117546851
159.45,0.640669081081096,-0.4708000353303301,0.673556976074262,-1.111469116411426,181471.6000073216,-0.7073713368330052,1.282643947797292,-1.3480404179141012,292475.6438792928
159.5,0.673323457013578,-0.436584162097326,0.6949063609484096,-1.109907619110904,193157.94019462456,-0.6424393570602407,1.3143463622165645,-1.3157628140738187,307112.2417550074
159.55,0.703870968325802,-0.40132708831652864,0.7151946608518868,-1.1051980566423305,204601.36116441814,-0.5759665269930676,1.3442596554363824,-1.2798374953188696,321250.49266381183
159.6,0.734418479638025,-0.365083395149961,0.7343612677202956,-1.099501874787986,215714.5886111039,-0.5080450094927669,1.3722763579289512,-1.2424634891307917,334780.8715610217
159.65,0.764965990950231,-0.32791062178963803,0.7523485059441855,-1.092876612739869,226411.30975857924,-0.4387722146169497,1.3982941637160593,-1.2037382055671806,347595.8343613144
159.7,0.793919135135144,-0.28986911366482027,0.769101830356267,-1.0837882487999644,236607.05018294405,-0.3682505252017915,1.4222165675500167,-1.1621696603369356,359591.1048913336
159.75,0.816494810810811,-0.2510218620259762,0.7845699746653849,-1.067516672836787,246220.0180585771,-0.296586992476576,1.4439534265349465,-1.113081803287387,370666.93297813565
159.8,0.839070486486491,-0.21143433710356033,0.7987050624746916,-1.0505048235900514,255171.9107290804,-0.22389300541085952,1.4634214504308565,-1.0629634918973505,380729.3051699825
159.85,0.861646162162171,-0.1711743163112241,0.8114626973832326,-1.0328204784733952,263388.6836977887,-0.15028393713057947,1.480544630505314,-1.0119300992927505,389691.0938521096
159.9,0.884221837837838,-0.1303117081165515,0.8228020485837976,-1.0145335459543896,270801.2844614776,-0.07587877118836708,1.4952546181753987,-0.9601006090262051,397473.13300886354
159.95,0.899470651583713,-0.08891837144723927,0.8326859459406939,-0.9883890230309522,277346.35382685927,-0.0007997099400264274,1.5074910637065686,-0.9002703615237394,404005.21016091766
160.0,0.912405719457012,-0.04706792990596288,0.8410809932516741,-0.9594736493629749,282966.894883689,0.07482823316356733,1.5172019212735335,-0.8375774862934446,409226.96354064025
160.05,0.925340787330318,-0.004835579809468034,0.8479577020481195,-0.930176367139786,287612.90578509093,0.15087765572451897,1.5243437213640618,-0.774463131605799,413088.6721532509
160.1,0.9382758552036211,0.03770210888812635,0.8532906406507589,-0.9005737463154948,291241.966968873,0.22721920124778583,1.5288818045985155,-0.7110566539558353,415551.92398798466
160.15,0.947577076923077,0.08046739924419544,0.8570585855445724,-0.8671096776788816,293819.7676222652,0.30372200444936476,1.5307905037523453,-0.6438550724737122,416590.1451339305
160.2,0.94982436199095,0.12338160127140013,0.8592446590549072,-0.8264427607195499,295320.5536457535,0.3802541440362491,1.5300532578426644,-0.5695702179547009,416188.972770658
160.25,0.952071647058823,0.1663652920507508,0.8598364353811084,-0.7857063550080722,295727.47824355646,0.4566830991192575,1.5266626402935224,-0.4953885479395655,414346.456403198
160.3,0.954318932126697,0.20933854001033714,0.8588259991371746,-0.7449803921163599,295032.8387175865,0.5328762045421348,1.520620285404986,-0.42144272758456225,411073.07597958064
160.35,0.9565662171945643,0.25222113067490065,0.8562099435774533,-0.7043450865196637,293238.18699236226,0.6087010997302629,1.5119367007104467,-0.3478651174643014,406391.5710142562
160.4,0.949016342342343,0.2949327906803489,0.8519893034233925,-0.6540835516619941,290354.30925915105,0.6840261651844157,1.5006309611179143,-0.2649901771579273,400336.5833716756
160.45,0.940614540540539,0.33739340685662617,0.8461694253775399,-0.6032211336839128,286401.07857750246,0.7587209408268749,1.486730289902591,-0.18189359971366403,392954.1253180164
160.5,0.932212738738739,0.379523237474613,0.838759787093218,-0.552689501264126,281407.19217786414,0.8326565208288828,1.470269540560097,-0.09955621790985625,384300.8927820087
160.55,0.923810936936934,0.4212431135051449,0.8297737811921341,-0.5025678234317891,275409.81118155667,0.9057059205009106,1.4512906008990252,-0.018105016436023358,374443.45035695174
160.6,0.9107126244343761,0.4624746285766093,0.8192284826175066,-0.44823799585776675,268454.1226927129,0.9777444119434919,1.4298417439785163,0.06703178750911587,363457.31783529336
160.65,0.892526425339362,0.5031403173224335,0.8071444202433736,-0.3893861080169285,260592.8460520047,1.0486498265142636,1.4059769545915215,0.15612340117490164,351425.9905497688
160.7,0.874340226244336,0.5431638227982599,0.7935453704166173,-0.33117640344607613,251885.70196385856,1.1183028235758552,1.3797552579467087,0.24396259733151915,338439.92388117133
160.75,0.85615402714932,0.5824700543899577,0.7784581846247717,-0.2736839727593623,242398.85808371805,1.1865871261998522,1.3512400724518523,0.3304330990505322,324595.5081599444
160.8,0.83748652702702,0.6209853380448545,0.761912654051589,-0.21650118898216553,232204.35696157455,1.2533897254060984,1.3204985992595697,0.4159031983790784,309994.0534482641
160.85,0.811278644144132,0.6586375605875492,0.7439414081568334,-0.1526410835565828,221379.5275081489,1.3186010549317408,1.2876012551780507,0.5073224107876089,294740.7986375274
160.9,0.785070761261259,0.695356309649965,0.724579837878759,-0.08971445161129399,210006.37658416346,1.382115138747096,1.252621148179284,0.597044377485837,278943.9539317312
160.95,0.758862878378371,0.7310730100593139,0.70386602876841,-0.027789868319057054,198170.95458168487,1.4438297132496332,1.2156335881338705,0.6849668348712622,262713.78143986285
161.0,0.732654995495498,0.7657210568003263,0.6818406874551266,0.033066061304828365,185962.68922771187,1.5036463256699013,1.176715622025267,0.7709913301744034,246161.7164654775
161.05,0.702751968468465,0.7992359437722614,0.6585470450398495,0.09648397530379638,173473.68421228704,1.561470409580382,1.1359455815120783,0.858718441111917,229399.53140565575
161.1,0.670584175675667,0.8315553869236242,0.6340307276218772,0.1609712112479572,160797.98542749078,1.6172113379389483,1.093402635953308,0.9466271622632814,212538.5465439364
161.15,0.638416382882886,0.8626194399903898,0.6083395898049031,0.22420305710750377,148030.8226095991,1.6707824538591147,1.049166348592636,1.0323660709762286,195688.89369230298
161.2,0.606248590090087,0.8923706010339318,0.581523514365341,0.2861220109438448,135267.8391039268,1.7221010793433034,1.0033162402459561,1.1158524892532165,178958.84052289443
161.25,0.573341927601819,0.9207539082894813,0.5536341866126568,0.3474119806876623,122604.32503450324,1.7710885025790175,0.955931369875525,1.1977465749771985,162454.18380659516
161.3,0.537069303167418,0.9477170244145972,0.5247248597171112,0.4106477212471792,110134.47136205684,1.8176699450176466,0.9070899491760892,1.2806006418502287,146277.72015933867
161.35,0.500796678733016,0.9732103091933233,0.49485013015473345,0.47241363046030727,97950.66052566266,1.861774510471414,0.8568690114791658,1.360977831738398,130528.80050369471
161.4,0.464524054298636,0.997186881630191,0.4640657410549965,0.532662827331555,86142.80480836923,1.9033351194074792,0.8053441541951748,1.4388110651088433,115302.9700793496
161.45,0.428251429864234,1.0196026732331003,0.43242842785985885,0.5913512433688664,74797.73808853967,1.9422884325609002,0.752589370850401,1.5140370026966663,100691.69086524486
161.5,0.390412837837831,1.040416474814566,0.3999958145889302,0.6500036369767349,63998.66067546472,1.9785747686000916,0.6986769825726474,1.5881619307622605,86782.13795143458
161.55,0.352079729729715,1.0595899794410062,0.3668263630303996,0.7075102497112912,53824.632245644214,2.0121380209486066,0.6436776725328295,1.6600582912188915,73657.05708751653
161.6,0.31374662162159994,1.0770878240435036,0.3329793683149679,0.7633412024219036,44350.10388937402,2.042925578792816,0.5876606172269575,1.7291789571712162,61394.666851478876
161.65,0.275413513513506,1.0928776316992708,0.2985149874966717,0.8174641181857647,35644.47910405523,2.070888256795835,0.5306937005468396,1.7954747432823288,50068.58734223976
161.7,0.236802254298627,1.106930055785387,0.26349428245450224,0.8701278014867599,27771.694754485205,2.09598023716385,0.4728437899390331,1.8591779828652228,39747.77772158373
161.75,0.197599923981899,1.1192188262340181,0.22797925838178884,0.9216189022521192,20789.816900924176,2.1181590266022248,0.4141770524850101,1.9205591026203257,30496.46769869703
161.8,0.158397593665149,1.129720797243333,0.19203288062556195,0.971323203578184,14750.650896540532,2.1373854296195094,0.354759288958574,1.9789878359543605,22374.071662647646
161.85,0.11919526334839897,1.1384159949848793,0.15571905617529475,1.0192207316364803,9699.36978244984,2.1536235385607587,0.29465626638389086,2.0344282752123597,15435.07827898568
161.9,0.0799929330316706,1.1452876633427949,0.11910257269900879,1.0652947303111242,5674.16912940907,2.166840739938659,0.2339340355366608,2.0868478069069885,9728.912530216478
161.95,0.0412999027026917,1.1503223055423302,0.08224899619304303,1.1090224028396385,2705.9589499052827,2.1770077361219276,0.1726592277407598,2.135707833419236,5299.7704753841
162.0,0.0026634612612648,1.1535097198018052,0.04522453602918615,1.1508462585405403,818.1034636220625,2.184098581385081,0.11089933324605628,2.1814351201238162,2186.4288203413057
162.05,-0.0359729801801838,1.154843027691459,0.008095890753123683,1.1908160078716428,26.217378834605423,2.1880907315605245,0.048722968583004185,2.2240637117407083,422.03158534051784
162.1,-0.07460942162163223,1.1543186946427155,-0.029069908960872713,1.2289281162643477,338.02384279737106,2.1889651070143192,-0.0137998559064798,2.2635745286359517,33.855292984818746
162.15,-0.112660958371038,1.1519365428747492,-0.06620564412749746,1.2645975012457873,1753.274925734736,2.186706169250178,-0.07659745670022308,2.299367127621216,1043.0525107453423
162.2,-0.150025867873308,1.1476997577541337,-0.10324402435192889,1.2977256256274416,4263.731425752674,2.1813020119922717,-0.13959617593559875,2.33132787986558,3464.3719708164695
162.25,-0.187390777375557,1.1416148891576192,-0.1401177703964572,1.3290056665331762,7853.19583234972,2.172744467976866,-0.2027200543550426,2.360135245352423,7305.852522259809
162.3,-0.224755686877827,1.1336918495748993,-0.17675966250059857,1.3584475364527262,12497.591314930205,2.1610292326858898,-0.2658904817447457,2.385784919563717,12568.488583547192
162.35,-0.26201431674208653,1.1239439105114948,-0.21310256208375133,1.3859582272535813,18165.08078666364,2.1461560059063847,-0.3290258361568186,2.408170322648471,19245.86681932331
162.4,-0.296722235294116,1.1123876981983283,-0.24907942007102005,1.4091099334924442,24816.223001166265,2.1281286512462403,-0.39204112953837433,2.4248508865403564,27323.777288839898
162.45,-0.331430153846164,1.0990431888736603,-0.28462328891648925,1.4304733427198242,32404.16663745572,2.106955372754535,-0.4548476821290661,2.438385526600699,36779.806922343814
162.5,-0.366138072398193,1.0839337029669571,-0.31966735746758945,1.4500717753651502,40874.887772124646,2.082648906569365,-0.5173528510544252,2.4487869789675583,47582.92844340306
162.55,-0.400845990950241,1.067085896613146,-0.3541450252885314,1.4679318875633869,50167.479574645826,2.055226724278305,-0.5794598368747582,2.456072715228546,59693.10267571937
162.6,-0.43300686036038005,1.048529748212353,-0.38799002774562413,1.481536608572733,60214.50465202007,2.024711243591009,-0.6410675870748628,2.457718103951389,73060.91576853099
162.65,-0.463606635135144,1.028298537369142,-0.4211366157229706,1.491905172504286,70942.41964103881,1.9911300411543242,-0.7020708081180886,2.4547366762894685,87627.2745976153
162.7,-0.494206409909924,1.0064288135324824,-0.4535197868434788,1.5006352234424063,82272.07882342179,1.954516061948897,-0.7623600902436882,2.448722471858821,103323.1835015759
162.75,-0.524806184684688,0.9829603519933608,-0.48507555746643577,1.5077665366780488,94119.31858054937,1.9149078196986091,-0.821822140623815,2.439714004383297,120069.62325680169
162.8,-0.554484131221727,0.957936095604533,-0.5157412588739607,1.51242022682626,106395.6184419591,1.872349583148754,-0.8803401132021214,2.4268337143704812,137777.54931781758
162.85,-0.579962638009062,0.931402081491788,-0.5454558379600772,1.51136471950085,119008.82846589203,1.826891543770803,-0.9377940186973037,2.406854181779865,156348.02160078913
162.9,-0.605441144796384,0.9034073530312686,-0.5741601430940002,1.5088484978276526,131863.9479670891,1.7785899613455425,-0.9940611967156848,2.3840311061419266,175672.473389479
162.95,-0.630919651583719,0.8740038582362339,-0.6017971796851905,1.504923509819953,144863.93819081978,1.727507284727883,-1.0490168339453678,2.358426936311602,195633.12318235796
163.0,-0.656398158371041,0.8432463363493794,-0.6283123253245094,1.4996444947204204,157910.55126187688,1.6737122458189635,-1.1025345161196394,2.3301104041900045,216103.53053069641
163.05,-0.677301675675679,0.8111921947664302,-0.6536535015113678,1.4884938704421091,170905.1600152287,1.6172799252445547,-1.154486807251733,2.2945816009202336,236949.29566547554
163.1,-0.696760459459467,0.7779013783804578,-0.6777713064390967,1.4746618378399248,183749.57753286397,1.5582917884034981,-1.2047458561393332,2.255052247862965,258028.90273509242
163.15,-0.716219243243243,0.7434362330345237,-0.7006191202347483,1.4596554762777667,196346.86065540506,1.49683569038869,-1.253184036435285,2.213054933631933,279194.7074091083
163.2,-0.735678027027031,0.7078613640908489,-0.722153197504259,1.4435393911178798,208602.09626625013,1.4330058478688115,-1.2996746296566863,2.1686838748958426,300294.0698619102
163.25,-0.753100841628957,0.6712434903658184,-0.7423327627072054,1.4243443319947753,220423.1722354048,1.3669027755417131,-1.3440925608742775,2.12000361717067,321170.63327956863
163.3,-0.766197221719457,0.6336512929239697,-0.7611201223710851,1.3998485146434267,231721.53627127022,1.2986331843113212,-1.3863151949720185,2.0648304060307785,341665.7457440543
163.35,-0.779293601809958,0.5951552576340615,-0.7784808033950119,1.3744488594440196,242412.94450181728,1.2283098380677466,-1.4262231960944298,2.0076034398777045,361620.01868049963
163.4,-0.792389981900451,0.5558275100927684,-0.7943837197271539,1.3482174919932195,252418.19766701976,1.1560513660025808,-1.463701445155611,1.9484413479030318,380875.00809788867
163.45,-0.805486361990951,0.5157416416104807,-0.8088013615637739,1.3212280036014317,261663.8569869658,1.081982027876621,-1.4986400010680185,1.8874683898675721,399274.9960535379
163.5,-0.81222154054054,0.47497252541659774,-0.8217099950787736,1.2871940659571377,270082.9264049433,1.0062314305769418,-1.530935083893259,1.8184529711174817,416668.84108360176
163.55,-0.81824991891892,0.433596122963301,-0.8330898554273518,1.251846041882221,277615.4828863864,0.9289341955470558,-1.560490051452221,1.7471841144659757,432911.8578989076
163.6,-0.8242782972973,0.39168928115351936,-0.842925313885632,1.2159675784508193,284209.2339156765,0.8502295782154556,-1.5872163377003408,1.6745078755127556,447867.6804734013
163.65,-0.830306675675677,0.34932952224509384,-0.8512050005373175,1.1796361979207708,289819.98117589386,0.7702610421295899,-1.611034320678149,1.6005677178052669,461410.0590938498
163.7,-0.832788325791854,0.3065948290677438,-0.8579218672733768,1.1393831548595978,294411.97213833506,0.6891757920847259,-1.6318740905806708,1.52196411787658,473424.54177928733
163.75,-0.831106425339366,0.2635634287590096,-0.8630731833592088,1.0946698540983757,297958.12793351937,0.6071242718200653,-1.6496760960061678,1.4382306971594314,483809.99497496017
163.8,-0.829424524886877,0.2203135784259702,-0.8666604635380473,1.0497381033128472,300440.1436239932,0.524259632749293,-1.6643916548979933,1.35368415763617,492479.9254922811
163.85,-0.8277426244343878,0.1769233559387962,-0.8686893365407384,1.004665980373184,301848.4653678353,0.44073718063135625,-1.6759833260424066,1.268479805065744,499363.57496394095
163.9,-0.825743684684683,0.1334704585224849,-0.8691693669931252,0.9592141432071679,302182.155407692,0.35671380709870154,-1.6844251441593536,1.1824574917833846,504406.76733800163
163.95,-0.816135801801798,0.09003201104516359,-0.8681138493510399,0.9061678128469616,301448.662174032,0.27234741262936596,-1.689702729750872,1.088483214431164,507572.50043156417
164.0,-0.806527918918919,0.04668438488564381,-0.8655395934517882,0.8532123038045628,299663.5151330747,0.18779632683742176,-1.6918132886307249,0.9943242457563407,508841.2806377793
164.05,-0.796920036036034,0.0035030273702496006,-0.8614667191972979,0.8004230634062837,296849.96331382246,0.10321873122735287,-1.6907655167504136,0.9001387672633869,508211.2058012966
164.1,-0.7873121531531475,-0.03943769903694332,-0.8559184727241561,0.7478744541162042,293038.5727801808,0.018772088780319843,-1.686579423397906,0.8060842419334674,505697.8046985267
164.15,-0.773410312217194,-0.08206466899689446,-0.8489210688997186,0.6913456432202996,288266.79248873633,-0.06538741574305466,-1.6792860805239802,0.7080228964741394,501333.6427096163
164.2,-0.756645832579182,-0.1243061393354124,-0.8405035589741157,0.6323396932437697,282578.4930592619,-0.14910542120852,-1.6689273017259425,0.6075404113706621,495167.70461266406
164.25,-0.739881352941179,-0.16609188792985113,-0.8306977150167807,0.5737894650113278,276023.4774936402,-0.23222991766304282,-1.655555248514731,0.5076514352781362,487264.56549060845
164.3,-0.723116873303166,-0.20735334696805724,-0.8195379178644171,0.5157635263351088,268656.9595270176,-0.3146117522578214,-1.6392319574626397,0.4085051210453446,477703.36184298625
164.35,-0.7053868918918825,-0.24802373034033076,-0.8070610314647007,0.45736316155155177,260539.00340354664,-0.396105109352066,-1.6200287785187562,0.30928178253981653,466576.5765740397
164.4,-0.683258513513512,-0.288038154090588,-0.7933062493345564,0.395220359422924,251733.92209330454,-0.4765679601542947,-1.5980257179487447,0.20669055335921727,453988.65692899574
164.45,-0.661130135135127,-0.3273337482749757,-0.7783149026214893,0.3337963868601513,242309.63505707934,-0.555862477076088,-1.573310683499238,0.10526765805903893,440054.4901000604
164.5,-0.639001756756754,-0.36584975813479115,-0.7621302248453695,0.2731519986219628,232336.9918491414,-0.6338554079467235,-1.5459786353641607,0.00514634881003051,424897.7672893214
164.55,-0.616873378378369,-0.4035276324691037,-0.7447970757700852,0.21334574590926525,221889.07363026807,-0.7104184056543866,-1.516130654477085,-0.09354502727601766,408649.273145798
164.6,-0.5920579683257734,-0.4403110973534924,-0.7263616338539628,0.151746870972281,211040.48925399935,-0.7854283095107288,-1.4838729473242074,-0.19337034118495544,391445.1420090009
164.65,-0.56629846606334,-0.4761462140359068,-0.7068710738141407,0.09015225202743321,199866.68599806254,-0.8587673758272395,-1.4493158143615241,-0.2924689097638995,373425.12529038364
164.7,-0.540538963800891,-0.5109814207414748,-0.6863732488481581,0.029557543059416158,188443.29469375024,-0.9303234566395652,-1.4125726128847627,-0.3897844928386742,354730.91318614857
164.75,-0.514779461538457,-0.5447675591276985,-0.6649163974816478,-0.02998809758924148,176845.52625598904,-0.9999901271064272,-1.373758746208639,-0.4852106655679702,335504.5498283967
164.8,-0.488390711711701,-0.5774578870476573,-0.6425488912129821,-0.08906717533595632,165147.63103961307,-1.067666763627973,-1.3329907074478549,-0.5792760519162721,315886.9735364147
164.85,-0.46066481081079497,-0.6090080799728939,-0.6193190349498804,-0.1483432691620989,153422.42682050046,-1.1332585760247924,-1.2903852017899506,-0.6725937652139975,296016.7055997318
164.9,-0.432938909909905,-0.6393762238813793,-0.5952749250116764,-0.20643731397147425,141740.8945390628,-1.196676598151854,-1.2460583632218114,-0.7637376882419489,276028.70125422574
164.95,-0.405213009008998,-0.6685228024185512,-0.5704643609776068,-0.26330979340955324,130171.83485823568,-1.2578376418539003,-1.2001250719024799,-0.8526246328449023,256053.3667926991
165.0,-0.377487108108108,-0.6964106807878394,-0.5449348005657109,-0.3189235726797314,118781.57474703643,-1.3166642192714,-1.1526983695536495,-0.939177111163292,236215.73887495854
165.05,-0.349074624434383,-0.7230050881297448,-0.5187333415505812,-0.37393046369536187,107633.71185449275,-1.373084438167278,-1.1038889629878597,-1.024009813732895,216634.81646336216
165.1,-0.320568515837092,-0.7482735993059237,-0.49190671308294404,-0.42770508346883174,96788.88575042633,-1.4270318743527415,-1.0538048020493893,-1.1064633585156494,197423.0330350849
165.15,-0.292062407239817,-0.772186116121516,-0.46450125935035125,-0.480123708881699,86304.56797522491,-1.4784454245485599,-1.0025507166695553,-1.1863830173087428,178685.85591015805
165.2,-0.263556298642526,-0.7947148472522638,-0.4365629024202542,-0.5311585486097379,76234.86710783855,-1.527269142290531,-0.9502280997326364,-1.263712843648005,160521.50071493286
165.25,-0.235385774774777,-0.8158342856246482,-0.4081370768235955,-0.5804485108498711,66630.3493912438,-1.5734520589226209,-0.8969346266514397,-1.338066284147844,143020.7510197969
165.3,-0.207609198198196,-0.8355211818084847,-0.3792686363453712,-0.6279119836102887,57537.87940611098,-1.6169479914215228,-0.8427640094260898,-1.4093387932233268,126266.87565936682
165.35,-0.17983262162161398,-0.8537545122125284,-0.35000174114268845,-0.6739218905909145,49000.4875211654,-1.6577153388782224,-0.7878057901108854,-1.4778827172566085,110335.63785461981
165.4,-0.152056045045048,-0.8705154414099675,-0.32037973829216154,-0.7184593963649195,41057.27068326157,-1.6957168698353708,-0.7321451835222875,-1.5436608247903227,95295.39017864606
165.45,-0.124312605067871,-0.885787278671706,-0.2904450525065136,-0.761474673603835,33743.33141020458,-1.7309195032717728,-0.6758629828974259,-1.606606898203902,81207.24829351221
165.5,-0.0981928584615419,-0.8995554296536654,-0.26023910416839946,-0.8013625711921235,27089.756535348424,-1.76329408675204,-0.6190355430297517,-1.665101228290498,68125.33396162483
165.55,-0.0720731118551982,-0.911807344978408,-0.22980226913158686,-0.8397342331232098,21123.633159210513,-1.7928151759324924,-0.5617348530950842,-1.7207420640772941,56097.07469897882
165.6,-0.04595336524885445,-0.9225324680506111,-0.19917388899138136,-0.8765791028017567,15868.09522238044,-1.8194608201082059,-0.5040287058492121,-1.7735074548593515,45163.544234672285
165.65,-0.0198336186425256,-0.9317221846940108,-0.16839233342531262,-0.9118885660514852,11342.391182568663,-1.8432123586322282,-0.4459809626871089,-1.8233787399897026,35359.825614101406
165.7,0.0048530124324458,-0.9393697770993864,-0.13749510853106015,-0.9442227895318323,7561.961947987203,-1.8640542328254759,-0.38765190596744425,-1.8689072452579216,26715.37781336751
165.75,0.0285842331531576,-0.9454703840804983,-0.10651899839254536,-0.9740546172336559,4538.5188074204325,-1.8819738173595368,-0.32909866256613063,-1.9105580505126945,19254.387502722828
165.8,0.0523154538738829,-0.9500209688850778,-0.07550022246887735,-1.0023364227589606,2280.113437139989,-1.8969612741583082,-0.2703756770358176,-1.949276728032191,12996.090085791422
165.85,0.07604667459460782,-0.9530202948557955,-0.04447458902897064,-1.0290669694504033,791.1956277183342,-1.909009430675011,-0.21153520932054792,-1.9850561052696187,7955.047961295649
165.9,0.0994353832579227,-0.9544689082802524,-0.013477626623754409,-1.053904291538175,72.65856776373347,-1.9181136831565446,-0.15262783277248984,-2.0175490664144675,4141.378726547044
165.95,0.121025903619918,-0.9543691269654068,0.017455320210204486,-1.0753950305853248,121.87528145630925,-1.9242719243718065,-0.09370291169223863,-2.0452978279917247,1560.9307839295059
166.0,0.142616423981901,-0.9527250325345155,0.048289038281941594,-1.0953414565164166,932.7324872779283,-1.927484494383786,-0.034809043787235594,-2.070100918365687,215.40791633452176
166.05,0.164206944343897,-0.9495424642671234,0.07898843615268832,-1.1137494086110205,2495.6692183389273,-1.9277541524006492,0.024005539763373628,-2.091961096744546,102.44727810327332
166.1,0.18579746470589112,-0.944829012482087,0.10951857009050404,-1.1306264771879782,4797.726877867459,-1.9250860675674322,0.08269261589295843,-2.1108835322733235,1215.656661905842
166.15,0.205850833333335,-0.9385940100119362,0.13984469195132274,-1.1444448433452712,7822.61514678414,-1.9194878267895668,0.1412036451742456,-2.125338660122902,3544.6167840878675
166.2,0.225364121621627,-0.9308485210820894,0.1699323021680439,-1.1562126427037165,11550.79492805255,-1.9109694581755288,0.19948946929723047,-2.1363335797971557,7074.853041865006
166.25,0.244877409909908,-0.9216053277714195,0.19974719100166377,-1.1664827376813274,15959.576125222058,-1.8995434693365385,0.2575000173251311,-2.1444208792464465,11787.779363989835
166.3,0.2643906981982,-0.9108789150033899,0.2292554540776688,-1.1752696132015898,21023.225289743248,-1.885224900396799,0.3151840093980061,-2.1496155985949987,17660.615072035984
166.35,0.2835282579185565,-0.8986854556029693,0.2584234733874735,-1.1822137135215258,26713.07663905849,-1.8680313920420717,0.3724886509371773,-2.151559649960628,24666.274680355258
166.4,0.301789117647058,-0.8850427972164941,0.2872178621093763,-1.1868319148635522,32997.640125872276,-1.8479832691143339,0.4293593171786738,-2.149772386761392,32773.2307996688
166.45,0.320049977375568,-0.8699704527849117,0.3156053793185781,-1.1900204301604798,39842.70218192943,-1.8251036400813563,0.4857392355842621,-2.1451536174569243,41945.35199750813
166.5,0.338310837104069,-0.8534895957800029,0.34355282721783087,-1.191800432884072,47211.4180357459,-1.7994185121470612,0.5415691806213474,-2.13772934925113,52141.72042646713
166.55,0.356571696832579,-0.8356230606656794,0.3710269480086559,-1.1921947574982583,55064.398459447126,-1.7709569209130138,0.5967872005214861,-2.1275286177455928,63316.43781444844
166.6,0.37402049549550087,-0.8163953481371401,0.39799433874592477,-1.1904158436326409,63359.79746952236,-1.7397510724492946,0.6513283975813867,-2.1137715679447955,75418.43226594434
166.65,0.391358558558559,-0.7958326338119015,0.4244214010027681,-1.1871911923704606,72053.41025166099,-1.7058364945767404,0.7051247826821705,-2.0971950531352994,88391.281627125
166.7,0.408696621621628,-0.7739627782872871,0.4502743380440663,-1.182659399908915,81098.79180040884,-1.6692521931996922,0.7581052209587245,-2.0779488148213203,102173.07129686692
166.75,0.426034684684687,-0.7508153360163942,0.4755192052380856,-1.1768500207010812,90447.40582010424,-1.6300408088528207,0.810195478559567,-2.0560754935375076,116696.30461837613
166.8,0.443094190045255,-0.7264215603574562,0.5001220116966741,-1.1695157504027112,100048.81063341131,-1.5882487683284094,0.8613183721995563,-2.0313429583736644,131887.88236239884
166.85,0.459799167420824,-0.7008144024492492,0.5240488634185413,-1.1606135698700732,109850.88450010598,-1.5439264263852632,0.9113940145108513,-2.003725593806087,147669.16438865883
166.9,0.476504144796384,-0.6740285021950461,0.5472661331734491,-1.15053264699143,119800.08820744771,-1.4971281930668745,0.9603401417826327,-1.9736323378632585,163956.1222967266
166.95,0.493209122171953,-0.6461001704631912,0.5697406385595533,-1.1393092926351442,129841.758090499,-1.4479126429541116,1.0080725052561432,-1.9411217651260646,180659.5868183817
167.0,0.509889099547513,-0.6170673625735487,0.5914398099964829,-1.1269564621210617,139920.41953947034,-1.3963426036954094,1.0545053057468876,-1.9062317032429226,197685.58930637102
167.05,0.525344076923082,-0.5869696439629684,0.6123318330520047,-1.1123137208860503,149980.10950753125,-1.3424852221211527,1.0995516524215614,-1.8678292990442347,214935.79312764198
167.1,0.54079905429865,-0.5558481496116123,0.6323857549166525,-1.0966472039102624,159964.6972086018,-1.2864120071512608,1.1431240306255246,-1.8272110614499109,232308.00878107472
167.15,0.556254031674211,-0.5237455391014019,0.6515715526846895,-1.079999570775613,169818.19530717484,-1.2281988492650089,1.1851347705872752,-1.7844528809392197,249696.7865697695
167.2,0.57170900904978,-0.490705949133474,0.6698601682538757,-1.062414958183254,179485.05800524427,-1.1679260165634624,1.2254965154862774,-1.7396350256132425,266994.08168337913
167.25,0.586007216216216,-0.4567749449060444,0.6872235211501388,-1.0427821611222603,188910.46720879813,-1.105678127348932,1.2641226937968584,-1.691685343565148,284089.9884395068
167.3,0.599534243243246,-0.4219994710940298,0.7036345143826866,-1.0215337143372758,198040.61193222372,-1.0415440988007614,1.3009280048474225,-1.6410783420440074,300873.5420082303
167.35,0.613061270270275,-0.38642780234616503,0.7190670507833135,-0.99948907261644,206822.9694088849,-0.9756170707996776,1.3358289292926004,-1.5886783410699525,317233.58725955826
167.4,0.626588297297297,-0.350109492375028,0.7334960749186018,-0.976697789672325,215206.59676839804,-0.9079943033892857,1.368744274260994,-1.5345826006865826,333059.7134795121
167.45,0.639707828828831,-0.3130953200789604,0.7468976513982266,-0.9528031489077915,223142.44066567475,-0.8387770459858122,1.399595758936505,-1.4784848748146433,348243.25127698685
167.5,0.650688009009009,-0.2754372307362148,0.7592490833638085,-0.9261252397452238,230583.66823551335,-0.7680703762998253,1.428308639321999,-1.4187583853088344,362678.3234065529
167.55,0.661668189189192,-0.23718827034078258,0.7705290673630311,-0.8988564595299746,237486.01746053697,-0.6959830072211586,1.4548123630402268,-1.3576511964103506,376262.935405278
167.6,0.672648369369376,-0.19840251148666466,0.7807178740511811,-0.8710508808560407,243808.15954519837,-0.6226270605361237,1.4790412377040176,-1.2952754299054998,388900.0858362724
167.65,0.683628549549553,-0.15913496990550177,0.7897975385801027,-0.8427635194550548,249512.06077887554,-0.5481178073585142,1.5009350900360485,-1.2317463569080673,400498.87013360375
167.7,0.692249117647063,-0.11944151163312894,0.7977520416534042,-0.811690629280192,254563.3279848699,-0.47257337638036817,1.5204398892531075,-1.1648224940274312,410975.54788124474
167.75,0.699952058823531,-0.07937875176492841,0.8045674621138126,-0.7793308105884593,258931.52043690448,-0.3961144324235851,1.5375083074496054,-1.096066491247116,420254.54141805344
167.8,0.707655000000003,-0.03900394661437692,0.8102320862557568,-0.7466589466143799,262590.41343934246,-0.31886382904448507,1.5521001937167191,-1.026518829044488,428269.3353485293
167.85,0.7153579411764753,0.001625118305233618,0.814736464577076,-0.7137328228712417,265518.2026846212,-0.2409462399702676,1.564182944399955,-0.956304181146743,434963.25040919345
167.9,0.721856063348417,0.0424502417654895,0.8180734141238276,-0.6794058215829275,267697.6443584862,-0.16248777483766022,1.5737317600172114,-0.8843438381860772,440290.07155322126
167.95,0.725542941176472,0.08341291917321635,0.820237972248259,-0.6421300220032556,269116.1324471743,-0.0836155849471288,1.5807297882661657,-0.8091585261236008,444214.5179576884
168.0,0.729229819004525,0.12445445164444485,0.8212273144439093,-0.6047753673600802,269765.7207955022,-0.004457464565856051,1.5851681611047648,-0.733687283570381,446712.5509298243
168.05,0.732916696832581,0.16551605042622047,0.8210406533170254,-0.5674006464063606,269643.1017596992,0.0748585472701075,1.587045940343941,-0.6580581495624734,447771.5229799438
168.1,0.7366035746606338,0.2065389361757447,0.8196791369141144,-0.530064638484889,268749.554996907,0.15420456031289048,1.5863699895377998,-0.5823990143477433,447390.1766588728
168.15,0.736340018018018,0.24746443349748556,0.8171457631039392,-0.48887558452053237,267090.87926348764,0.23345321880065042,1.5831547905603318,-0.5028867992173676,445578.50504428946
168.2,0.735537765765765,0.28823406185987915,0.8134453217704495,-0.44730370390588586,264677.316604092,0.3124780769312884,1.5774222201745363,-0.42305968883447664,442357.48634673125
168.25,0.734735513513514,0.3287896244485017,0.8085843704995905,-0.4059458890650123,261523.47368648762,0.3911539623978716,1.5692012972746507,-0.34358155111564237,437758.7042432794
168.3,0.733933261261261,0.36907329661696714,0.802571241680789,-0.3648599646442939,257648.23918921733,0.4693573266522844,1.5585279046919307,-0.2645759346089766,431823.8630583858
168.35,0.7310673693693656,0.40902771529028675,0.7954160715179078,-0.3220396540790788,253074.69073159256,0.5469665805688942,1.545444482481079,-0.18410078880047132,424604.2041655484
168.4,0.725575027027027,0.44859607007666497,0.7871308367241434,-0.27697895695036207,247829.98164882004,0.6238624139047845,1.5299996849226583,-0.10171261312224256,416159.8285979437
168.45,0.720082684684684,0.48772219605699485,0.7777293821452821,-0.2323604886276891,241945.1967408329,0.6999280964840441,1.512247990695563,-0.020154588200639867,406558.93073115876
168.5,0.714590342342343,0.5263506673827466,0.7672274229998602,-0.18823967495959637,235455.16744120262,0.7750497584960935,1.4922492557322287,0.0604594161537505,395876.9495526028
168.55,0.709098,0.5644268900609846,0.7556425082617485,-0.14467110993901544,228398.24011684264,0.8491166468277834,1.4700682007404577,0.14001864682778342,384195.6470805844
168.6,0.698789176470585,0.6018971917779677,0.7429939385885289,-0.09689198469261728,220815.99711171788,0.9220213540884071,1.4457738320439724,0.2232321776178221,371602.1286085533
168.65,0.688480352941175,0.63870890648563,0.7293026393837542,-0.0497714464555451,212752.9359248441,0.9936600171228076,1.4194388016524897,0.30517966418163256,358187.824290961
168.7,0.67817152941176,0.6748104516673183,0.7145909970948673,-0.0033610777444416096,204256.11725161463,1.0639324822727025,1.3911387202958956,0.3857609528609426,344047.4558411559
168.75,0.667862705882351,0.7101513967934628,0.6988826729700152,0.04228869091111187,195374.79623108526,1.1327424355355202,1.3609514438350176,0.46487972965316926,329278.0146625101
168.8,0.654747443438907,0.7446825222621916,0.682202411996169,0.08993507882328455,186160.0523733563,1.1999974968793976,1.3289563575856944,0.5452500534404906,313977.7778430997
168.85,0.639599932126686,0.7783558690797343,0.6645758666142288,0.13875593695304833,176664.4329944213,1.2656092792892317,1.2952336855779798,0.6260093471625457,298245.38671216305
168.9,0.624452420814475,0.8111247804626884,0.6460294523661725,0.18667235964821338,166941.6213298147,1.3294934144286756,1.2598638497428833,0.7050409936142006,282179.0079802593
168.95,0.609304909502254,0.8429439372890247,0.6265902476276689,0.2336390277867707,157046.13536884138,1.3915695479430767,1.2229268990894164,0.7822646384408227,265875.5912029255
169.0,0.593433432432429,0.8737693897430542,0.6062859414837404,0.2803359573106252,147033.0571363302,1.4517613082348335,1.1845020204646746,0.8583278758024045,249430.228708426
169.05,0.573761135135128,0.9035585875156182,0.5851448274288962,0.3297974523804902,136957.78762671706,1.5099962529158215,1.144667135259499,0.9362351177806935,232935.6178743446
169.1,0.554088837837827,0.9322704106566949,0.5631958332613307,0.3781815728188679,126875.81864116986,1.5662057971825103,1.1034985778876767,1.0121169593446833,216481.61980446664
169.15,0.534416540540537,0.9598652025077963,0.5404685719216545,0.4254486619672593,116842.51089401307,1.6203251279238902,1.061070844662412,1.0859085873833532,200154.90442535188
169.2,0.514744243243236,0.9863048053340606,0.516993395270829,0.47156056209082464,106912.86830146385,1.672293106716194,1.017456397235185,1.1575488634729578,184038.67027107606
169.25,0.492189104072398,1.0115525983344142,0.49280143305952606,0.5193634942620162,97141.30097020902,1.7220521639820225,0.972725503304264,1.2298630599096245,168212.4275161838
169.3,0.468512859728501,1.0355735369456374,0.46792460382466344,0.5670606772171364,87581.3739457873,1.769548185813837,0.926946100322731,1.3010353260853362,152751.83518284772
169.35,0.44483661538460495,1.058334191811744,0.44239559004155515,0.613497576427139,78285.5432352863,1.8147303943375417,0.8801836724145907,1.3698937789529366,137728.5861662641
169.4,0.421160371040722,1.079802785597146,0.4162477772241632,0.6586424145564239,69304.88481762263,1.8575512221746036,0.8325011374159805,1.4363908511338814,123210.33667536023
169.45,0.396677472972965,1.0999492259667711,0.3895151629659876,0.7032717529938062,60688.82487216795,1.8979661815602025,0.7839587470529258,1.5012887085872375,109260.67859214103
169.5,0.370312382882885,1.1187451335293475,0.36223224932306103,0.7484327506464625,52484.8809798577,1.935933729002282,0.7346140108772019,1.565621346119397,95939.15466259373
169.55,0.34394729279279,1.136163864342543,0.33443393552385825,0.7922165715497529,44738.42289199047,1.9714151270424718,0.6845216587049227,1.6274678342496818,83301.31577531353
169.6,0.317582202702695,1.1521805274215107,0.30615542839492965,0.8345983247188157,37492.45853427316,2.004374305426368,0.6337336573386043,1.6867921027236732,71398.81750111352
169.65,0.291217112612615,1.166771998534844,0.277432185155764,0.8755548859222289,30787.44694412085,2.03477772476859,0.5822992952303385,1.743560612155975,60279.5500845776
169.7,0.263481022624428,1.1799169321584535,0.24829989833048935,0.9164359095340255,24661.135804372538,2.0625942463451623,0.5302653442109094,1.7991132237207343,49987.79293708698
169.75,0.235521746606335,1.1915957738221852,0.21879452624574075,0.9560740272158502,19148.417886039253,2.0877950119828155,0.47767630123055044,1.8522732653764804,40564.3820012977
169.8,0.207562470588226,1.2017907750330028,0.1889523642846954,0.9942283044447768,14281.19838751049,2.1103533379317265,0.4245747044561078,1.9027908673435006,32046.876384709558
169.85,0.1796031945701169,1.2104860125512575,0.15881014526299128,1.0308828179811407,10088.264895380957,2.1302446261446253,0.3710015106115234,1.9506414315745084,24469.710377961306
169.9,0.151583853153142,1.2176674130609355,0.1284051516918508,1.0660835599077936,6595.153192402885,2.1474462955530242,0.31699651390674277,1.9958624423998823,17864.31819182716
169.95,0.123488064864849,1.2233227833603468,0.09777532146109666,1.0998347184954977,3824.005394728316,2.1619377348691255,0.26259878459310126,2.0384496700042765,12259.221630182044
170.0,0.0953922765765712,1.227441845299228,0.06695932912146924,1.1320495687226568,1793.420702558895,2.1737002773408243,0.20784710481133964,2.078308000764253,7680.074485058846
170.05,0.0672964882882776,1.2300162738558351,0.035996628478527574,1.1627197855675575,518.302904728457,2.182717196806723,0.1527803820763915,2.1154207085184455,4149.66135953923
170.1,0.03920069999998457,1.2310397361913712,0.00492744813039216,1.1918390361913866,9.711898031082075,2.188973723558991,0.09743802614602659,2.149773023559006,1687.8522558637796
170.15,0.0116418261261209,1.230507929276557,-0.026207260265764414,1.2188661031504362,274.7281962550057,2.192457077980058,0.04186028304412465,2.180815251853937,311.5170304949742
170.2,-0.0159170477477581,1.2284186138999482,-0.057365913417125436,1.2443356616477064,1316.339208872453,2.193156519839859,-0.01391147186193882,2.209073567587617,34.405164331647214
170.25,-0.0434759216216216,1.224771643368468,-0.08850641469106257,1.2682475649900897,3133.354176586535,2.191063411372394,-0.06983447393630482,2.2345393329940157,866.9962222151888
170.3,-0.0710347954955007,1.219568985968669,-0.11958628255996209,1.2906037814641695,5720.351590604438,2.186171292779034,-0.1258643299043298,2.257206088274535,2816.325251958395
170.35,-0.09800137149322266,1.2128147411172645,-0.15056277178872585,1.3108161126104871,9067.659299481576,2.1784759694839613,-0.18195478478934285,2.276477340977184,5885.7855480419685
170.4,-0.124502570588236,1.2045151499680646,-0.18139297174771246,1.3290177205563007,13161.364079786565,2.167975611170489,-0.23805748181784492,2.292478181758725,10074.909271013967
170.45,-0.151003769683264,1.1946786019001896,-0.21203387189883166,1.3456823715834536,17983.345132964063,2.1546708631879827,-0.29412170698811274,2.3056746328712467,15379.125070506889
170.5,-0.177504968778278,1.1833156386260895,-0.24244239157493128,1.3608206074043674,23511.325293028924,2.13856497115819,-0.3500941168234282,2.316069939936468,21789.49166833355
170.55,-0.203804805429867,1.170438957622703,-0.2725753787877266,1.37424376305257,29718.93484850905,2.119663919502434,-0.40591845559809375,2.323468724932301,29292.40757246962
170.6,-0.22886770135747397,1.1560634161759316,-0.30238958892010254,1.3849311175334056,36575.78539490744,2.097976584108178,-0.4615352749820425,2.326844285465652,37869.29956493326
170.65,-0.253930597285067,1.1402060366785576,-0.33184165893670153,1.3941366339636245,44047.55464234486,2.073514898580249,-0.5168816746083958,2.3274454958653163,47496.296097063045
170.7,-0.278993493212674,1.1228860129451064,-0.36088809537621186,1.4018795061577805,52096.08695370791,2.046294032478805,-0.5718910856267043,2.325287525691479,58143.89579009608
170.75,-0.304056389140267,1.1041247164240808,-0.38948529305089424,1.4081811055643478,60679.51740117639,2.0163325788510185,-0.6264931188222249,2.3203889679912857,69776.6449656175
170.8,-0.327671297297299,1.0839457004312953,-0.41758959692929326,1.4116169977285944,69752.42858542784,1.983652747357272,-0.6806134950461832,2.311324044654571,82352.8408247077
170.85,-0.350723099099109,1.0623747000733574,-0.4451574130836057,1.4130977991724665,79266.04896931518,1.9482805585675818,-0.7341740693100981,2.299003657666691,95824.278052862
170.9,-0.373774900900905,1.0394396254035287,-0.4721453676226631,1.4132145263044338,89168.49926701588,1.9102460346081633,-0.7870929526736428,2.2840209355090684,110136.05620418015
170.95,-0.396826702702714,1.0151705456004005,-0.4985105047687925,1.4119972483031145,99405.08934593451,1.8695833813427079,-0.8392847275380197,2.2664100840454218,125226.46291174543
171.0,-0.419255665158375,0.9895996625644388,-0.5242105093388063,1.4088553277228137,109918.6632405003,1.8263311576832313,-0.8906607448625554,2.2455868228416063,141026.94443362168
171.05,-0.44008304072399,0.9627612731610934,-0.5492039351136185,1.4028443138850835,120649.98493771348,1.7805324283325525,-0.9411294865517869,2.2206154690565425,157462.170747952
171.1,-0.460910416289606,0.9346917202972654,-0.5734504203419069,1.3956021365868714,131538.15383612385,1.7322348971713288,-0.9905969743789524,2.193145313460935,174450.1983375529
171.15,-0.481737791855209,0.9054293338861369,-0.5969108743013204,1.3871671257413458,142521.0367436667,1.6814910194046981,-1.0389672079155943,2.163228811259907,191902.7305109201
171.2,-0.502565167420824,0.875014363451843,-0.6195476240399624,1.377579530872667,153535.70338142506,1.628358091388296,-1.0861426177603097,2.13092325880912,209725.4730871499
171.25,-0.520635207207209,0.8434889044832696,-0.641324517606859,1.3641241116904785,164518.8547534682,1.572898317579927,-1.1320245265193611,2.093533524787136,227818.58286957935
171.3,-0.538256378378383,0.81089682065555,-0.6622069873627461,1.3491531990339332,175407.23764481765,1.5151788542830265,-1.1765136166268435,2.0534352326614096,246077.20713037785
171.35,-0.555877549549558,0.777283663670298,-0.6821620841988293,1.333161213219856,186138.04364739626,1.455271829713831,-1.2195104110611086,2.011149379263389,264392.11425536603
171.4,-0.573498720720722,0.7426965918005263,-0.701158497743249,1.3161953125212484,196649.29558302788,1.3932543394979353,-1.2609157772879138,1.9667530602186574,282650.4173179705
171.45,-0.589465018099551,0.7071842874220123,-0.7191665795918277,1.2966493055215633,206880.22768072347,1.3292084161316355,-1.3006314668713557,1.9186734342311866,300736.3933539439
171.5,-0.60314601357466,0.6707968729672865,-0.7361583853791798,1.2739428865419464,216771.6673456324,1.2632209703233794,-1.338560702128288,1.8663669838980395,318532.4005834978
171.55,-0.616827009049776,0.6335858240496794,-0.7521077474821042,1.2504128330994555,226266.42552904182,1.195383701663491,-1.3746088171578559,1.812210710713267,335919.8933703324
171.6,-0.630508004524892,0.5956038780564361,-0.7669903836528191,1.226111882581328,235309.69944635947,1.1257929758506882,-1.4086839538003306,1.7563009803755802,352780.5300790279
171.65,-0.644189,0.5569049364535592,-0.7807840388981475,1.2010939364535593,243849.48615924155,1.0545496658992186,-1.4406978044619316,1.6987386658992185,368997.3624500321
171.7,-0.653035621621623,0.5175439593459421,-0.793468651381229,1.1705795809675652,251837.00028989854,0.9817589553426641,-1.4705663862675333,1.634794576964287,384456.08825243596
171.75,-0.661882243243242,0.4775768514522242,-0.8050265269087249,1.1394590946954661,259227.0836106896,0.9075301024099409,-1.498210823649761,1.5694123456531828,399046.341706897
171.8,-0.670728864864865,0.437060339523696,-0.8154425037864127,1.107789204388561,265978.5907925815,0.831976165422142,-1.5235581124913014,1.502705030287007,412662.9906023212
171.85,-0.6795754864864864,0.39605184214903055,-0.8247040893862088,1.075627328635517,272054.7340201343,0.7552136910319545,-1.5465418374412618,1.4347891775184407,425207.40532554564
171.9,-0.685514787330316,0.3546093337849769,-0.8328015525526549,1.040124121115293,277423.3703736449,0.6773623683326602,-1.5671028160467515,1.3628771556629762,436588.6641887394
171.95,-0.689169764705883,0.31279120548711986,-0.8397279620316083,1.0019609701930028,282057.22008710325,0.5985446530307148,-1.5851896491414035,1.2877144177365978,446724.66199911933
172.0,-0.692824742081448,0.2706561251410692,-0.8454791684019051,0.9634808672225171,285934.0096806308,0.5188853667336715,-1.6007591645535333,1.2117101088151194,455543.0938492668
172.05,-0.696479719457015,0.2282628999114018,-0.8500537348089205,0.9247426193684168,289036.54082503787,0.4385112768217425,-1.6137767499678326,1.1349909962787574,462982.29310875386
172.1,-0.6994160585585555,0.18567034321249593,-0.8534528275934441,0.8850864017710514,291352.69157089805,0.35755066239606,-1.6242165780590705,1.0569667209546154,468991.9097674518
172.15,-0.697937905405405,0.1429371478107089,-0.8556800836324941,0.8408750532161139,292875.36221012485,0.2761328714544752,-1.6320617346515658,0.9740707768598802,473533.4232380228
172.2,-0.696459752252252,0.10012176575090362,-0.8567414727557385,0.7965815180031556,293602.3804558687,0.1943878737783272,-1.6373042643909537,0.8908476260305792,476580.4896342759
172.25,-0.694981599099099,0.05728229492825356,-0.8566451722971536,0.7522638940273525,293536.380488008,0.11244581328038425,-1.6399451492995565,0.8074274123794832,478119.1275930924
172.3,-0.693503445945945,0.014476371345475303,-0.8554014664227861,0.7079798172914203,292684.66750330117,0.030436562815440604,-1.6399942332194133,0.7239400087613856,478147.7484431878
172.35,-0.6888980090497704,-0.02823893434826162,-0.8530226761032923,0.6606590747015088,291059.07437856897,-0.05151071605087541,-1.637470100064314,0.637387292998895,476677.0361963794
172.4,-0.682952307692307,-0.07080721758330169,-0.8495231188616787,0.6121450901090053,288675.81179218955,-0.13326800609908052,-1.632399908358256,0.5496843015932265,473729.6819214298
172.45,-0.67700660633484,-0.11317283917013893,-0.8449190902602168,0.5638337671647011,285555.307634461,-0.2147088580760372,-1.624819178214203,0.46229774825880277,469339.9754475872
172.5,-0.671060904977376,-0.15528102394452292,-0.839228853530754,0.5157798810328531,281722.02743941755,-0.2957088022982086,-1.6147715218061314,0.3753521026791674,463553.25646863814
172.55,-0.664133054054052,-0.19707795873631853,-0.8324726199004766,0.4670550953177335,277204.26515358535,-0.3761457451046266,-1.6023083046928595,0.28798730894942537,456425.2272511476
172.6,-0.654679675675672,-0.23851088877122234,-0.8246725033113009,0.41616878690444964,272033.895087091,-0.45590034639697363,-1.5874882265178198,0.19877932927869835,448021.1323258121
172.65,-0.645226297297297,-0.2795282108889151,-0.8158524364176699,0.36569808640838186,266246.07920345926,-0.5348563740213729,-1.5703768128670819,0.1103699232759241,438414.81500276865
172.7,-0.635772918918917,-0.3200795614134976,-0.8060380401682673,0.3156933575054194,259878.92887932053,-0.6129010304476641,-1.5510458156811024,0.022871888471252877,427687.6661941078
172.75,-0.626319540540542,-0.36011589631848107,-0.7952564463740894,0.2662036442220609,252973.126199818,-0.6899252472727269,-1.5295725271467266,-0.06360570673218491,415927.4872536931
172.8,-0.614590357466063,-0.3995895614710687,-0.78353608024917,0.21500079599499433,245571.5156208935,-0.765823943508553,-1.5060390202358271,-0.15123358604248993,403227.2943062916
172.85,-0.602427687782803,-0.4384543512870693,-0.770906416942538,0.1639733364957337,237718.68147327294,-0.8404962444925794,-1.4805313369626039,-0.23806855670977645,389684.09595169337
172.9,-0.590265018099549,-0.47666555493507295,-0.7573977302463636,0.11359946316447606,229460.52871293735,-0.9138456594413668,-1.453138650542088,-0.32358064134181774,375397.67781320546
172.95,-0.578102348416289,-0.5141799901909113,-0.7430408529485002,0.06392235822537773,220843.88366017386,-0.9857802170535689,-1.4239524297926482,-0.40767786863727984,360469.4261888688
173.0,-0.565118243243247,-0.5509560259681365,-0.727866966036413,0.014162217275110467,211916.1280988211,-1.0562125599536,-1.3930656324900879,-0.4910943167103531,345001.2189200015
173.05,-0.550999774774774,-0.5869535953175596,-0.7119074300218148,-0.03595382054278562,202724.87556810604,-1.1250600000176958,-1.3605719506920089,-0.5740602252429218,329094.4058684192
173.1,-0.5368813063063,-0.6221342012046501,-0.6951936651292521,-0.08525289489835008,193317.69281433706,-1.1922445376240873,-1.3265651243133416,-0.6553632313177873,312848.8940523505
173.15,-0.522762837837836,-0.6564609175029157,-0.6777570788274143,-0.13369807966507974,183741.86316026797,-1.2576928484588739,-1.2911383302290895,-0.7349300106210379,296362.34449542424
173.2,-0.508644369369363,-0.6898983873738941,-0.6596290317586008,-0.18125401800453111,174044.18381551566,-1.3213362416526218,-1.2543836455275679,-0.8126918722832588,279729.4809185833
173.25,-0.493013248868776,-0.7224128206162344,-0.6408408280105453,-0.22939957174745834,164270.78673809653,-1.3831105927741778,-1.2163915768284794,-0.8900973439054018,263041.5054540933
173.3,-0.477351257918547,-0.7539719907851407,-0.621423712711302,-0.27662073286659367,154466.97228795954,-1.4429562546811097,-1.1772506428227318,-0.9656049967625626,246385.61351582853
173.35,-0.46168926696831697,-0.7845452320124181,-0.6014088598965869,-0.32285596504410113,144677.04670484498,-1.5008179485180764,-1.1370469953369633,-1.0391286815497593,229844.5990408562
173.4,-0.446027276018097,-0.8141034346762215,-0.5808273367010587,-0.3680761586581245,134944.158023698,-1.556644636448703,-1.0958640656792422,-1.110617360430606,213496.54230169574
173.45,-0.429759783783777,-0.8426190384961862,-0.5597100353986569,-0.41285925471240925,125310.12949038632,-1.6103893771335591,-1.0537822271681376,-1.1806295933497821,197414.5746303005
173.5,-0.413016540540541,-0.8700660213918122,-0.538087572438499,-0.45704948085127123,115815.29424510278,-1.6620091646737256,-1.0108784714806576,-1.2489926241331846,181666.71717387924
173.55,-0.396273297297294,-0.8964198825930382,-0.5159901611506678,-0.5001465852957442,106498.33856171684,-1.7114647518028097,-0.9672261035729185,-1.3151914545055157,166315.79296584
173.6,-0.37953005405404794,-0.9216576189807005,-0.4934474706728285,-0.5421275649266526,97396.16252536478,-1.7587204585017795,-0.9228944658161935,-1.3791904044477317,151419.41245051683
173.65,-0.362677674208145,-0.945757694367944,-0.4704884875698201,-0.583080020159799,88543.7667742947,-1.8037439678560048,-0.8779487062342954,-1.4410662936478598,137030.03213839524
173.7,-0.345024959276014,-0.9687000023088701,-0.4471413982606503,-0.6236750430328561,79974.1720153958,-1.8465061117817758,-0.832449607865357,-1.5014811525057619,123195.08437958875
173.75,-0.327372244343894,-0.9904658238948312,-0.4234335083329169,-0.6630935795509372,71718.37439164895,-1.8869806500820603,-0.7864534947391018,-1.5596084057381663,109957.17322441713
173.8,-0.309719529411764,-1.011037782682751,-0.3993912098341231,-0.701318253270987,63805.33539710581,-1.9251440469550019,-0.7400122252996593,-1.6154245175432378,97354.32774985844
173.85,-0.29206681447963284,-1.030399799295103,-0.37504000089509937,-0.7383329848154703,56262.00090855845,-1.96097524946349,-0.6931732774185941,-1.6689084349838572,85420.30089373072
173.9,-0.274131743243243,-1.0485370482534748,-0.35040455424667033,-0.7744053050102317,49113.34065472309,-1.9944554724798758,-0.645979921049043,-1.7203237292366327,74184.89927084939
173.95,-0.256075662162156,-1.0654359192570233,-0.32550882433189315,-0.8093602570948673,42382.39788717251,-2.025567994229128,-0.5984714670784762,-1.769492332066972,63674.328339033535
174.0,-0.23801958108108,-1.0810839844642743,-0.3003761774214367,-0.8430644033831943,36090.33918492576,-2.054297965822323,-0.5506835747582717,-1.816278384741243,53911.53769040871
174.05,-0.219963499999993,-1.0954699724716968,-0.27502952629188376,-0.8755064724717038,30256.496132935197,-2.080632237180681,-0.5026485962250626,-1.8606687371806878,44916.553117693526
174.1,-0.2018429999999879,-1.108583748754613,-0.24949145120639013,-0.9067407487546252,24898.39369002822,-2.104559200645199,-0.4543959358248576,-1.9027162006452114,36706.78515451522
174.15,-0.183539153846148,-1.1204163014978639,-0.2237842926690003,-0.9368771476517159,20031.763858145914,-2.1260686525064165,-0.40595240489141915,-1.9425294986602686,29297.307562155856
174.2,-0.165235307692298,-1.1309597311673076,-0.19793020742629744,-0.9657244234750096,15670.546804726851,-2.145151671858777,-0.35734255818656663,-1.979916364166479,22701.1029140124
174.25,-0.146931461538459,-1.1402072419160674,-0.17195118630497233,-0.9932757803776083,11826.884188674921,-2.1618005156608007,-0.3085890052842137,-2.0148690541223417,16929.27541018675
174.3,-0.128627615384609,-1.148153133041725,-0.14586903995764697,-1.0195255176571159,8511.110727266243,-2.176008528747309,-0.25971269805488967,-2.0473809133627,11991.232983280053
174.35,-0.11057059999998997,-1.154792789172659,-0.11970536470145818,-1.044222189172669,5731.749735323643,-2.187770067773838,-0.21073320227851852,-2.0771994677738483,7894.841340899378
174.4,-0.0925605999999966,-1.1601226685865018,-0.09348150487105795,-1.0675620685865053,3495.516701183053,-2.197080438614895,-0.16166896666284325,-2.1045198386148987,4646.551961214493
174.45,-0.0745505999999932,-1.1641402899250142,-0.06721852902276232,-1.089589689925021,1807.332257593576,-2.203935847469505,-0.11253760456670608,-2.129385247469512,2251.50443406441
174.5,-0.0565406,-1.1668442183901921,-0.0409372351720796,-1.1103036183901922,670.3428894136605,-2.208333366672137,-0.06335620258307315,-2.1517927666721373,713.6014943550942
174.55,-0.0387420841628925,-1.1682340531546513,-0.014658195172981583,-1.1294919689917589,85.94507429168823,-2.210270916824314,-0.014141665822941171,-2.1715288326614215,35.55319328848754
174.6,-0.021260794570128538,-1.1683104180563086,0.011598158237409648,-1.14704962348618,53.806909799997314,-2.2097472671969625,0.0350888964654064,-2.188486472626834,218.885449806224
174.65,-0.0037795049773746,-1.1670749576461377,0.03781140575808842,-1.163295452668763,571.8809621611208,-2.2067620563586585,0.08431774889973079,-2.2029825513812837,1263.9080496920983
174.7,0.0137017846153892,-1.1645303402620473,0.06396098844075641,-1.1782321248774366,1636.4032169274303,-2.2013158345826347,0.13352608322141402,-2.215017619198024,3169.638204524797
174.75,0.0311830742081431,-1.1606802691084104,0.09002604360549912,-1.1918633433165535,3241.8754109036918,-2.193410128853214,0.18269356440046036,-2.224593203061357,5933.677950816917
174.8,0.0480043049773775,-1.15552950142193,0.11598524849743175,-1.2035338063993075,5381.031147604397,-2.183047530309699,0.23179789050672892,-2.2310518352870763,9552.04658548791
174.85,0.06481206515837645,-1.1490838748828114,0.1418166895840396,-1.213895940041188,8044.789377830337,-2.1702318029102052,0.2808143874083442,-2.2350438680685816,14018.972475648643
174.9,0.081619825339366,-1.1413503396042557,0.16749777206317787,-1.2229701649436218,11222.201458451316,-2.154968011092245,0.32971565685609106,-2.236587836431611,19326.65144462997
174.95,0.098427585520365,-1.1323369934499252,0.19300517800005124,-1.2307645789702901,14900.399493932584,-2.1372626634095884,0.3784712908789796,-2.2356902489299535,25464.98098126244
175.0,0.114924261261259,-1.122053118192929,0.21831487404433833,-1.236977379454188,19064.553691598125,-2.1171238686589593,0.4270476580580652,-2.2320481299202184,32421.280400511678
175.05,0.131176513513517,-1.1105092141757047,0.24340216193282854,-1.2416857276892217,23697.844973429954,-2.0945615009315257,0.475407759176276,-2.2257380144450427,40180.00666400143
175.1,0.14742876576577396,-1.0977170316329834,0.2682417590723398,-1.2451457973987574,28781.456524089284,-2.0695873703287173,0.5235111431220107,-2.2170161360944913,48722.47412851812
175.15,0.163681018018022,-1.083689597573899,0.2928078925997156,-1.2473706155919209,34294.58478747464,-2.0422153966599095,0.571313869064605,-2.2058964146779316,58026.58435298999
175.2,0.179909244343901,-1.0684412379935075,0.31707438950251593,-1.2483504823374085,40214.46739135727,-2.012461784209582,0.6187684990260467,-2.192371028553483,68066.56984656831
175.25,0.19596128054299,-1.0519875960064646,0.34101474723535696,-1.2479488765494546,46516.423132797754,-1.9803451964327374,0.6658241058186616,-2.1763064769757277,78812.7537580836
175.3,0.212013316742088,-1.034345647176338,0.36460217425618235,-1.2463589639184258,53173.89818893422,-1.945886930112699,0.712426285501402,-2.157900246854787,90231.32662636891
175.35,0.22806535294118696,-1.0155337136550193,0.387809597029866,-1.2435990665962062,60158.51341938683,-1.9091110888827663,0.7585171701820766,-2.137176441823953,102284.14177084898
175.4,0.244117389140276,-0.9955714787449024,0.4106096375020196,-1.2396888678851783,67440.10976381598,-1.8700447560508455,0.8040354443730132,-2.1141621451911217,114928.53258810824
175.45,0.260024373873881,-0.9744800031126662,0.4329745716343337,-1.2345043769865471,74986.79187277392,-1.828718166316071,0.8489163749901792,-2.088742540189952,128117.15764026073
175.5,0.275869193693695,-0.9522817432401299,0.45487628427097626,-1.228150936933825,82764.973596868,-1.7851648753354785,0.893091870299576,-2.0610340690291737,141797.88245247907
175.55,0.291714013513518,-0.9290005718478442,0.476286238300615,-1.2207145853613621,90739.43231782009,-1.7394219252308696,0.9364905864725845,-2.0311359387443875,155913.70996475828
175.6,0.307558833333341,-0.904661799147422,0.49717547479484814,-1.212220632480763,98873.38109499308,-1.6915300031958536,0.97903809972575,-1.9990888365291946,170402.77346037468
175.65,0.323339882352943,-0.8792921930296386,0.5175146571952012,-1.2026320753825814,107128.56816474663,-1.641533589539185,1.0206571587679076,-1.964873471892128,185198.4063545205
175.7,0.338939429864258,-0.8529199957912066,0.5372741658140596,-1.1918594256554647,115465.41170047746,-1.5894810909123405,1.0612680254576439,-1.9284205207765985,200229.30166378067
175.75,0.354538977375565,-0.8255749348868663,0.5564242417488283,-1.1801139122624313,123843.17472230342,-1.5354249542814964,1.1007889039180268,-1.8899639316570613,215419.77084249794
175.8,0.37013852488688,-0.7972882254066277,0.5749351717614091,-1.1674267502935076,132220.18069132837,-1.4794217573811195,1.1391364498867307,-1.8495602822679995,230690.10692631896
175.85,0.38573807239819563,-0.7680925625816791,0.592777499768358,-1.1538306349798748,140554.06569265027,-1.4215322720107748,1.1762263448402963,-1.8072703444089704,245957.05143046463
175.9,0.400646513513513,-0.7380221034202445,0.609922246720516,-1.1386686169337574,148802.0588178408,-1.3618214974278877,1.2119739140169032,-1.7624680109414008,261134.35880132482
175.95,0.415423315315318,-0.7071124375518293,0.6263411195495613,-1.1225357528671474,156921.27921543914,-1.300358662240378,1.2462947647131817,-1.715781977555696,276133.4472091529
176.0,0.430200117117114,-0.675400548241675,0.6420066930355236,-1.1056006653587889,164869.0375609636,-1.2372171943397494,1.2791054229208723,-1.6674173114568633,290864.1214125482
176.05,0.444976918918919,-0.6429247652416245,0.6568925531822762,-1.0879016841605433,172603.13057053185,-1.1724746594401374,1.3103239499189905,-1.6174515783590564,305235.35177445423
176.1,0.45915150678733346,-0.6097247115383366,0.6709733979216841,-1.0688762183256701,180082.12028742826,-1.10621266955269,1.3398705269287503,-1.5653641763400234,319156.0940324137
176.15,0.472422773755656,-0.5758412460865998,0.6842250979697843,-1.048264019842256,187265.59387670434,-1.0385167631452146,1.3676680026988788,-1.5109395369008705,332536.13610779383
176.2,0.485694040723987,-0.5413164042997372,0.6966247280476848,-1.027010445023724,194114.40469100434,-0.969476258815245,1.3936424065068165,-1.455170299539232,345286.96128250856
176.25,0.498965307692309,-0.506193337409825,0.7081505833336935,-1.005158645102134,200590.89947034017,-0.8991840840169018,1.417723434362722,-1.3981493917092107,357322.61979399674
176.3,0.51223657466064,-0.4705162510253116,0.7187821981441663,-0.9827528256859516,206659.13934758384,-0.8277365799297318,1.439844919202736,-1.3399731545903717,368560.602907366
176.35,0.522941648648656,-0.4343303423520123,0.7285003828586978,-0.9572719910006683,212285.12313010768,-0.7552332829822714,1.4599452958499002,-1.2781749316309274,378922.71411097824
176.4,0.533594351351354,-0.3976817348612553,0.7372872906825946,-0.9312760862126093,217437.0196008323,-0.6817766831006129,1.4779680679544025,-1.2153710344519668,388335.9306476212
176.45,0.544247054054059,-0.3606174087307746,0.7451265203343493,-0.9048644627848337,222085.4125222302,-0.6074719584957765,1.4938622792733476,-1.1517190125498356,396733.2461219131
176.5,0.554899756756758,-0.32318512527126325,0.7520032529869323,-0.8780848820280212,226203.5570011712,-0.5324266868671343,1.507582984248548,-1.0873264436238923,404054.48078146804
176.55,0.563763891891894,-0.28543334382478047,0.7579044144303365,-0.8491972357166745,229767.6405651965,-0.4567505333385647,1.519091705528442,-1.0205144252304588,410247.04174316645
176.6,0.571104432432436,-0.24741113022547087,0.762818847594323,-0.8185155626579069,232757.03769805233,-0.38055491621821075,1.5283568600685122,-0.9516593486506468,415266.61186106346
176.65,0.578444972972974,-0.20916805674728361,0.7667374775670674,-0.7876130297202577,235154.5438023637,-0.3039526526893213,1.5353541321526174,-0.8823976256622954,419077.7441987764
176.7,0.585785513513516,-0.1707540943723884,0.7696534507994891,-0.7565396078859045,236946.57373102466,-0.22705758764454836,1.5400667710052018,-0.8128431011580644,421654.3394052247
176.75,0.592752746606335,-0.13221949908806852,0.771562232562272,-0.7249722456944035,238123.31148659097,-0.14998420995298228,1.542485793014473,-0.7427369565593174,422979.9860713756
176.8,0.596360212669684,-0.09361469457814715,0.7724616527153115,-0.6899749072478312,238678.80196626822,-0.07284726130336716,1.5426100749068106,-0.6692074739730511,423048.1499029325
176.85,0.599967678733033,-0.05499015399309131,0.7723518968747524,-0.6549578327261243,238610.98104241127,0.004238656746439973,1.540446332009363,-0.595729021986593,421862.2047646402
176.9,0.60357514479638,-0.016396283443873012,0.7712354478109475,-0.619971428240253,237921.64638406114,0.08115947180372536,1.536008984690656,-0.5224156729926546,419435.306853408
176.95,0.607182610859729,0.022116690560247725,0.7691169885112411,-0.5850659202994813,236616.37680664024,0.15780202042514374,1.5293199242635842,-0.4493805904345853,415790.1210221467
177.0,0.608021153846154,0.0604988281968611,0.7660032830625741,-0.5475223256492928,234704.41186505684,0.23405441404161534,1.520408196178761,-0.37396673980453865,410958.4147568985
177.05,0.607556674208145,0.09870057729451107,0.7619030539189434,-0.5088560969136339,232198.50542840495,0.30980638743519295,1.5093096226522091,-0.297750286772952,404980.53991654294
177.1,0.607092194570136,0.13667286843768603,0.7568268728811995,-0.47041932613244997,229114.76620605416,0.3849496273092904,1.4960663874059452,-0.22214256726084558,397904.82409348903
177.15,0.606627714932127,0.17436720525020705,0.7507870788517416,-0.4322605096819199,225472.49510829247,0.4593780795748959,1.480726602392067,-0.14724963535723107,389786.892627832
177.2,0.605025108108108,0.2117357513798739,0.7437977284776213,-0.39328935672823406,221294.02435538766,0.5329882348279034,1.4633438704049229,-0.07203687328020458,380688.9392091839
177.25,0.600183216216217,0.24873141584138284,0.7358745793540113,-0.35145180037483414,216604.55861577726,0.6056793920296727,1.4439768514888285,0.005496175813455739,370678.9595796605
177.3,0.595341324324323,0.2853079381923341,0.727035098127081,-0.3100333861319889,211432.01356346172,0.6773539006330327,1.4226888336518921,0.08201257630870973,359829.95864849444
177.35,0.59049943243243,0.32141997445761095,0.7172984799307747,-0.269079457974819,205806.84372439998,0.7479173812327841,1.399547301936705,0.1574179488003541,348219.13784147747
177.4,0.585657540540539,0.35702318395807403,0.7066856619395425,-0.22863435658246495,199761.84991637175,0.8172789244205814,1.374623495378113,0.2316213838800424,335927.06738587393
177.45,0.577018076923072,0.3920743163022422,0.6952193140115894,-0.18494376062082984,193331.957829898,0.8853512669381461,1.347991940519649,0.3083331900150741,323036.8483032763
177.5,0.567544999999999,0.42653129704644865,0.6829237926971569,-0.1410137029535503,186553.9626527477,0.9520509437293163,1.319729952475624,0.38450594372931735,309633.270659789
177.55,0.55807192307692,0.46035330994402746,0.6698250501855172,-0.09771861313289254,179466.23914241223,1.0172984141204606,1.2899170989978448,0.45922649104354063,295801.9772954695
177.6,0.54859884615384,0.4935008734767756,0.655950496876859,-0.0550979726770644,172108.4217411993,1.0810181603115105,1.2586346296022137,0.5324193141576705,281628.6454815825
177.65,0.537432027027024,0.5259359094517755,0.6413288229808064,-0.011496117575248488,164521.0636743786,1.1431387566115554,1.225964878312207,0.6057067295845314,267198.20139645593
177.7,0.523724594594589,0.5576218019139942,0.6259897922879399,0.033897207319405265,156745.28801947928,1.203592908479337,1.191990656421286,0.6798683138847481,252594.08444367084
177.75,0.510017162162162,0.588523445414713,0.6099640255757965,0.07850628325255105,148822.44499865238,1.2623174613891461,1.1567946563237614,0.7523002992269842,237897.578115415
177.8,0.496309729729727,0.6186072825861756,0.5932827926778051,0.12229755285644861,140793.78883503022,1.3192533806420008,1.120458889414246,0.8229436509122738,223187.22184309433
177.85,0.4826022972972901,0.6478413318980214,0.5759778298328935,0.1652390346007313,132700.18418360382,1.374345704374123,1.0830641789483697,0.8917434070768329,208538.31390597444
177.9,0.46559086877828,0.6761952071880354,0.5580811953613198,0.2106043384097554,124581.84824636787,1.4275434729475105,1.0446897252230436,0.9619526041692306,194022.51057539525
177.95,0.448441773755652,0.703640131100294,0.5396251703920176,0.255198357344642,116478.12980824563,1.4787996386589055,1.0054127538652484,1.0303578649032534,179707.5210017605
178.0,0.431292678733034,0.7301489446687125,0.5206422034095525,0.2988562659356785,108427.32158846153,1.5280709599960984,0.9653082493760041,1.0967782812630644,165656.8917890428
178.05,0.414143583710406,0.7556961150683115,0.501164890213491,0.3415525313579055,100466.49887308019,1.575317884599433,0.9244487678725063,1.161174300889027,151929.8710081769
178.1,0.3959363783783714,0.780257742946535,0.48122597457056615,0.3843213645681636,92631.37544055647,1.620504424561091,0.8829043153078043,1.2245680461827195,138581.3386647365
178.15,0.376827819819818,0.8038115699576716,0.4608583528739694,0.42698375013785356,84956.16856548325,1.6635980269187325,0.8407422740100547,1.2867702070989144,125661.79045468409
178.2,0.357719261261253,0.8263369862710609,0.44009506573021856,0.4686177250098079,77473.46675203416,1.7045694412877739,0.7980273585553901,1.346850180026521,113217.362667181
178.25,0.338610702702699,0.8478150370256267,0.41896926239514354,0.5092043343229277,70214.09713277225,1.743392585650856,0.7548215837456691,1.404781882948157,101289.88858459026
178.3,0.319421846153837,0.8682284261249668,0.3975141288339613,0.5488065799711297,63206.99304904928,1.780044410563292,0.7111842314220913,1.460622564409455,89916.9797374988
178.35,0.2995103076922939,0.8875615154778245,0.3757627782712513,0.5880512077855305,56479.06621365183,1.8145047615279342,0.6671718104687236,1.5149944538356404,79132.12883273147
178.4,0.279598769230763,0.9058003179554764,0.35374811064684636,0.6262015487247135,50055.09031448539,1.8467562392333892,0.6228380119606571,1.567157470002626,68964.83362544066
178.45,0.25968723076922,0.9229324827842578,0.33150265322724526,0.6632452520150378,43957.603638681285,1.876784057582511,0.578233667679708,1.617096826813291,59440.742122369236
178.5,0.239775692307689,0.9389472728475412,0.3090583991710016,0.6991715805398522,38206.83763925686,1.9045759000110465,0.5334067255366101,1.6648002077033575,50581.81952847795
178.55,0.220210468468461,0.9538355342372534,0.2864466619370098,0.7336250657687924,32820.67605394223,1.930121775321409,0.4884022574307795,1.7099113068529481,42406.53601128558
178.6,0.200808216216205,0.9675896592817633,0.26369796238695553,0.7667814430655583,27814.646146812887,1.9534138750481604,0.44326251493524543,1.7526056588319554,34930.07238163888
178.65,0.18140596396396,0.9802035450097843,0.24084196050469592,0.7987975810458243,23201.939975898204,1.974446435050203,0.39802704397284344,1.7930404710862429,28164.538263779526
178.7,0.162003711711704,0.9916725494385681,0.21790743690878345,0.8296688377268641,18993.460424062174,1.9932156044264386,0.35273286328096287,1.8312118927147347,22119.1951712687
178.75,0.14284563800905,1.0019934481461752,0.1949223215664363,0.8591478101371252,15197.88457793968,2.009719324905702,0.3074147036875534,1.866873686896652,16800.67556325445
178.8,0.124460796380087,1.011164393273582,0.17191376034381517,0.8867035968934951,11821.736398220286,2.0239572235199823,0.2621052980520061,1.8994964271398953,12213.188847454392
178.85,0.10607595475112296,1.0191848765031353,0.1489082046447527,0.9131089217520123,8869.461364209421,2.0359305207155654,0.21683570565817303,1.9298545659644424,8358.706355249396
178.9,0.0876911131221707,1.0260556967179668,0.12593150598468644,0.9383645835957961,6343.497679828447,2.045641955120104,0.1716356505650372,1.9579508419979335,5237.119385757077
178.95,0.0693062714932075,1.0317789321389432,0.10300899782601963,0.9624726606457357,4244.341453248367,2.053095725136027,0.12653385301335202,1.9837894536428196,2846.367281494146
179.0,0.0522567568018034,1.0363579159198275,0.08016555004335954,0.9841011591180241,2570.6061655017534,2.058297446534261,0.08155833530193937,2.006040689732458,1182.5354768397458
179.05,0.0355003626576561,1.0397972135831195,0.05742558732627996,1.0042968509254635,1319.0792319072823,2.061254124414016,0.03673668905457439,2.0257537617563597,239.92610181199748
179.1,0.018743968513508624,1.0421026004270917,0.034813069889651896,1.023358631913583,484.779934056715,2.0619741374206457,-0.007903702168540444,2.043230168907137,11.105512527820606
179.15,0.0019875743693709,1.043281037128757,0.01235144221787366,1.0412934627593862,61.02324994458873,2.060467231994733,-0.05233548323023258,2.058479657625362,486.933831989681
179.2,-0.0140886840724005,1.043340642230103,-0.009936438007443642,1.0574293263025036,39.493120110308226,2.056744524703562,-0.09653118188473768,2.0708332087759627,1656.5811690780993
179.25,-0.0290552474208133,1.042290660906019,-0.032028374682716326,1.0713459083268322,410.3267139265856,2.0508185112771993,-0.14046308352711778,2.0798737586980125,3507.533837145968
179.3,-0.0440218107692347,1.0401414302701943,-0.05390289418568767,1.084163241039429,1162.208800637377,2.042703081742556,-0.18410310982737607,2.086724892511791,6025.592008553048
179.35,-0.058988374117656096,1.0369043423114108,-0.07553927713534007,1.0958927164290668,2282.472956051885,2.0324135418524945,-0.2274226861274396,2.0914019159701507,9194.858340519095
179.4,-0.0739549374660689,1.0325918062097754,-0.09691755003489246,1.1065467436758443,3757.204601906353,2.019966641677491,-0.27039258599290866,2.0939215791435597,12997.715655099111
179.45,-0.0868581189189262,1.0272172121773313,-0.11801843279526135,1.1140753310962574,5571.340191779848,2.0053806126666673,-0.3129827478433843,2.0922387315855935,17414.79119068364
179.5,-0.0996753261261285,1.0207948989629314,-0.13882324569750298,1.12047022508906,7708.757418395712,1.988675214535822,-0.3551620661478126,2.0883505406619505,22424.90546317924
179.55,-0.112492533333338,1.013340126818726,-0.15931378636961385,1.125832660152064,10152.353010969184,1.96987179304298,-0.39689816707696973,2.082364326376318,28005.00533849923
179.6,-0.12530974054054733,1.004869057040285,-0.1794721926212503,1.1301787975808324,12884.10716971167,1.9489933490437434,-0.43815718449716445,2.0743030895842907,34130.08325804128
179.65,-0.137015294117649,0.9953987383399685,-0.19928080946852317,1.1324140324576175,15885.136408971934,1.926064618342639,-0.47890355555778635,2.063079912460288,40773.08720460263
179.7,-0.147694705882357,0.9849470993773762,-0.21872207852260858,1.1326418052597331,19135.73905330006,1.9011121608521142,-0.519099855862362,2.048806866734471,47904.8285077911
179.75,-0.158374117647059,0.9735329459466129,-0.23777846434443037,1.1319070635936719,22615.439242398217,1.8741644566370648,-0.5587066913534231,2.032538574284124,55493.896348993636
179.8,-0.169053529411768,0.9611759607223944,-0.25643242653728165,1.1302294901341625,26303.03575191934,1.8452520056872443,-0.5976826586047894,2.0143055350990124,63506.588515002535
179.85,-0.17952837837838093,0.9478967032203447,-0.27466643857630935,1.1274250815987257,30176.66099207741,1.814407427866116,-0.6359843774082494,1.993935806244497,71906.86725464153
179.9,-0.188162162162163,0.9337166077626613,-0.2924630472665501,1.1218787699248243,34213.85360657452,1.7816655594864026,-0.6735665919548898,1.9698277216485656,80656.34734181777
179.95,-0.196795945945948,0.9186579777023068,-0.3098049603951202,1.1154539236482548,38391.645394168794,1.7470635433241584,-0.7103823297288945,1.9438594892701064,89714.32078063142
180.0,-0.205429729729729,0.9027439749019508,-0.3266751460865293,1.1081737046316797,42686.660428262105,1.7106409095762898,-0.7463831020373215,1.9160706393060187,99037.81955677418
180.05,-0.214063513513514,0.8859986043216439,-0.3430569261807242,1.100062117835158,47075.22184022674,1.6724396461343212,-0.7815191276738768,1.8865031596478352,108581.7150080244
180.1,-0.22165603167420966,0.8684466944286048,-0.3589340477634755,1.0901027261028144,51533.46025754916,1.632504257477734,-0.8157395618482758,1.8541602891519435,118298.85026922969
180.15,-0.228712140271493,0.8501138748161987,-0.37429072198781094,1.0788260150876918,56037.41782646271,1.59088181228836,-0.8489927165922773,1.819593952559853,128140.20139141951
180.2,-0.235768248868779,0.8310265528001917,-0.3891116261812211,1.0667948016689706,60563.14305175774,1.5476219804305327,-0.8812262651429272,1.7833902292993118,138055.06317826716
180.25,-0.242824357466062,0.8112118907723984,-0.40338187252403696,1.0540362482384604,65086.774032399364,1.5027770601336938,-0.9123874299535844,1.7456014175997558,147991.2573044101
180.3,-0.249592297297297,0.7906977857625523,-0.41708695319116695,1.0402900830598494,69584.61060891628,1.4564019960618022,-0.9424231608414283,1.7059942933590992,157895.36250495087
180.35,-0.2554477027027083,0.7695128520218841,-0.4302126771216394,1.0249605547245924,74033.17902246719,1.4085543884725182,-0.9712803156229565,1.6640020911752265,167712.969158512
180.4,-0.261303108108109,0.7476864066090793,-0.44274511610738354,1.0089895147171881,78409.29513477621,1.3592944929586528,-0.9989058588634597,1.6205976010667618,177388.962643866
180.45,-0.267158513513516,0.7252484570795749,-0.4546705770674452,0.9924069705930909,82690.13346033744,1.308685209468763,-1.0252470942928826,1.575843722982279,186867.84077439984
180.5,-0.27301391891892,0.7022296896205937,-0.46597561368950297,0.9752436085395138,86853.30902132357,1.2567920585954333,-1.0502519433347457,1.5298059775143533,196094.0701294951
180.55,-0.278261923076925,0.6786614554599264,-0.476647084266916,0.9569233785368514,90876.977176061,1.2036831426337617,-1.0738692761164623,1.4819450657106867,205012.48394433685
180.6,-0.2833580769230829,0.6545757532239556,-0.48667225527006525,0.9379338301470385,94739.95361986062,1.1494290887844498,-1.0960492939188167,1.4327871657075328,213568.72083554429
180.65,-0.288454230769232,0.6300052051166287,-0.4960389430654093,0.9184594358858607,98421.85321497935,1.0941029721121245,-1.1167439543986182,1.3825572028813564,221709.69949970898
180.7,-0.293550384615387,0.6049830253422118,-0.5047356797355051,0.8985334099575988,101903.24255922496,1.0377802164942134,-1.1359074236297784,1.3313306011096004,229384.12001017612
180.75,-0.29838122972973,0.579542980005846,-0.5127518850100663,0.877924209735576,105165.7982325505,0.9805384727274529,-1.1534965340399144,1.2789197024571828,236542.97849637253
180.8,-0.302779202702704,0.5537193386626035,-0.5200780254023399,0.8564985413653075,108192.46100255878,0.9224574740689517,-1.169471225355091,1.2252366767716558,243140.0794548512
180.85,-0.3071771756756805,0.5275468185785083,-0.5267057443511565,0.8347239942541888,110967.57645300233,0.8636188706036982,-1.1837949474907155,1.1707960462793787,249132.529369697
180.9,-0.311575148648649,0.5010605234612033,-0.5326279518165956,0.8126356721098523,113477.01402253668,0.8041060447829795,-1.1964350084279018,1.1156811934316284,254481.1963363331
180.95,-0.315973121621623,0.474295878839038,-0.5378388687737331,0.790269000460661,115708.25950552357,0.7440039111746963,-1.2073628569904387,1.0599770327963194,259151.12327824256
181.0,-0.31962823076923,0.4472885662936532,-0.5423340295300956,0.7669167970628832,117650.47983454022,0.6833987037617687,-1.2165542983004987,1.0030269345309988,263111.88634905225
181.05,-0.323235923076924,0.4200744584416846,-0.546110251694723,0.7433103815186086,119294.5628024295,0.6223777540539446,-1.2239896474131196,0.9456136771308685,266337.89457324316
181.1,-0.326843615384619,0.3926895559154306,-0.5491655889077177,0.7195331713000496,120633.13761614416,0.561029262820393,-1.2296538330993292,0.887872878205012,268808.63097882184
181.15,-0.330451307692308,0.36516992678171584,-0.5514992834738319,0.6956212344740238,121660.58386886,0.4994420675629393,-1.2335364671519162,0.8298933752552473,270508.83836331207
181.2,-0.333441891891893,0.3375516479816736,-0.5531117352943558,0.6709935398735666,122373.03668813339,0.4377054070468745,-1.2356318952200556,0.7711472989387675,271428.6543084634
181.25,-0.335862837837838,0.3098707476420562,-0.5540044997341135,0.6457335854798942,122768.39429025815,0.37590868346240514,-1.2359392426260918,0.7117715213002431,271563.6998156724
181.3,-0.338283783783785,0.28216314661160924,-0.55418032127591,0.6204469303953942,122846.33139578834,0.31414122222802876,-1.2344624637284796,0.6524250060118137,270915.1243297045
181.35,-0.3407047297297322,0.25446459742054994,-0.553643202097163,0.5951693271502821,122608.31809136004,0.25249202919200237,-1.231210396167582,0.5931967589217346,269489.60704553494
181.4,-0.342982642533937,0.22681061909648093,-0.5523984973935285,0.569793261630418,122057.63996905126,0.1910495451100775,-1.226196814082984,0.5340321876440145,267299.31144306844
181.45,-0.343615674208145,0.1992364268231895,-0.5504530237052911,0.5428521010313345,121199.41252251914,0.12990139772353024,-1.2194404685366689,0.47351707193167525,264361.7877875432
181.5,-0.344248705882353,0.17177685621733974,-0.5478151628697333,0.5160255620996927,120040.58106799697,0.069134152463428,-1.2109650992264573,0.41338285834578103,260699.81716347445
181.55,-0.344881737556561,0.14446628289657898,-0.5444949435859084,0.48934802045313996,118589.89743624863,0.008833063647456174,-1.2007994003419062,0.35371480120401716,256341.1910864856
181.6,-0.3455147692307694,0.11733853886475902,-0.5405040849374263,0.46285330809552844,116857.86633361781,-0.05091817114219068,-1.1889769252705018,0.29459659808857874,251318.42290234604
181.65,-0.34448031081081,0.09042682790046158,-0.5358559916978776,0.43490713871127157,114856.65753540632,-0.11003765016107828,-1.1755359200760702,0.2344426606497317,245668.39100250544
181.7,-0.342586842342341,0.06376364246256787,-0.530565698464971,0.4063504848049089,112599.98415504904,-0.16844549642416337,-1.1605190829808387,0.17414134591817762,239431.91857114434
181.75,-0.340693373873874,0.03738068458963043,-0.524649767158872,0.37807405846350445,110102.95127194346,-0.2260640728422015,-1.1439732550299149,0.11462930103167249,232653.29923977578
181.8,-0.338799905405405,0.011308792865604721,-0.5181261491719975,0.3501086982710097,107381.8825823212,-0.2828181804233254,-1.125949054660056,0.055981724982079595,225379.78198931087
181.85,-0.3362258371040671,-0.014422123162654128,-0.5110140279851203,0.321803713941413,104454.13471903093,-0.3386352371737191,-1.1065004744313183,-0.002409400069651957,217661.031096308
181.9,-0.331238733031674,-0.039783140597691544,-0.503333660980612,0.29145559243398245,101337.90971045829,-0.39344543634749257,-1.0856844621776456,-0.06220670331581857,209548.5780291491
181.95,-0.326251628959274,-0.064746373251116,-0.4951062379498561,0.261505255708158,98052.07474274382,-0.44718188383393886,-1.0635605085981663,-0.12093025487466486,201095.28096881605
182.0,-0.321264524886878,-0.08928501533410317,-0.48635376971817906,0.23197950955277485,94615.99572763342,-0.499780715481565,-1.0401902599423052,-0.17851619059468699,192354.80477846053
182.05,-0.316277420814479,-0.11337338049608293,-0.4770990137406122,0.2029040403183961,91049.38756490595,-0.551181195963552,-1.015637168193858,-0.23490377514907296,183381.13020743808
182.1,-0.3087140540540463,-0.13698693807310164,-0.46736543651522316,0.17172711598094464,87372.18049962605,-0.6013258012087979,-0.9899661839866197,-0.2926117471547516,174228.09696658308
182.15,-0.300506621621622,-0.16010234824700476,-0.45717720563515685,0.14040427337461725,83604.3989409482,-0.6501602865187219,-0.9632434898725235,-0.3496536648970999,164948.98147231972
182.2,-0.292299189189188,-0.18269749727392764,-0.4465591981327123,0.10960169191526037,79766.04697477238,-0.6976337421638916,-0.9355362644039672,-0.4053345529747036,155596.10702487637
182.25,-0.284091756756758,-0.2047515331975483,-0.4355370085300772,0.07934022355920972,75876.99431973141,-0.7436986376722368,-0.9069124630418425,-0.45960688091547874,146220.48277699936
182.3,-0.274871343891402,-0.22624490158308033,-0.4241369388812217,0.048626442308321666,71956.85716941328,-0.7883108552384993,-0.8774405994726201,-0.5134395113470973,136871.4676627326
182.35,-0.2638500769230667,-0.24715937999663837,-0.41238595675945244,0.016690696926428356,68024.87093296359,-0.8314297119078147,-0.8471895134119736,-0.567579634984748,127596.45717959404
182.4,-0.252828809954749,-0.26747810938333266,-0.4003116120992999,-0.014649299428583673,64099.75471261613,-0.8730179695977947,-0.8162281150445807,-0.6201891596430457,118440.59302919632
182.45,-0.24180754298642,-0.2871856201971907,-0.38794191096139496,-0.045378077210770695,60199.57051215156,-0.9130418316704562,-0.7846251028857789,-0.6712342886840361,109446.49814729231
182.5,-0.230786276018097,-0.30626785123836925,-0.375305151170415,-0.07548157522027224,56341.582598019224,-0.951470924799821,-0.7524486586485045,-0.720684648781724,100654.04158256599
182.55,-0.218098529411758,-0.3247121595494746,-0.3624297318530436,-0.10661363013771658,52542.12421242765,-0.9882782652142827,-0.719766130044447,-0.7701797358025247,92100.13901496175
182.6,-0.2053044117646897,-0.34250732049300453,-0.3493439538661589,-0.13720290872831484,48816.47924113638,-1.0234402091223078,-0.6866437180160585,-0.8181357973576181,83818.5947539407
182.65,-0.192510294117643,-0.35964351800183886,-0.3360758295384727,-0.16713322388419585,45178.785279989024,-1.0569363879927993,-0.6531461870367833,-0.8644260938751563,75839.98962501132
182.7,-0.179716176470581,-0.3761123259246876,-0.32265291910507177,-0.19639614945410658,41641.9624828096,-1.0887496303201534,-0.6193366167754183,-0.9090334538495723,68191.61686734602
182.75,-0.166750234234232,-0.39190668213238855,-0.30910220635836644,-0.22515644789815656,38217.669590244055,-1.1188658723071023,-0.5852762090483062,-0.9521156380728704,60897.46504497007
182.8,-0.15362568468468,-0.4070208575466463,-0.29545002046842855,-0.25339517286196633,34916.285837917945,-1.1472740604699774,-0.5510241585898925,-0.9936483757852974,53978.2441510576
182.85,-0.1405011351351205,-0.4214504224150237,-0.28172200313941925,-0.2809492872799032,31746.91482115478,-1.1739660494088575,-0.5166375881889953,-1.033464914273737,47451.44844973189
182.9,-0.127376585585583,-0.43519221192003177,-0.26794311305481433,-0.30781562633444876,28717.404733402007,-1.198936497804818,-0.4821715409340201,-1.071559912219235,41331.44797985554
182.95,-0.114328809049769,-0.44824429266103594,-0.25413765352694884,-0.33391548361126694,25834.378776073398,-1.2221827651757984,-0.4476790153878146,-1.1078539561260294,35629.60014552945
183.0,-0.102163922171945,-0.4606059307388323,-0.24032930621282061,-0.35844200856688735,23103.27016989428,-1.2437048110824835,-0.41321102538505794,-1.1415408889105385,30354.373599959286
183.05,-0.0899990352941148,-0.4722775613188701,-0.22654115374370204,-0.3822785260247553,20528.35773581106,-1.2635050975365052,-0.3788166650752721,-1.1735060622423905,25511.47835355571
183.1,-0.0778341484162772,-0.4832607587301682,-0.21279567658920606,-0.40542661031389104,18112.79999002319,-1.2815884944094809,-0.3445431614013196,-1.2037543459932036,21103.99823438502
183.15,-0.0656692615384605,-0.4935582055630186,-0.19911471521900515,-0.4278889440245581,15858.667926698208,-1.2979621868747326,-0.31043590136180793,-1.2322929253362722,17132.52424076767
183.2,-0.0549143959459431,-0.5031736589463264,-0.1855193953831599,-0.44825926300038327,13766.978425333284,-1.3126355834393904,-0.27653842798778355,-1.2577211874934473,13595.289271814143
183.25,-0.0448859049549559,-0.5121119122659624,-0.1720300220440369,-0.4672260073110065,11837.731393788728,-1.3256202230153222,-0.24289240693790448,-1.2807343180603663,10488.306017437972
183.3,-0.034857413963963,-0.5203787510375714,-0.15866595397218422,-0.48552133707360834,10069.953979961312,-1.3369296797632237,-0.20953757276334203,-1.3020722657992607,7805.510115476064
183.35,-0.0248289229729647,-0.5279809023596965,-0.14544547530850507,-0.5031519793867318,8461.754515086783,-1.3465794650313117,-0.1765116691277464,-1.3217505420583469,5538.9101045800935
183.4,-0.0153839076576581,-0.5349259782510655,-0.13238568233503015,-0.5195420705934074,7010.387554924605,-1.3545869265140014,-0.14385040028753793,-1.3392030188563433,3678.7444734017586
183.45,-0.0080075788288269,-0.5412224140583415,-0.11950240185453417,-0.5332148352295146,5712.329619601029,-1.3609711456179878,-0.11158741032887334,-1.3529635667891609,2213.64447002744
183.5,-0.0006312499999999,-0.5468794038379313,-0.106810153359278,-0.5462481538379315,4563.363544252994,-1.3657528347666568,-0.07975430324737556,-1.365121584766657,1130.7998020398827
183.55,0.0067450788288311,-0.5519068350729535,-0.0943221604016374,-0.5586519139017846,3558.6679771328863,-1.3689542368900716,-0.048380710664791715,-1.3756993157189026,416.12322923205164
183.6,0.0141214076576652,-0.5563152251645159,-0.08205040947798826,-0.5704366328221812,2692.9078782022184,-1.3705990294978763,-0.017494406927024378,-1.3847204371555415,54.40964866281219
183.65,0.0193836235294132,-0.5601156618839024,-0.0700057473209937,-0.5794992854133156,1960.3218631883262,-1.3707122355448593,0.01287853641903617,-1.3900958590742725,29.48563560825617
183.7,0.0240495511312241,-0.563319749341036,-0.05819800164665808,-0.5873693004722601,1354.8029582657666,-1.369320142706704,0.042713571310551764,-1.3933696938379283,324.3465198402828
183.75,0.0287154787330324,-0.5659395602097148,-0.046636107497977905,-0.5946550389427472,869.9706090251804,-1.3664502318680825,0.0719874873238157,-1.3951657106011148,921.2797033238268
183.8,0.0333814063348433,-0.567987594024686,-0.03532822109662268,-0.6013690003595293,499.23328234074233,-1.362131114654427,0.10067823874391767,-1.3955125209892703,1801.974712280406
183.85,0.0371553321266993,-0.5694767405469301,-0.024281806732747088,-0.6066320726736294,235.84245528259274,-1.3563924789326698,0.12876480111640032,-1.393547811059369,2947.622045608201
183.9,0.0393434769230774,-0.5704202465857864,-0.013503687032276153,-0.6097637235088638,72.93982538626526,-1.3492650404809876,0.15622706948960213,-1.388608517404065,4339.003954010484
183.95,0.041531621719458,-0.5708316843518968,-0.0030000543321892555,-0.6123633060713548,3.6001303984350077,-1.340780498581907,0.18304580324054226,-1.3823121203013649,5956.580637151167
184.0,0.0437197665158373,-0.5707249195001199,0.007223551865846247,-0.6144446860159573,20.871880623428318,-1.3309714932544723,0.20920261477773136,-1.3746912597703096,7780.574938638199
184.05,0.0459079113122178,-0.5701140774295537,0.01716228939945172,-0.6160219887417715,117.81767097221312,-1.319871562152467,0.23467999170551546,-1.3657794734646849,9791.05751233792
184.1,0.0462599094594597,-0.5690135071450333,0.026812063972211794,-0.615273416604493,287.5547097799911,-1.3075150958398856,0.2594613370587184,-1.3537750052993454,11968.03296503073
184.15,0.0464947067567568,-0.5674377427921092,0.036169568706431,-0.613932449548866,523.2950801636931,-1.2939372909618965,0.28353101009135884,-1.3404319977186532,14291.525988164663
184.2,0.0467295040540541,-0.5654014638285348,0.04523229705413681,-0.6121309678825889,818.3842787174693,-1.2791741017325264,0.30687435041846467,-1.3259036057865805,16741.665234623048
184.25,0.0469643013513513,-0.5629194554562893,0.053998517988728366,-0.6098837568076406,1166.3359779916084,-1.26326219091808,0.3294776721470193,-1.310226492269431,19298.762034385552
184.3,0.0465526728506786,-0.5600065713581143,0.06246720854696715,-0.6065592442087928,1560.8608574601142,-1.2462388820414474,0.3513282203701443,-1.292791554892126,21943.381053947138
184.35,0.0454946185520352,-0.5566777008216554,0.07063794696293065,-0.6021723193736905,1995.8878204551213,-1.2281421147074143,0.37241409060238706,-1.2736367332594496,24656.400867413857
184.4,0.0444365642533937,-0.5529477419926833,0.07851077650414082,-0.597384306246077,2465.57681091326,-1.2090104047308754,0.3927241190555114,-1.253446968984269,27419.063766742664
184.45,0.043378509954751,-0.5488315823549287,0.08608605547200843,-0.5922100923096797,2964.3235786918844,-1.1888828101981666,0.4122477577813135,-1.2322613201529176,30213.015785905875
184.5,0.0422705072072075,-0.5443440866808967,0.09336431127108538,-0.5866145938881042,3486.7578476496483,-1.1677989037866094,0.43097495211452336,-1.210069410993817,33020.33944002057
184.55,0.0405880972972971,-0.5395000917995256,0.10034611659890709,-0.5800881890968227,4027.7372465925823,-1.1457987507679417,0.4488960389651046,-1.1863868480652389,35823.582897521905
184.6,0.0389056873873856,-0.5343144066753777,0.10703200268481483,-0.5732200940627633,4582.339839488884,-1.1229228912234528,0.4660016822188141,-1.1618285786108384,38605.78983658038
184.65,0.0372232774774771,-0.528801815702975,0.11342241837565792,-0.5660250931804521,5145.857996073113,-1.0992123243267595,0.48228285588443026,-1.1364356018042365,41350.53388089638
184.7,0.0355408675675667,-0.5229770828500582,0.1195177366407005,-0.5585179504176249,5713.795748686338,-1.0747084921836436,0.4977308785170441,-1.1102493597512104,44041.96043188418
184.75,0.0338435076923073,-0.5168549544035642,0.12531830240388786,-0.5506984620958715,6281.870766956914,-1.0494532607466776,0.5123374944697746,-1.083296768438985,46664.837020367355
184.8,0.0321377384615378,-0.5104501585350713,0.13082450951695784,-0.542587896996609,6846.020916141038,-1.02348889571873,0.5260949907558017,-1.0556266341802678,49204.611430817255
184.85,0.0304319692307672,-0.5037774006267978,0.13603689045003126,-0.534209369857565,7402.414225325522,-0.9968580320577002,0.5389963331439274,-1.0272900012884674,51647.47504757325
184.9,0.0287261999999995,-0.49685135417171084,0.14095620073273785,-0.5255775541717104,7947.460210003154,-0.9696036365903177,0.5510353025528524,-0.9983298365903172,53980.42749502463
184.95,0.0271152891891886,-0.4896866479295062,0.1455834819510673,-0.5168019371186948,8477.820086798694,-0.9417689641834013,0.5622066136525037,-0.9688842533725899,56191.338032820546
185.0,0.0258406945945945,-0.4822978507215482,0.14992009183136049,-0.5081385453161427,8990.413573889426,-0.9133975087353229,0.5725060016335061,-0.9392382033299174,58268.99945002384
185.05,0.0245660999999996,-0.4746994556594606,0.15396769666912957,-0.4992655556594602,9482.420647038838,-0.8845329507996952,0.5819302695344885,-0.9090990507996948,60203.171306752425
185.1,0.023291505405404,-0.46690586565632275,0.15772822856983737,-0.4901973710617267,9951.277635111544,-0.8552191038494372,0.5904772958572534,-0.8785106092548413,61984.611008514556
185.15,0.0220169108108107,-0.4589313817707523,0.161203817032921,-0.480948292581563,10394.668250393388,-0.8254998610157775,0.5981460097968829,-0.8475167718265882,63605.0931619436
185.2,0.0212356411764704,-0.45079019531255804,0.16439670952618662,-0.47202583648902846,10810.511241214952,-0.7954191436049208,0.6049363473881282,-0.8166547847813912,65057.419447340464
185.25,0.020593514479638,-0.44249638383629525,0.1673091983911687,-0.4630898983159332,11196.947146518178,-0.7650208519348841,0.610849205583507,-0.7856143664145221,66335.4225710225
185.3,0.0199513877828053,-0.4340639102692125,0.16994357105306215,-0.4540152980520178,11552.326936906875,-0.7343488181452802,0.6158864119420729,-0.7543002059280854,67433.96842931214
185.35,0.0193092610859723,-0.42550662365819597,0.17230209684119427,-0.4448158847441683,11875.205030348914,-0.7034467598135018,0.6200507247838674,-0.7227560208994741,68348.96023199987
185.4,0.0189080459459459,-0.4168382594872855,0.1743870579627035,-0.4357463054332314,12164.338393954926,-0.6723582325855265,0.6233458734306002,-0.6912662785314724,69077.34718630362
185.45,0.018935118018018,-0.40807243732471754,0.17620082471740675,-0.42700755534273555,12418.692252437719,-0.6411265797283001,0.6257766408174916,-0.6600616977463181,69617.1385231687
185.5,0.0189621900900901,-0.39922265373744703,0.17774596788731775,-0.4181848438275371,12637.451640079758,-0.6097948765857215,0.6273489833048852,-0.6287570666758117,69967.42166287523
185.55,0.0189892621621622,-0.39030226892797243,0.179025394723502,-0.4092915310901346,12820.036782362282,-0.578405868357568,0.6280701753475569,-0.5973951305197303,70128.38136197528
185.6,0.0190163342342344,-0.38132448634349475,0.18004249114782603,-0.40034082057772913,12966.119447486004,-0.5470019003762652,0.6279489619640285,-0.5660182346104996,70101.31534785795
185.65,0.0195119488687783,-0.3723023254050071,0.18080125168308578,-0.39181427427378535,13075.637044068211,-0.5156248409621037,0.6269956998718027,-0.535136789830882,69888.64136137452
185.7,0.0200483063348418,-0.36324858840138147,0.18130638068102664,-0.38329689473622325,13148.80147026134,-0.4843159978902535,0.6252224693255157,-0.5043643042250953,69493.89087102142
185.75,0.020584663800905,-0.35417582329089975,0.1815633533339043,-0.37476048709180476,13186.100509540871,-0.4531160302935423,0.6226431430012084,-0.4737006940944473,68921.68596025302
185.8,0.0211210212669685,-0.3450962845770909,0.18157843160504655,-0.3662173058440594,13188.290729659428,-0.42206485836434837,0.6192734046732467,-0.4431858796313169,68177.69773077239
185.85,0.0217251909909917,-0.33602189447063924,0.18135863788047293,-0.3577470854616309,13156.382213544204,-0.3912015733803933,0.6151307182835757,-0.412926764371385,67268.58676907871
185.9,0.0223971729729732,-0.32696420623730427,0.1809116960061527,-0.3493613792102775,13091.616700729042,-0.36056435036452694,0.6102342554436986,-0.38296152333750016,66201.92826967558
185.95,0.0230691549549553,-0.3179343710047285,0.18024595460543655,-0.3410035259596838,12995.441660650036,-0.3301903651216021,0.6046047955234775,-0.3532595200765574,64986.126003553065
186.0,0.023741136936937,-0.3089431084865825,0.17937030995350123,-0.33268424542351954,12869.483237126042,-0.3001157165925828,0.5982646158951893,-0.3238568535295198,63630.32011239438
186.05,0.024388611764706,-0.30000068121961815,0.1782941450894786,-0.3243892929843242,12715.520869275219,-0.27037535456287687,0.5912373903138154,-0.2947639663275829,62144.29363646061
186.1,0.0246521411764708,-0.29111687115205376,0.1770272984116268,-0.31576901232852456,12535.465753167662,-0.24100301191827528,0.5835481107927245,-0.2656551530947461,60538.38179729029
186.15,0.0249156705882353,-0.2823009568973558,0.1755800690263559,-0.3072166274855911,12331.34425571996,-0.21203113999812218,0.5752230428439002,-0.23694681058635747,58823.38649219476
186.2,0.0251792000000001,-0.2735616897889787,0.17396325871809837,-0.29874088978897884,12105.286153528012,-0.1834908452835316,0.5662897166120494,-0.2086700452835317,57010.49655832093
186.25,0.0254427294117647,-0.2649072670632731,0.17218824302487945,-0.2903499964750378,11859.516414397978,-0.15541182572432782,0.5567769486901183,-0.18085455513609253,55111.212549809534
186.3,0.0251120864864864,-0.25634530103180175,0.1702670580602186,-0.28145738751828814,11596.348424192742,-0.12782230544407266,0.5467148828391486,-0.15293439193055908,53137.27344316871
186.35,0.024447221621621,-0.2478827838693414,0.1682124860686915,-0.2723300054909624,11318.176187763891,-0.10074896727143051,0.5361350332390841,-0.1251961888930515,51100.58202067089
186.4,0.0237823567567568,-0.23952604853612353,0.16603812164359452,-0.26330840529288035,11027.463135573238,-0.07421688343191071,0.5250703118221355,-0.09799924018866751,49013.1257523546
186.45,0.0231174918918918,-0.23128072720799,0.16375840301727357,-0.2543982190998818,10726.725823507117,-0.048249445631479176,0.5135550228160183,-0.07136693752337098,46886.89092614419
186.5,0.0222064190045252,-0.22315170925260103,0.16138859763831587,-0.24535812825712622,10418.511779064886,-0.022868296509417445,0.5016248117913803,-0.04507471551394265,44733.76920973115
186.55,0.0203105140271493,-0.21514310116043667,0.15894473862318725,-0.23545361518758595,10105.371974397325,0.0019067350872492873,0.489316563617185,-0.01840377893990001,42565.457676467675
186.6,0.0184146090497722,-0.20725819081087798,0.15644351598380266,-0.2256727998606502,9789.829477349725,0.026057692477381027,0.4766682512166358,0.007643083427608829,40393.35497207571
186.65,0.0165187040723984,-0.19949941809911093,0.1539021334007053,-0.2160181221715093,9474.346666115396,0.04956854090327725,0.46371874442753774,0.03304983683087885,38228.45758816926
186.7,0.0146227990950225,-0.19186835326090868,0.15133814619196345,-0.20649115235593118,9161.29379712804,0.07242520704383258,0.45050759400342055,0.05780240794881008,36081.260845289034
186.75,0.0117875945945952,-0.18436568339442586,0.1487692987180238,-0.19615327798902105,8852.921696421039,0.09461560748627748,0.4370748093547277,0.08282801289168228,33961.66915066161
186.8,0.008687459459459,-0.17699120674756696,0.14621337878613494,-0.18567866620702597,8551.34085442311,0.11612966633273678,0.4234606489220092,0.10744220687327777,31878.919321857622
186.85,0.0055873243243211,-0.16974383357187017,0.14368810247587568,-0.17533115789619128,8258.5083172471,0.13695932297158733,0.40970543867165116,0.13137199864726623,29841.51937371202
186.9,0.0024871891891885,-0.1626215917960298,0.14121103711591362,-0.1651087809852183,7976.222801340774,0.15709853170693164,0.3958494289343313,0.15461134251774314,27857.203624468657
186.95,-0.0008855230769249,-0.15562163558106273,0.13879956242403252,-0.15473611250413782,7706.1274116411605,0.17654325525692746,0.3819326920885479,0.17742877833385237,25932.903339734323
187.0,-0.004787355656109,-0.14874025499274574,0.13647086309151088,-0.14395289933663674,7449.718589176762,0.19529145407386772,0.36799505644930164,0.20007880972997671,24074.730945977724
187.05,-0.0086891882352954,-0.14197288551958473,0.13424193969703488,-0.13328369728428932,7208.35934944894,0.21334307303275457,0.3540760645782839,0.22203226126804998,22287.975023510233
187.1,-0.012591020814484,-0.13531411693017345,0.13212962159304473,-0.12272309611568945,6983.2947609284765,0.23070002631207007,0.3402149400090311,0.24329104712655406,20577.103183173087
187.15,-0.0164928533936659,-0.12875770179366042,0.13015056456038346,-0.11226484839999451,6775.667782154616,0.2473661804528118,0.326450544527562,0.2638590338464777,18945.770315082977
187.2,-0.0203079621621636,-0.1222965648196296,0.1283212185899365,-0.101988602657466,6586.534056162506,0.2633473346929699,0.3128213098055588,0.28365529685513347,17396.830554393848
187.25,-0.0241155297297297,-0.11592281475838154,0.12665775650539005,-0.09180728502865183,6416.87491319147,0.27865119699553975,0.2993651319437009,0.30276672672526944,15932.352395319012
187.3,-0.027923097297298,-0.10962776092503046,0.1251759607323048,-0.08170466362773246,6267.608458102206,0.2932873537504189,0.28611922384141014,0.32121045104771695,14553.637378064172
187.35,-0.0317306648648681,-0.10340193633749083,0.1238910733312283,-0.07167127147262273,6139.599220465515,0.30726723108790943,0.2731199283313903,0.3389978959527775,13261.243600310007
187.4,-0.0349304950226245,-0.09723512904187633,0.12281762090397906,-0.06230463401925183,6033.667201805406,0.32060404606247156,0.26040250209824595,0.3555345410850961,12055.015662049242
187.45,-0.0374719429864259,-0.09111642247897773,0.12196923102818473,-0.053644479492551835,5950.59732704268,0.3333127466268761,0.24800088632813805,0.370784689613302,10934.122599029699
187.5,-0.0400133909502259,-0.08503424485573556,0.12135845860068872,-0.04502085390550966,5891.150189574031,0.3454099401964259,0.2359474827750314,0.3854233311466518,9897.104822733108
187.55,-0.0425548389140273,-0.07897642658203415,0.12099663955269696,-0.03642158766800684,5856.074713218109,0.35691381154640955,0.22427295397650243,0.39946865046043684,8941.930290728245
187.6,-0.0449488810810811,-0.07293026403999417,0.1208937855587605,-0.027981382958913066,5846.122954691028,0.36784403166289265,0.21300606327659105,0.41279291274397373,8066.059198682865
187.65,-0.0450335657657658,-0.06688258742988146,0.12105852679599904,-0.021849021664115655,5862.066764007048,0.3782216598038789,0.20217356416597218,0.4232552255696447,7266.515564012884
187.7,-0.0451182504504505,-0.06081983026760798,0.12149810246235822,-0.01570157981715748,5904.715560781478,0.3880690413214902,0.1918001411037399,0.4331872917719407,6539.963400429252
187.75,-0.0452029351351351,-0.0547280983090057,0.12221839130905948,-0.009525163173870602,5974.9340696697545,0.39740970370977025,0.18190839612263024,0.4426126388449053,5882.784814205824
187.8,-0.0452876198198199,-0.0485932362200397,0.12322396878934683,-0.003305616400219799,6073.658593679168,0.4062682528833413,0.17251886911256045,0.45155587270316117,5291.1573688669805
187.85,-0.0433839271493174,-0.04240089107116296,0.12451817395860129,0.0009830360781544409,6201.910258393797,0.41467027097452214,0.1636500752607745,0.4580541981238395,4761.1283791746055
187.9,-0.0402615515837094,-0.03613657261667844,0.126103168433971,0.004124978967030957,6360.803635634585,0.42264221604577384,0.15531854129728906,0.46290376762948326,4288.684314794255
187.95,-0.0371391760180979,-0.029785711147312634,0.127979972404657,0.007353464870785267,6551.549334678706,0.43021132323144107,0.14753882401011406,0.467350499249539,3869.814149384428
188.0,-0.0340168004524882,-0.023333714336522753,0.13014846779724884,0.010683086115965447,6775.4494679886075,0.43740550609810586,0.14032349902474328,0.47142230655059403,3500.5661117417117
188.05,-0.030220814414412,-0.01676602481506284,0.13260736637329373,0.013454789599349159,7033.8854465843815,0.4442532565868142,0.13368311532478253,0.4744740710012262,3177.0978351891745
188.1,-0.0237303864864828,-0.010068180135651549,0.13535414706395935,0.013662206350831253,7328.298050964774,0.45078354186257624,0.12762611776094923,0.47451392834905903,2895.7201661745207
188.15,-0.0172399585585573,-0.0032258764290107635,0.13838497351956705,0.014014082129546537,7660.16035840451,0.45702569666750614,0.12215874705496403,0.47426565522606345,2652.9350190290993
188.2,-0.0107495306306245,0.003774963651109467,0.14169460755949048,0.014524494281733968,8030.944724575206,0.4630093104255432,0.11728493240548529,0.4737588410561677,2445.467621219423
188.25,-0.0042591027027027,0.010948118919310051,0.14527633640983842,0.01520722162201275,8442.085568265817,0.4687641091653206,0.11300619499297831,0.47302321186802326,2270.2933523184065
188.3,0.004689479638011,0.018306994715817083,0.14912193019437306,0.013617515077806083,8894.940025958189,0.47431983327713917,0.1093215802266369,0.4696303536391282,2124.6591827998236
188.35,0.0144143212669724,0.025864546844068307,0.1532216412856827,0.011450225577095907,9390.748543311369,0.47970611289263904,0.10622763241892909,0.46529179162566664,2006.0995358810871
188.4,0.0241391628959282,0.033633206661277275,0.15756425127319973,0.009494043765349076,9930.597311713609,0.48495234324883457,0.10371842009617264,0.46081318035290636,1912.44634084376
188.45,0.0338640045248955,0.04162480968232634,0.1621371636804852,0.007760805157430842,10515.38393854098,0.4900875626088502,0.10178561247404208,0.4562235580839547,1841.8330500828213
188.5,0.0444717896396385,0.04985052980440595,0.1669265342433927,0.00537874016476745,11145.787133804224,0.49514033516881434,0.10041860085651405,0.45066854552917585,1792.692515196424
188.55,0.056793523873875,0.058320820683530596,0.17191742361110846,0.001527296809655597,11822.240216432523,0.5001386408831565,0.09960465098604884,0.44334511700928153,1763.7487107649067
188.6,0.0691152581081116,0.06704536492516838,0.17709395444874404,-0.0020698931829432193,12544.90748091753,0.5051097733050117,0.09932906847486583,0.43599451519690013,1754.002461170593
188.65,0.0814369923423412,0.0760330308633193,0.18243945474555523,-0.00540396147902189,13313.661859142197,0.5100802456327104,0.09957535826817558,0.4286432532903692,1762.7114620863154
188.7,0.0937587265765857,0.08529183583335302,0.18793657264061622,-0.008466890743232675,14128.062134360647,0.5150757042185328,0.10032536171394736,0.4213169776419471,1789.3650138727778
188.75,0.107790671493211,0.09482891426889373,0.19356735306913933,-0.012961757224317277,14987.328069677136,0.5201208481190461,0.10155935926305691,0.41233017662583515,1833.6539473640291
188.8,0.122012639819007,0.10465048858367033,0.19931327296835596,-0.01736215123533666,15890.31231254335,0.5252393527761067,0.10325613304946772,0.40322671295709966,1895.4362688585566
188.85,0.136234608144804,0.11476184087181025,0.20515523999557667,-0.021472767272993756,16835.468999057062,0.5304537958702631,0.10539299206745781,0.39421918772545905,1974.699160343329
188.9,0.150456576470592,0.12516728385204848,0.21107356606146818,-0.025289292618543513,17820.82011596199,0.5357855836824683,0.10794576962489158,0.38532900721187635,2071.518076428474
188.95,0.1650968506787505,0.13587013019763036,0.21704793205087894,-0.029226720481120128,18843.921923025184,0.5412548769568295,0.11088880872375007,0.37615802627807904,2186.013848919543
189.0,0.180190289592764,0.14687266024010887,0.2230573607315823,-0.03331762935265514,19901.834470615697,0.5468805160924802,0.11419495264514627,0.3666902264997162,2318.3088372670577
189.05,0.195283728506794,0.15817608886134069,0.22908021386682464,-0.03710763964545333,20991.09775410805,0.5526799463561338,0.11783555794927476,0.35739621784933984,2468.483327505225
189.1,0.210377167420824,0.16978053310671423,0.23509422521569137,-0.04059663431410976,22107.717891906486,0.5586691446042933,0.12178054347735404,0.34829197718346927,2636.533470158172
189.15,0.225450243243247,0.18168498247557022,0.2410765751877312,-0.043765260767676784,23247.16604169833,0.5648625495322741,0.1259984833658105,0.3394123062890271,2822.3320551972306
189.2,0.2402042972973123,0.1938872739633593,0.247004004939576,-0.04631702333395299,24404.391382476035,0.5712729976985079,0.1304567440536278,0.3310687004011956,3025.5932567242235
189.25,0.254958351351353,0.2063840736008834,0.2528529603350517,-0.048574277750469574,25573.8478200797,0.5779116673421202,0.13512165739703788,0.3229533159907672,3245.8421862617747
189.3,0.26971240540541,0.21917086564763713,0.2585997512558772,-0.050541539757772896,26749.532539840628,0.5847880314893148,0.1399587162810682,0.31507562608390477,3482.389735652364
189.35,0.284466459459466,0.2322419497632039,0.2642207085604023,-0.052224509696262134,27925.033132864417,0.5919098210318241,0.14493277493693074,0.3074433615723581,3734.312755718937
189.4,0.298368711711713,0.24559044559970125,0.26969232114538183,-0.052778266112011724,29093.579233913508,0.5992829975502173,0.15000823534201405,0.3009142858385043,4000.439230297791
189.45,0.3117488918919036,0.2592083034259029,0.27499133813836635,-0.05254058846600068,30248.094420451736,0.6069117347464714,0.1551492028046907,0.29516284285456784,4279.3378010544075
189.5,0.325129072072071,0.2730863187889545,0.2800948273928114,-0.05204275328311647,31381.244932883525,0.6147984066342389,0.16031959944342808,0.2896693345621679,4569.310927235773
189.55,0.338509252252254,0.28721414895712033,0.28498018851235724,-0.05129510329513365,32485.483137815467,0.6229435802446988,0.16548323119572847,0.2844343279924448,4868.3910767962525
189.6,0.35146222171946,0.3015803289808528,0.2896251261881558,-0.049881892738607214,33553.08548780206,0.631346010575652,0.170603811836011,0.279883788856192,5174.339664529253
189.65,0.362469009049773,0.3161722856720303,0.2940075958860147,-0.04629672337774271,34576.186575469656,0.64000263587421,0.1756449544016351,0.277533626824437,5484.648890089329
189.7,0.3734757963800982,0.3309763485114134,0.2981057383295364,-0.042499447868684814,35546.81248999921,0.648908571993765,0.18057014574604485,0.27543277561366675,5796.547117288513
189.75,0.384482583710405,0.3459777573860782,0.3018978211201691,-0.03850482632432678,36456.91775884225,0.658057105446877,0.18534272286003833,0.273574521736472,6107.008874164085
189.8,0.395489371040724,0.3611606679380916,0.30536220399469116,-0.03432870310263242,37298.43025139815,0.6674396856945485,0.1899258687062224,0.27195031465382447,6412.770774011241
189.85,0.404114710407242,0.3765081560298252,0.308477339643063,-0.027606554377416825,38063.30762930466,0.6770459180175895,0.19428264143748838,0.2729312076103475,6710.354624698253
189.9,0.411988013574661,0.3920022232656245,0.31122181543391797,-0.019985790309036522,38743.60736079348,0.6868635588575556,0.19837604463061886,0.27487554528289454,6996.098681473652
189.95,0.4198613167420895,0.4076238056053425,0.3135744345649371,-0.012237511136746981,39331.57040508801,0.6968785157245343,0.20216913926174002,0.2770171989824448,7266.19748797028
190.0,0.427734619909504,0.42335278685438926,0.3155143279268495,-0.004381833055114748,39819.71645085262,0.707074853618552,0.20562519045530644,0.27934023370904804,7516.750035516631
190.05,0.434419189189191,0.43916801821813933,0.31702108212652164,0.004748829028948354,40200.94660506831,0.717434809382786,0.20870783539482732,0.28301562019359505,7743.815209812326
190.1,0.438796216216219,0.45504734430380867,0.31807486647862254,0.01625112808758966,40468.64827415742,0.7279388146251554,0.2113812551730092,0.2891425984089364,7943.472895736326
190.15,0.443173243243244,0.47096763509104617,0.3186565422440651,0.02779439184780219,40616.79676597745,0.7385655269567025,0.21361033285517889,0.29539228371345855,8111.888764888945
190.2,0.4475502702702745,0.48690482263054513,0.31874774072137024,0.039354552360270634,40640.04888599115,0.7492918684620664,0.21536078256124042,0.3017415981917919,8245.380740513756
190.25,0.451927297297298,0.5028339406853386,0.31833090205251613,0.05090664338804057,40533.82528062745,0.7600930696689635,0.21659923913729168,0.3081657723716655,8340.485403529541
190.3,0.453270090497738,0.5187291652905689,0.3173892736477963,0.06545907479283092,40294.38041067029,0.7709427169259722,0.21729330493119955,0.3176726264282342,8394.023176519693
190.35,0.454275746606335,0.534563854344803,0.315906874645506,0.080288107738468,39918.86137931657,0.7818128011221177,0.21741155802173778,0.3275370545157827,8403.161877589237
190.4,0.455281402714932,0.5503105848366766,0.31386843952122934,0.0950291821217446,39405.358930996634,0.7926737660851358,0.21692353364242967,0.33739236337020384,8365.479012963257
190.45,0.4562870588235297,0.5659411870828412,0.31125935777736036,0.10965412825931153,38752.95512158993,0.8034945557218539,0.21579969530546128,0.3472074968983242,8279.023732254209
190.5,0.455797351351351,0.5814267762171419,0.3080656270735888,0.12562942486579087,37961.7722336974,0.8142426598321651,0.21401141357038192,0.35844530848081413,8142.379580158765
190.55,0.453687666666666,0.5967377820117447,0.3042738357546065,0.14305011534507867,37033.026849928494,0.8248841594216183,0.21153096991289014,0.3711964927549523,7954.729107962316
190.6,0.451577981981981,0.611843978816947,0.29987118644597094,0.16026599683496595,35969.091384205705,0.835383773136912,0.20833159954481753,0.383805791154931,7715.920954471505
190.65,0.449468297297297,0.6267145178210562,0.2948455653512323,0.17724622052375927,34773.562962915115,0.8457049069817263,0.20438758030915405,0.3962366096844293,7426.539197267714
190.7,0.4472440588235252,0.6413179638638992,0.289185653876795,0.19407390504037397,33451.33696325979,0.8558097096257478,0.19967436664386404,0.40856565080222257,7087.9738123783545
190.75,0.442270529411766,0.6556223386884603,0.2828810724314989,0.21335180927669434,32008.680455997972,0.8656591353772428,0.1941687602978091,0.42338860596547684,6702.49021788232
190.8,0.437297,0.6695951718776275,0.27592254118135584,0.23229817187762752,30453.299492790804,0.8752130163241124,0.1878491035881621,0.4379160163241124,6273.295238911298
190.85,0.432323470588234,0.6832035598798649,0.2683020399129636,0.2508800892916309,28794.393848583,0.8844301443311083,0.18069547736739522,0.45210667374287433,5804.596540627705
190.9,0.427349941176471,0.6964142326335528,0.26001294934027874,0.26906429145708183,27042.693529852146,0.8932683626625867,0.1726898850662187,0.4659184214861157,5301.6526940771255
190.95,0.4206452252252196,0.7091936264725457,0.2510501590363342,0.2885484012473261,25210.47294086748,0.9016846661030689,0.16381640620574725,0.4810394408778493,4770.811545274024
191.0,0.41287945945946,0.721507961401685,0.24141013362740754,0.3086285019422251,23311.541047201106,0.9096353077505235,0.15406130872728496,0.4967558482910635,4219.535439424677
191.05,0.405113693693692,0.7333233206074407,0.2310909364548261,0.32820962691374866,21361.208364627386,0.9170759103155938,0.14341311698016795,0.5119622166219018,3656.4128216830823
191.1,0.397347927927924,0.7446057302010672,0.2200922167491967,0.34725780227314323,19376.233549430155,0.9239615797807305,0.13186263938113854,0.5266136518528064,3091.156562588478
191.15,0.389048445945943,0.7553212376458612,0.20841517212605468,0.3662727916999182,17374.7535889332,0.9302470196415998,0.11940296620185879,0.5411985736956568,2534.589926720397
191.2,0.3783175900900788,0.7654359880269436,0.19606250280440846,0.38711839793686476,15376.20200237147,0.9358866446144329,0.10602945344532373,0.5575690545243541,1998.6213329625018
191.25,0.367586734234233,0.7749162981991801,0.18303837522395927,0.4073295639649471,13401.218721850762,0.9408346935733752,0.09173971105363414,0.5732479593391422,1496.2088149696501
191.3,0.356855878378375,0.7837287296774816,0.16934841033995077,0.4268728512991066,11471.553633867337,0.9450453423619378,0.07653361218302532,0.5881894639835628,1041.3144522278617
191.35,0.346125022522517,0.7918401617892262,0.15499970690177647,0.44571513926670925,9609.963655854644,0.9484728178680821,0.060413335937313975,0.6023477953455652,648.8482060577337
191.4,0.332957420814478,0.7992178669544642,0.14000090332464504,0.4662604461399862,7840.101172686644,0.9510715152104041,0.04338344949704173,0.6181140943959261,334.5997671577548
191.45,0.318933665158359,0.8058295899693639,0.12436227477872,0.4868959248110049,6186.390155255142,0.9527961200065724,0.025451028429062206,0.6338624548482135,115.1564174394547
191.5,0.304909909502263,0.8116436328230754,0.10809585525913358,0.5067337233208125,4673.885569681423,0.9536017374453644,0.00662580653942221,0.6486918279431013,7.80467774184002
191.55,0.290886153846151,0.8166289459237004,0.09121556895697609,0.5257427920775494,3328.1120080579444,0.9534440292884608,-0.013079659677641145,0.6625578754423098,30.41377729473985
191.6,0.275724298642527,0.8207552257381078,0.07373735232607898,0.5450309270955808,2174.8788512241217,0.9522793590682793,-0.03364983090293529,0.6765550604257523,201.29975463042467
191.65,0.258143981900452,0.8239930179368479,0.05567924983345839,0.5658490360363959,1240.0715448066708,0.9500649447935491,-0.05506604749823457,0.6919209628930971,539.0701488138357
191.7,0.240563665158357,0.8263138243805881,0.03706146991773174,0.5857501592222311,549.4210209851738,0.9467590176325295,-0.07730643024720915,0.7061953524741724,1062.4505169007314
191.75,0.222983348416292,0.8276902117278429,0.017906393324931175,0.6047068633115509,128.25556876285592,0.9423209843673569,-0.10034582977541154,0.7193376359510649,1790.0952094783768
191.8,0.205403031674207,0.8280959192347389,-0.001761467330777703,0.6226928875605319,1.2411068629588504,0.9367115910695326,-0.12415582849888793,0.7313085593953256,2740.385733376937
191.85,0.1846781081081,0.827505963435557,-0.02191554983668129,0.642827855327457,192.11652985762453,0.9298930854357216,-0.14870479054472813,0.7452149773276215,3931.2203966135935
191.9,0.163603783783781,0.8258967379396247,-0.042527353178031524,0.6622929541558438,723.4303073316112,0.9218293756669752,-0.17395794801764258,0.7582255918831942,5379.7986984015715
191.95,0.142529459459438,0.8232461073119599,-0.06356656030348538,0.680716647852522,1616.2830355266576,0.9124861844444502,-0.19987750782987798,0.7699567249850121,7102.403224228077
192.0,0.121455135135131,0.8195334948870835,-0.08500115550218836,0.6980783597519525,2890.0785746828824,0.9018311974226642,-0.2264227615285261,0.7803760622875332,9114.18078901401
192.05,0.0987862763348298,0.8147399651603544,-0.10679752173696913,0.7159536888255246,4562.284259663357,0.8898342064886746,-0.2535501824113752,0.7910479301538448,11428.923555705183
192.1,0.0742455727149151,0.8088483020558574,-0.12892050688383846,0.7346027293409424,6648.198838074336,0.8764672487591733,-0.28121349722580197,0.8022216760442582,14058.849959460646
192.15,0.0497048690950144,0.801843084753933,-0.151333455368614,0.7521382156589186,9160.725885521715,0.8617047427621737,-0.3093637270427777,0.8119998736671593,17014.38499729747
192.2,0.0251641654750856,0.7937107627329587,-0.17399820895268348,0.7685465972578731,12110.15068749668,0.8455236233130679,-0.33794919936037954,0.8203594578379823,20303.939795257167
192.25,0.0005217648648596,0.7844397313229369,-0.19687508827409356,0.7839179664580773,15503.92015317285,0.8279034763100057,-0.3669155419123349,0.8273817114451462,23933.691537212868
192.3,-0.0265613635135238,0.7740204083387154,-0.2199228702347287,0.8005817718522392,19346.42754091253,0.808826673978788,-0.3962056730328162,0.8353880374923118,27907.36628326877
192.35,-0.0536444918919073,0.7624453116047246,-0.24309877838111119,0.816089803496632,23638.806420155444,0.7882785103302115,-0.4257598064227163,0.8419230022221188,32226.028936019356
192.4,-0.0807276202702754,0.7497091362580341,-0.2663585035585234,0.8304367565283095,28378.74096717437,0.7662473356082161,-0.4555154892625422,0.8469749558784915,36887.8863925499
192.45,-0.107810748648675,0.7358088299824457,-0.28965626812081574,0.8436195786311207,33560.30146467116,0.7427246876707609,-0.48540768933318434,0.850535436319436,41888.11108689444
192.5,-0.136013321266969,0.7207436637677497,-0.3129449409254357,0.8567569850347186,39173.81442032977,0.7177054175560245,-0.5153689411595688,0.8537187388229934,47218.69253545512
192.55,-0.164962190045255,0.7045152956660716,-0.33617620175403884,0.8694774857113267,45205.77545030889,0.6911878062248702,-0.5453295525323996,0.8561499962701252,52868.3237093666
192.6,-0.193911058823542,0.6871278252347357,-0.35930074767497827,0.8810388840582777,51638.81091191936,0.6631736695627658,-0.5752178661585338,0.8570847283863078,58822.32774186255
192.65,-0.222859927601812,0.6685878368938913,-0.38226852725399707,0.8914477644957033,58451.69077157596,0.6336684491709131,-0.6049605637497822,0.8565283767727252,65062.62821199189
192.7,-0.2518496216216466,0.6489044312306175,-0.4050289858920939,0.9007540528522641,65619.3917651112,0.6026812872359224,-0.6344829961619715,0.854530908857569,71567.76398554174
192.75,-0.281025297297295,0.6280892441414442,-0.42753130343929985,0.9091145414387392,73113.20616820267,0.5702250846384724,-0.6637095199633054,0.8512503819357674,78312.94700265268
192.8,-0.310200972972976,0.606156454649838,-0.4497246078276687,0.916357427622814,80900.88915430017,0.5363165424717565,-0.6925638223490937,0.8465175154447325,85270.15964920659
192.85,-0.339376648648657,0.5831227828655152,-0.4715581541160381,0.9224994315141722,88946.83708533004,0.5009761878814828,-0.7209692212537456,0.8403528365301398,92408.28764359688
192.9,-0.368552324324322,0.5590074799626943,-0.49298146511926455,0.9275598042870163,97212.28998045466,0.46422838568775693,-0.7488489339093024,0.832780710012079,99693.28458970644
192.95,-0.39698875565613,0.53383231201968,-0.5139444370341705,0.93082106767581,105655.55374334817,0.42610133736022554,-0.7761263144225881,0.8230900930163556,107088.36550030045
193.0,-0.425165452488687,0.5076215392781828,-0.5343974193229653,0.9327869917668697,114232.24071161805,0.38662706876697067,-0.8027250672007168,0.8117925212556576,114554.22817998138
193.05,-0.453342149321276,0.48040189173769454,-0.5542912840721442,0.9337440410589706,122895.53103933859,0.34584140757882126,-0.8285694497440725,0.7991835569000972,122049.30365319025
193.1,-0.481518846153865,0.4522025411996587,-0.5735775013355943,0.9337213873535237,131596.46001535346,0.3037839504737667,-0.8535844804747601,0.7853027966276317,129530.03827686507
193.15,-0.508656945945955,0.4230550690555747,-0.5922082365220362,0.9317120150015297,140284.238161816,0.26049801948669554,-0.877696167637962,0.7691549654326506,136951.21114424276
193.2,-0.5335880270270552,0.39299342840110946,-0.6101364810943043,0.9265814554281646,148906.61022485615,0.21603060612185715,-0.9008317711477565,0.7496186331489123,144266.28976163623
193.25,-0.558519108108113,0.3620538986596421,-0.6273162221079519,0.9205730067677551,157410.2570079173,0.17043230140840615,-0.9229201037771769,0.7289514095165192,151427.82541441335
193.3,-0.583450189189199,0.33027503076935705,-0.6437026489431898,0.913725219958556,165741.2401025918,0.12375720990696201,-0.9438918708332481,0.707207399096161,158387.88690223807
193.35,-0.608381270270284,0.29769758128477175,-0.6592523882181565,0.9060788515550557,173845.48454853715,0.07606284594370616,-0.9636800395855077,0.6844441162139902,165098.52776809345
193.4,-0.62905462895928,0.2643644343212502,-0.6739237521256985,0.8934190632805301,181669.289471672,0.027410010930931934,-0.9822202231798748,0.656464639890212,171512.2785464041
193.45,-0.6491473891402915,0.23032051113918464,-0.6876769814396247,0.8794679002794761,189159.8523207656,-0.022137348448877617,-0.9994510587752167,0.6270100406914139,177582.6522465603
193.5,-0.669240149321268,0.19561266809106692,-0.700474465255276,0.8648528174123349,196265.79058986594,-0.07251230039133895,-1.0153145594763286,0.596727848929929,183264.64972170867
193.55,-0.689332909502268,0.16028958449881703,-0.7122809216768556,0.849622494001085,202937.64455393236,-0.1236451046570523,-1.0297564209855992,0.5656878048452157,188515.25094419034
193.6,-0.706436617117124,0.12440164271544286,-0.7230635286322051,0.8308382598325669,209128.34657522227,-0.17546340313798975,-1.0427262683610297,0.5309732139791343,193293.87924090985
193.65,-0.720031436936938,0.08800080298344905,-0.7327920011553181,0.8080322399203871,214793.6467828863,-0.22789242109260197,-1.0541778353545044,0.49213901584433606,197562.82818714817
193.7,-0.7336262567567687,0.05114047569605142,-0.7414386194503144,0.7847667324528201,219892.49056495525,-0.28085517565942836,-1.0640690771533867,0.4527710810973404,201287.6446140551
193.75,-0.747221076576575,0.0138753932591126,-0.7489782190258165,0.7610964698356876,224387.3490300336,-0.33427268851122977,-1.0723622251291876,0.41294838806534523,204437.4652238262
193.8,-0.760677126696833,-0.023738516913481264,-0.7553881578447825,0.7369386097833517,228244.50760485363,-0.3880642000688924,-1.079023796936348,0.37261292662794054,206985.30744087702
193.85,-0.767333461538464,-0.06164425754974213,-0.7606482780485345,0.7056892039887219,231434.32115928028,-0.4421473834556508,-1.0840245791260161,0.32518607808281325,208908.31789321537
193.9,-0.77398979638009,-0.09978388497297,-0.7647408785883436,0.67420591140712,233931.44455362868,-0.4964385572622827,-1.0873395994070385,0.2775512391178073,210187.98301131715
193.95,-0.7806461312217248,-0.13809863173346387,-0.7676507116614122,0.642547499488261,235715.04604570905,-0.5508528969757865,-1.0889481032145985,0.22979323424593823,210810.3060434972
194.0,-0.787302466063347,-0.17652902981213392,-0.7693650092210937,0.610773436251213,236769.00696550947,-0.6053046455490382,-1.0888335432775866,0.1819978205143088,210765.95288291984
194.05,-0.78986527027027,-0.21501503587293647,-0.7698735377026165,0.5748502343973335,237082.1056218968,-0.6597073238000573,-1.086983582943132,0.13015794647021273,210050.366148958
194.1,-0.789699054054054,-0.2534961598087343,-0.7691686732166895,0.5362028942453197,236648.179143169,-0.7139739412248662,-1.0833901079433355,0.07572511282918781,208663.84462035057
194.15,-0.789532837837838,-0.29191159728994465,-0.7672454839872775,0.49762124054789336,235466.25307954868,-0.7680172073827215,-1.0780492353045665,0.021515630455116508,206611.58288724633
194.2,-0.7893666216216213,-0.33020036627649846,-0.7641018036055961,0.45916625534512284,233540.62650932997,-0.821749743342672,-1.0709613041874988,-0.032383121721050734,203903.6649007979
194.25,-0.788204846153845,-0.3683014465882547,-0.759738277143813,0.4199033995655903,230880.8999029797,-0.87508429185663,-1.0621308311511461,-0.08687944570278494,200555.0048856577
194.3,-0.781816384615382,-0.4061539207989908,-0.7541583665943834,0.37566246381639123,227501.93676172334,-0.9279339240991493,-1.051566416099427,-0.14611753948376727,196585.231549901
194.35,-0.775427923076919,-0.44369711421442515,-0.7473683076415765,0.33173080886249384,223423.75490681364,-0.980212240289593,-1.0392805903843771,-0.20478431721267398,192018.51476439103
194.4,-0.76903946153846,-0.480870731420746,-0.7393770164836984,0.28816873011771404,218671.34900173405,-1.0318335612099203,-1.0252896052397653,-0.2627940996714603,186883.33770892688
194.45,-0.762650999999991,-0.5176149870440848,-0.7301959526464916,0.24503601295590616,213274.451704527,-1.0827131077666883,-1.0096131663465007,-0.3200621077666973,181212.22145070345
194.5,-0.752110666666665,-0.5538707287843653,-0.7198389498934349,0.19823993788229977,207267.24551347323,-1.132767166178153,-0.9922741271923633,-0.38065649951148806,175041.41217695404
194.55,-0.740111567567564,-0.5895795515647171,-0.7083220329641178,0.15053201600284694,200688.0409529683,-1.1819132371963006,-0.9732981604779423,-0.44180166962873657,168410.5438559549
194.6,-0.728112468468463,-0.6246839025635211,-0.6956632393486769,0.10342856590494187,193578.93703243783,-1.2300701688014017,-0.9527134293277215,-0.5019577003329387,161362.28949713553
194.65,-0.716113369369368,-0.6591271778365727,-0.6818824635672772,0.05698619153279527,185985.47764823167,-1.2771582728988018,-0.9305502792598443,-0.5610449035294338,153942.012840991
194.7,-0.7025001085972701,-0.692853811980375,-0.6670013359443293,0.00964629661689509,177956.312860608,-1.3230994274830181,-0.9068409670332672,-0.620599318885748,146197.42924263666
194.75,-0.685120470588236,-0.7258093627527964,-0.6510431430030283,-0.0406888921645604,169542.86962050464,-1.3678171664139809,-0.8816194378883533,-0.6826966958257449,138178.2814689024
194.8,-0.667740832579183,-0.7579405927712719,-0.6340327891864075,-0.09019976019208886,160799.03110539817,-1.411236759372368,-0.8549211551505206,-0.743495926793185,129936.03227091565
194.85,-0.65036119457013,-0.7891955501716267,-0.6159967919410351,-0.1388343556014967,151780.81907265875,-1.453285284523955,-0.826782977905552,-0.802924089953825,121523.57200966623
194.9,-0.632981556561086,-0.8195236495757693,-0.5969632960095649,-0.18654209301468327,142546.07071304135,-1.4938916960499624,-0.797243075347843,-0.8609101394888764,112994.93710045982
194.95,-0.6113980540540345,-0.8488757538953421,-0.576962090091298,-0.23747769984130762,133154.1013610076,-1.532986887988539,-0.7663408625609875,-0.9215888339345046,104405.03424546105
195.0,-0.589241297297296,-0.8772042566895919,-0.556024609581053,-0.2879629593922959,123665.34658390497,-1.5705037550750272,-0.7341169419068181,-0.9812624577777311,95809.36611459886
195.05,-0.567084540540532,-0.9044631640107761,-0.5341839116872508,-0.33737862347024405,114140.98060219701,-1.6063772504806269,-0.7006130357699201,-1.0392927099400948,87263.75571390992
195.1,-0.544927783783769,-0.930608174130093,-0.5114746144805278,-0.38568039034632395,104642.5125032018,-1.6405444397617985,-0.66587190094064,-1.0956166559780294,78824.0690599647
195.15,-0.521026045248859,-0.9555967532472006,-0.48793279750335866,-0.43457070799834163,95231.36595178144,-1.6729445499686202,-0.6299372206305063,-1.1519185047197613,70545.93812189993
195.2,-0.4949034208144491,-0.9793882053832141,-0.4635958702737307,-0.48448478456876504,85968.4523739431,-1.7035190128748747,-0.5928534788705464,-1.2086155920604256,62484.48842825056
195.25,-0.468780796380084,-1.0019437351507448,-0.4385024211655552,-0.5331629387706607,76913.74934722159,-1.7322115017170379,-0.5546658286378161,-1.2634307053369538,54694.07670372892
195.3,-0.44265817194569,-1.0232265028084075,-0.41269206286214133,-0.5805683308627175,68125.89549976385,-1.7589679615024718,-0.5154199694419204,-1.3163097895567817,47228.04353769069
195.35,-0.416485810810792,-1.0432016718584711,-0.3862052910727946,-0.6267158610476791,59661.8107410488,-1.7837366337944596,-0.47516205136754636,-1.3672508229836675,40138.48445507818
195.4,-0.387876351351343,-1.0618364502464417,-0.35908337265697715,-0.6739600988950987,51576.347407483816,-1.8064680777145572,-0.43393862269994643,-1.4185917263632142,33476.04058146248
195.45,-0.3592668918918617,-1.0791001269705882,-0.33136827492884424,-0.7198332350787265,43921.973451727245,-1.8271151897149491,-0.3917966343949645,-1.4678482978230876,27289.70715079493
195.5,-0.33065743243243,-1.0949641062877762,-0.3031026405600707,-0.7643066738553461,36748.48428579496,-1.845633225130697,-0.348783507408927,-1.514975792698267,21626.655118306317
195.55,-0.302047972972965,-1.109401941763251,-0.27432980506486104,-0.807353968790286,30102.73677876986,-1.8619798246577104,-0.30494726119400334,-1.5599318516847454,16532.05904172866
195.6,-0.272613497737542,-1.1223893720509255,-0.24509384650476507,-0.8497758743133834,24028.397437800537,-1.876115048591337,-0.2603366936208371,-1.6035015508537949,12048.923385854154
195.65,-0.242581597285064,-1.1339043596669836,-0.21543965279030347,-0.8913227623819195,18565.697597762606,-1.8880014210444005,-0.2150015973528313,-1.6454198237593365,8217.899886981155
195.7,-0.2125496968325519,-1.1439271331924667,-0.1854129883480184,-0.9313774363599149,13751.190499256963,-1.8976039854905526,-0.1689929929432961,-1.6850542886580007,5077.090073588075
195.75,-0.182517796380091,-1.152440232407253,-0.15506054202704228,-0.9699224360271619,9617.508677488058,-1.904890371941116,-0.12236335786327367,-1.722372575561025,2661.829572902325
195.8,-0.152438852252246,-1.15942855501983,-0.12442994067356074,-1.006989702767584,6193.1240544103375,-1.9098308750664217,-0.07516683222598258,-1.7573920228141757,1004.4538074469358
195.85,-0.122112928828817,-1.16487940301204,-0.09356971972747863,-1.042766474183223,3502.116979951561,-1.9123985417250635,-0.027459388196892594,-1.7902856128962465,134.04764447069232
195.9,-0.0917870054054054,-1.1687825264007277,-0.06252924925540332,-1.0769955209953224,1563.9628049777425,-1.912569265921148,0.02070104310577267,-1.8207822605157427,76.18367745192145
195.95,-0.0614610819819589,-1.171130162268508,-0.03135862034099715,-1.109669080286549,393.3452278763201,-1.9103218890309728,0.06925448678262579,-1.8488608070490138,852.6549225822027
196.0,-0.0311351585585643,-1.1719170673562405,-0.00010850321021779741,-1.1407819087976763,0.004709178651027014,-1.9056383033685673,0.11813887397635825,-1.8745031448100031,2481.207741226997
196.05,-0.0009157171945696,-1.1711405431730448,0.03117000712474606,-1.1702248259784753,388.6277376626881,-1.8985035576433043,0.16729001375171082,-1.8975878404487347,4975.279769075128
196.1,0.0292623144796448,-1.1688004534528058,0.06242553997260282,-1.1980627679324507,1558.779216348413,-1.8889059635992467,0.21664157157286182,-1.9181682780788916,8343.745872632784
196.15,0.0594403461538421,-1.1648992346089282,0.09360657774213593,-1.2243395807627704,3504.876558637815,-1.8768372038567687,0.26612504073380755,-1.9362775500106109,12590.67329876813
196.2,0.0896183778280736,-1.1594419004964744,0.12466155358064694,-1.2490602783245481,6216.201176456204,-1.862292441579181,0.3156696967469066,-1.9519108194072547,17715.085767872708
196.25,0.119488472972966,-1.1524360431706862,0.15553891392995947,-1.271924516143652,9676.941498604538,-1.8452704329347935,0.36520253127914537,-1.9647589059077595,23710.735796034696
196.3,0.148640049549552,-1.1438918313519784,0.18618714851187468,-1.2925318809015303,13866.261708393151,-1.8257736433183314,0.41464816878006905,-1.9744136928678833,30565.88513291816
196.35,0.177791626126137,-1.1338220080233508,0.21655479739838285,-1.3116136341494877,18758.392110501856,-1.8038083679704153,0.4639287765219811,-1.9815999940965523,38263.09505514352
196.4,0.206943202702707,-1.1222418879337752,0.24659045026553125,-1.3291850906364822,24322.740064862977,-1.7793848569105388,0.5129639849564771,-1.9863280596132458,46779.031086654024
196.45,0.2360947792793086,-1.109169354971039,0.276242755536564,-1.3452641342503477,30524.023994573552,-1.7525174431776762,0.5616708387427953,-1.9886122224569849,56084.28997227293
196.5,0.263596018099551,-1.0946248584660598,0.3054604562507268,-1.358220876565611,37322.43613316088,-1.7232246723176572,0.6099637987510681,-1.986820690417208,66143.25969543707
196.55,0.290828597285077,-1.078631406759041,0.33419246561305715,-1.369460004044118,44673.841629013754,-1.6915294301362804,0.6577548120171226,-1.9823580274213575,76914.02537452093
196.6,0.318061176470603,-1.06121455581372,0.3623879901720589,-1.379275732284323,52530.02216837771,-1.6574590649849639,0.7049534618309902,-1.9755202414555668,88348.33481733286
196.65,0.345293755656113,-1.0424023904607607,0.3899967008611823,-1.3876961461168738,60838.97067304261,-1.6210455004328974,0.7514672021843183,-1.9663392560890105,100391.63661488482
196.7,0.3711137556561316,-1.02222549602767,0.41696894475753304,-1.3933392516838015,69545.24035688426,-1.5823253341727703,0.7972016726946034,-1.953439089828902,112983.2012350353
196.75,0.395135927601811,-1.0007169186386173,0.44325598376433184,-1.3958528462404283,78590.34685715425,-1.5413399193969353,0.8420610823355094,-1.9364758469987462,126056.3318016088
196.8,0.419158099547517,-0.9779121132683254,0.4688102428968788,-1.3970702128158423,87913.21753801219,-1.4981354256107302,0.8859486453352388,-1.9172935251582472,139538.66705268348
196.85,0.443180271493224,-0.9538488795258832,0.4935855496745806,-1.397029151019107,97450.67793902315,-1.4527628767456615,0.9287670498864526,-1.8959431482388855,153352.57474751724
196.9,0.467112355855858,-0.9285672860533849,0.5175373478255474,-1.395679641909243,107137.96255772066,-1.4052781654252746,0.9704189405143,-1.8723905212811327,167415.63024158162
196.95,0.4866301486486651,-0.9021095851428352,0.5406228732894853,-1.3887397337915004,116909.23644951156,-1.3557420431057878,1.0108073984707469,-1.8423721917544529,181641.1727650132
197.0,0.50614794144144,-0.8745201196303047,0.562801286880573,-1.3806680610717448,126698.11540577159,-1.3042200864744211,1.0498364099863449,-1.8103680279158612,195938.93115253633
197.05,0.525665734234236,-0.8458452242066071,0.5840337660132999,-1.3715109584408431,136438.17593747118,-1.2507826408090386,1.0874113197707638,-1.7764483750432745,210215.71170943897
197.1,0.545183527027033,-0.8161331229915303,0.6042835642374014,-1.3613166500185634,146063.45040298303,-1.195504740964174,1.1234392734320753,-1.740688267991207,224376.14241592697
197.15,0.561604067567567,-0.7854338246620777,0.6235160521310085,-1.3470378922296447,155508.90690601539,-1.1384660103407047,1.1578296575323395,-1.7000700779082716,238323.4694864808
197.2,0.5757817702702831,-0.7537990156624276,0.64169875580906,-1.3295807859327107,164710.91728275825,-1.0797505376645278,1.1904945491547587,-1.655532307934811,251960.40383416752
197.25,0.589959472972974,-0.7212819512098285,0.6588014090801844,-1.3112414241828025,173607.71864241458,-1.0194467307928414,1.2213491871218354,-1.6094062037658154,265190.01544589654
197.3,0.604137175675681,-0.6879373430797078,0.6747960315811409,-1.2920745187553888,182139.87369506244,-0.957647146220103,1.2503124736786593,-1.561784321895784,277916.6723264797
197.35,0.617485221719463,-0.6538212427014213,0.6896570385379188,-1.2713064644208842,190250.73232195698,-0.8944482926755862,1.2773075088856196,-1.5119335143950492,290047.0172898822
197.4,0.625736805429867,-0.6189909179772157,0.7033613814953772,-1.2447277234070828,197886.8931916342,-0.8299504072597437,1.302262153452387,-1.4556872126896105,301490.9717892353
197.45,0.6339883891402807,-0.5835047224393958,0.7158887120076366,-1.2174931115796763,204998.65919198116,-0.7642572029606572,1.325109607901821,-1.3982455921009378,312162.7507473276
197.5,0.64223997285068,-0.5474219559332719,0.7272215544517402,-1.189661928783952,211540.47570368214,-0.6974755871876981,1.3457889893711217,-1.339715560038378,321981.86736223026
197.55,0.650491556561089,-0.5108027167952083,0.7373454700576206,-1.1612942733562974,217471.3368857974,-0.6297153520048242,1.3642458824512722,-1.2802069085659133,330874.1027173779
197.6,0.654351791855205,-0.4737077464504024,0.7462491933343083,-1.1280595383056073,222755.1434208423,-0.5610888380066165,1.380432838747484,-1.2154406298618214,338772.41285198886
197.65,0.656504280542987,-0.4361982682152467,0.7539247251236694,-1.0927025487582338,227360.99646112014,-0.4917105749799894,1.394309802361891,-1.1482148555229763,345617.7466599921
197.7,0.6586567692307712,-0.3983358227707041,0.7603673716121094,-1.0569925920014753,231263.4159249231,-0.4216969035330716,1.4058444434554487,-1.0803536727638428,351359.75096792186
197.75,0.660809257918552,-0.36018210313067334,0.7655757253780824,-1.0209913610492254,234442.4765152708,-0.3511655825820367,1.415012389156169,-1.0119748405005886,355957.3442605243
197.8,0.661211405405404,-0.321798791966432,0.769551591127115,-0.983010197371836,236883.8605625098,-0.28023538794477565,1.4217973485161408,-0.9414467933501797,359379.1467106718
197.85,0.657529423423422,-0.2832474038176974,0.7722998670314134,-0.9407768272411194,238578.83384669552,-0.2090257072256696,1.4261911378232248,-0.8665551306490916,361603.7620632008
197.9,0.653847441441441,-0.24458913401441262,0.7738283976108951,-0.8984365754558536,239524.15557961818,-0.13765613565764281,1.4281936193262754,-0.7915035770990838,362619.9136505397
197.95,0.6501654594594559,-0.2058847152928264,0.7741478163181296,-0.8560501747522823,239721.9366040514,-0.066246076824216,1.427812570544078,-0.7164115362836719,362426.4420628779
198.0,0.646483477477478,-0.16719428217349255,0.7732713946976774,-0.8136777596509706,239179.45994307645,0.005085648729824269,1.4250635019256503,-0.6413978287476537,361032.17502588406
198.05,0.638239090497737,-0.128577242430431,0.7712149117482527,-0.766816332928168,237908.9760411461,0.07622118481611555,1.4199694390351618,-0.5620179056816215,358455.68138557015
198.1,0.629251986425337,-0.09009215439233617,0.7679965517802166,-0.7193441408176732,235927.48141852117,0.14704400941649698,1.4125606814390181,-0.48220797700884,354724.9206662157
198.15,0.620264882352942,-0.05179660860954473,0.7636368316985409,-0.6720614909624867,233256.48429063425,0.21743929198552517,1.402874543970919,-0.40282559036741683,349876.7975327313
198.2,0.6112777782805348,-0.013747112532730248,0.7581585514269312,-0.625024890813265,229921.75564071312,0.28729423737159765,1.3909550792485157,-0.3239835409089371,343956.6279977324
198.25,0.600371099099101,0.02400102264181115,0.7515867543807093,-0.5763700764572899,225953.05974421147,0.3564984152361012,1.3768527734641278,-0.24387268386299982,337017.5217414864
198.3,0.587021324324322,0.061393793082724295,0.7439486827267662,-0.5256275312415977,221383.85701235625,0.4249440733755341,1.360624204970787,-0.1620772509487879,329119.68482709094
198.35,0.573671549549543,0.09837861073595669,0.7352737115876751,-0.47529293881358636,216250.97238076624,0.4925264328031593,1.3423316541511898,-0.08114511674638375,320329.6479531146
198.4,0.560321774774771,0.13490440762424072,0.7255932485392365,-0.42541736715053025,210594.22493028888,0.5591439618909336,1.3220426547952335,-0.001177812883837337,310719.42775076075
198.45,0.5469719999999816,0.17092173404839853,0.7149405889440228,-0.3760502659515831,204456.01828785046,0.6246986264875004,1.2998294811108304,0.07772662648751882,300365.6319937512
198.5,0.530318832579182,0.20638284839112894,0.7033507254653266,-0.323935984188053,197880.8972050405,0.6890961127903125,1.275768572234782,0.15877728021113047,289348.52442701766
198.55,0.513665665158364,0.24124179637011622,0.6908601177863037,-0.27242386878824776,190915.0809390822,0.7522460200782807,1.249939904080725,0.2385803549199167,277751.06912237016
198.6,0.497012497737546,0.27545447801983386,0.6775064347819729,-0.22155801971771216,183605.9876683919,0.8140620210464422,1.2224263250960732,0.3170495233088962,265657.9769400694
198.65,0.480359330316737,0.3089787014479008,0.663328286116953,-0.1713806288688362,176001.76606514174,0.8744619884839797,1.1933128779264894,0.3941026581672427,253154.77771114677
198.7,0.4626596891891695,0.3417742232854898,0.6483649615486605,-0.12088546590367971,168150.8493455984,0.9333680881794114,1.162686130982763,0.4707083989902419,240326.9402986074
198.75,0.444202256756755,0.37380277668353634,0.6326561962527375,-0.07039948007321867,160101.54506279292,0.9907068391698706,1.1306335445148277,0.5465045824131156,227259.05990794004
198.8,0.425744824324319,0.40502808853520383,0.6162419763263176,-0.020716735789115148,151901.66935462633,1.046409143603481,1.0972428919371857,0.6206643192791621,214034.12691674288
198.85,0.407287391891883,0.43541588815067866,0.5991623920221859,0.028128496258795654,143598.22880549903,1.1004102893579826,1.0626017504376937,0.6931228974660996,200732.88533924456
198.9,0.388728755656107,0.46493390979438276,0.58145753815428,0.07620515413827578,135237.1474705744,1.1526499290544596,1.0267970662211543,0.7639211733983526,187433.2827022879
198.95,0.3695484389140101,0.4935518912854659,0.56316745484026,0.12400345237145577,126863.03287650252,1.2030720391676117,0.9899147924539894,0.8335236002536016,174210.00823452888
199.0,0.350368122171947,0.5212415703965132,0.5443320959819098,0.17087344822456618,118518.97228642362,1.2516248626814392,0.9520395908996029,0.9012567405094922,161134.1124693837
199.05,0.331187805429861,0.5479766800183465,0.5249913086835797,0.21678887458848556,110246.34967731906,1.2982608381134746,0.9132545824865974,0.9670730326836137,148272.69909915898
199.1,0.312007488687776,0.5737329422108459,0.5051848064833977,0.2617254535230699,102084.6754806672,1.3429365169455454,0.8736411301675825,1.0309290282577694,135688.67987919837
199.15,0.293172351351351,0.5984880604391934,0.4849521215342374,0.30531570908784245,94071.4240722231,1.385612470666336,0.8332786382734926,1.0924401193149849,123440.58471163132
199.2,0.2744714504504364,0.6222217086883352,0.46433252664708125,0.34775025823789874,86241.87812098495,1.4262531879488844,0.7922443572521873,1.151781737498448,111582.42161741004
199.25,0.255770549549553,0.6449155158604265,0.4433649247019939,0.38914496631087353,78628.98258240189,1.464826962078457,0.7506131886066376,1.209056412528904,100163.58380626199
199.3,0.237069648648649,0.6665530439065566,0.4220877099815627,0.4294833952579076,71263.21396699191,1.501305768650855,0.7084574916734528,1.264236120002206,89228.8031125761
199.35,0.21861137104072,0.6871197585402945,0.4005386122767062,0.46850838749957446,64172.471969819824,1.5356651338151026,0.6658469003728682,1.3170537627743826,78818.15017531667
199.4,0.200776981900452,0.7066029920470221,0.37875453958339045,0.5058260101465701,57382.000502010436,1.5678839938765872,0.6228481635381957,1.367107011976135,68967.08174629387
199.45,0.1829425927601648,0.7249918985674055,0.3567714371608679,0.5420493058072408,50914.34334953244,1.5979445478476675,0.57952502508263,1.4150019550875026,59706.53416835964
199.5,0.165108203619907,0.7422774030814043,0.33462417883080736,0.5771691994614974,44789.33642327686,1.6258321053226068,0.5359381590497782,1.4607239017026998,51063.05961345161
199.55,0.14727381447963,0.7584521460248945,0.3123465024987083,0.6111783315452646,39024.13504927024,1.651534932731471,0.4921451712087494,1.504261118251841,43058.99903006032
199.6,0.130676738288277,0.7735104259213169,0.2899709954932617,0.6428336876330399,33633.27129094129,1.6750441014689894,0.44820067269485564,1.5443673631807124,35712.683200732645
199.65,0.11428108513513,0.7874481425070148,0.26752912817323876,0.6731670573718848,28628.733768453287,1.6963533414839205,0.40415642391176054,1.5820722563487906,29038.651553625365
199.7,0.0978854319819648,0.8002627425743021,0.24505132691997927,0.7023773105923373,24020.061130097023,1.7154589036373025,0.36006153908927047,1.6175734716553376,23047.877676681645
199.75,0.0814897788288273,0.8119531701494559,0.22256707188284724,0.7304633913206287,19814.440594601798,1.7323594334759975,0.3159627353447456,1.6508696546471702,17747.991133606003
199.8,0.0657270986425296,0.8225198218103643,0.20010500171247822,0.7567927231678347,16016.804684140365,1.747055858156145,0.27190460601543837,1.6813287595136155,13143.487070650803
199.85,0.0508385239818929,0.8319645070327728,0.17769300723167308,0.7811259830508799,12629.921927614168,1.7595512871876302,0.2279298967841502,1.7087127632057373,9235.917839650376
199.9,0.0359499493212648,0.8402904126207118,0.1553582990225681,0.804340463299447,9654.480430074273,1.769850926645232,0.1840797653619425,1.7339009773239673,6024.064002792499
199.95,0.0210613746606197,0.8475020696404117,0.1331274388438306,0.826440694979792,7089.1659892471425,1.777962005631465,0.140394009939528,1.7569006309708453,3504.0849825600512
200.0,0.0061728000000084,0.8536053209449587,0.11102633211058571,0.8474325209449503,4930.738568772031,1.7838937132048676,0.09691125884542157,1.7777209132048593,1669.6519272896533
200.05,-0.0068888666666616,0.858607287432619,0.08908018600315945,0.8654961540992806,3174.1118153429943,1.787657143810417,0.05366912152985883,1.7945460104770785,512.0665965843123
200.1,-0.0199505333333234,0.8625163315678728,0.06731344420902613,0.8824668649011962,1812.4399085126693,1.789265249429095,0.010704308150586421,1.8092157827624185,20.370171196926382
200.15,-0.0330121999999926,0.8653420173730098,0.04574971364123468,0.8983542173730024,837.2145193019898,1.788732797180262,-0.03194726962313789,1.8217449971802546,181.44498424417225
200.2,-0.0460738666666685,0.8670950669095016,0.02441170019127102,0.91316893357617,238.37244249140065,1.7860763318130746,-0.07425040114912815,1.832150198479743,980.1105903655913
200.25,-0.0581672443438829,0.8677873141137817,0.003321169401511552,0.9259545584576646,4.41206647741464,1.7813141433149438,-0.11617046735841474,1.8394813876588267,2399.213775337334
200.3,-0.0694998235294057,0.8674316575402788,-0.01750105648703171,0.9369314810696845,122.51479126490989,1.7744662405480158,-0.15767330756104098,1.8439660640774216,4419.710563064644
200.35,-0.080832402714922,0.8660420139879502,-0.03803506008123691,0.9468744167028722,578.6663181533205,1.7655543322767906,-0.19872505668826818,1.8463867349917127,7020.737449912071
200.4,-0.0921649819004448,0.8636332750505324,-0.05826175129420913,0.9557982569509772,1357.7726655473116,1.7546018170574458,-0.23929195441072312,1.8467667989578906,10179.66923479175
200.45,-0.1032468648648664,0.860221268346,-0.07816275971251394,0.9634681332108663,2443.7668023504766,1.7416337832124218,-0.27934013455879675,1.8448806480772881,13872.161915613631
200.5,-0.11278875675675,0.8558227245833624,-0.09772031150512318,0.9686114813401124,3819.703712263324,1.7266770195304035,-0.31883540953452494,1.8394657762871536,18072.181044097462
200.55,-0.122330648648645,0.8504552508026861,-0.11691710855406853,0.9727858994513311,5467.844109057538,1.7097600364867154,-0.3577430682708237,1.8320906851353604,22752.018292590798
200.6,-0.131872540540534,0.8441373092290383,-0.13573622753788173,0.9760098497695723,7369.72938648624,1.6909130968189747,-0.3960277071808104,1.8227856373595088,27882.301307535945
200.65,-0.141414432432429,0.8368882003568946,-0.15416105357219895,0.9783026327893236,9506.252175396157,1.6701682533650273,-0.4336531110969666,1.8115826857974562,33432.003691391656
200.7,-0.1499292624434425,0.8287280482909013,-0.17217525718477386,0.9786573107343438,11857.72767465721,1.6475593913489484,-0.470582195744698,1.7974886537923909,39368.46274700467
200.75,-0.15800392307692,0.8196777860999938,-0.18976281651396132,0.9776817091769138,14403.970612524541,1.6231222718925986,-0.506777016379262,1.7811261949695185,45657.412325380756
200.8,-0.166078583710405,0.8097591390261698,-0.20690807948754172,0.9758377227365748,17124.38134288915,1.5968945734869817,-0.5421988396379638,1.7629731571973868,52263.036747511884
200.85,-0.174153244343887,0.7989946038206012,-0.2235958541203919,0.9731478481644882,19998.04239193103,1.5689159284934344,-0.5768082682198375,1.7430691728373213,59148.04947320321
200.9,-0.181885693693691,0.7874074231996256,-0.23981151052009014,0.9692931168933167,23003.824231170922,1.5392279524174428,-0.6105654023601721,1.7211136461111338,66273.79743275358
200.95,-0.1887381711711739,0.7750215552806935,-0.2555410768270005,0.9637597264518674,26120.49677836119,1.5078742645764842,-0.6434300195029603,1.6966124357476582,73600.38933290308
201.0,-0.195590648648645,0.7618616387145248,-0.2707713131270318,0.9574522873631699,29326.841605014837,1.4749004997094837,-0.6753617542602538,1.6704911483581286,81086.84428755332
201.05,-0.202443126126124,0.7479529549285812,-0.2854897516144181,0.9503960810547052,32601.759310744856,1.4403543108951977,-0.7063202640999207,1.6427974370213216,88691.25608501009
201.1,-0.209295603603598,0.7333213893328311,-0.29968469773381623,0.9426169929364291,35924.36722232352,1.4042853647394886,-0.7362653721224451,1.6135809683430866,96370.96856650713
201.15,-0.215340398190042,0.7179933934182597,-0.31334519417061496,0.9333337916083018,39274.084283928154,1.3667453300437704,-0.765157185319947,1.5820857282338123,104082.75879942112
201.2,-0.2212313484162913,0.701995949413181,-0.32646095662821734,0.9232272978294723,42630.70248104432,1.3277878610695362,-0.792956194073824,1.5490192094858275,111783.0267946745
201.25,-0.22712229864253,0.6853565385586978,-0.33902229593770494,0.9124788372012278,45974.446857149116,1.287468576054515,-0.819623364889349,1.5145908746970451,119427.99293734024
201.3,-0.233013248868775,0.6681031132649501,-0.35102004360973543,0.901116362133725,49286.02840631222,1.245845030943604,-0.8451202417478734,1.478858279812379,126973.90631324159
201.35,-0.238499256756753,0.650264072547737,-0.36244549759336614,0.88876332930449,52546.69549028111,1.2029766875009504,-0.8694090719470403,1.4414759442577034,134377.26833490026
201.4,-0.243426058558556,0.6318682393789202,-0.3732904018087271,0.8752942979374763,55738.28963300837,1.158924874230186,-0.8924529697799084,1.402350932788742,141595.0761367072
201.45,-0.2483528603603628,0.6129448380280251,-0.3835469677933044,0.861297698388388,58843.31060137523,1.113752737973412,-0.9142161265700041,1.3621055983337749,148585.0890810065
201.5,-0.25327966216216,0.5935234692330226,-0.39320793929328846,0.8468031313951826,61844.99340930977,1.067525183809111,-0.9346640680883664,1.3208048459712711,155306.11914231014
201.55,-0.258206463963964,0.5736340811910086,-0.4022666933404073,0.8318405451549726,64727.397028410116,1.0203088010204393,-0.9537639526948214,1.2785152649844034,161718.34265956434
201.6,-0.262032325791853,0.5533069348358801,-0.41071736507813794,0.8153392606277331,67475.50159069138,0.9721717734084517,-0.97148489654995,1.2342040992003047,167783.62741771856
201.65,-0.265835719457013,0.5325725626309026,-0.41855497947666154,0.7984082820879156,70075.30833788343,0.9231837730546056,-0.9877983071723783,1.1890194925116186,173465.86589379841
201.7,-0.2696391131221741,0.5114617209769585,-0.425775572065766,0.7811008340991326,72513.93510717212,0.873415837627862,-1.0026782046198062,1.143054950750036,178731.30347015074
201.75,-0.273442506787329,0.49000533720669054,-0.4323762824405452,0.7634478439940195,74779.69984684246,0.8229402323661755,-1.0161015103320936,1.0963827391535046,183548.84965318433
201.8,-0.276457225225225,0.4682344528427284,-0.43835540870812767,0.7446916780679533,76862.18573746787,0.7718302987718777,-1.0280482875096424,1.0482875239971028,187890.36114693483
201.85,-0.278852270270269,0.44618016523491705,-0.4437124177254995,0.725032435505186,78752.28385752327,0.7201602927182817,-1.0385019234016706,0.9990125629885507,191730.88798381673
201.9,-0.281247315315314,0.42387356975141627,-0.4484479137437748,0.7051208850667303,80442.21253645763,0.6680052149433038,-1.04744925193128,0.9492525302586178,195048.87739935963
201.95,-0.2836423603603613,0.401345704396692,-0.45256357465771124,0.6849880647570532,81925.51564278631,0.6154406367971289,-1.0548806223841163,0.8990829971574902,197826.33377448897
202.0,-0.285846162895927,0.3786274981369009,-0.4560620701254627,0.6644736610328279,83197.04472284898,0.5625425236670676,-1.0607899259949793,0.8483886865629946,200048.93637198824
202.05,-0.286647520361991,0.35574972341542876,-0.4589469787480636,0.6423972437774197,84252.93172079022,0.5093870577962378,-1.0651745964202404,0.7960345781582288,201706.1192638261
202.1,-0.287448877828054,0.33274295247477903,-0.46122272118697216,0.6201918303028331,85090.55941564619,0.4560504613748348,-1.0680356010144303,0.7434993392028888,202791.11911720093
202.15,-0.288250235294117,0.3096375163315223,-0.4628945227225816,0.5978877516256393,85708.53566662665,0.4026088199834605,-1.0693774375246952,0.6908590552775775,203300.996246557
202.2,-0.2890515927601808,0.2864634647129062,-0.4639684128610503,0.575515057473087,86106.6752531208,0.34913790585387505,-1.0692081456781557,0.6381894986140558,203236.63267280362
202.25,-0.28868895945946,0.2632505250630345,-0.4644512624102067,0.5519394845224945,86285.99006177386,0.29571300010796603,-1.067539336300815,0.584401959567426,202602.7083643706
202.3,-0.287827472972973,0.24002805888176146,-0.4643508514741463,0.5278555318547344,86248.68530590586,0.24240871318000165,-1.0643862335740342,0.5302361861529746,201407.6540838966
202.35,-0.286965986486487,0.2168250141439874,-0.4636759557539387,0.5037910006304744,85998.15677773142,0.18929880301309385,-1.0597677195566888,0.47626478949958084,199663.57678477946
202.4,-0.286104500000001,0.19366987329025973,-0.4624364344641995,0.47977437329026074,85538.98236798476,0.1364559912927568,-1.053706365364656,0.42256049129275775,197386.15189510997
202.45,-0.2848093529411765,0.17059059715888478,-0.4606433018506666,0.4553999501000613,84876.90061595374,0.08395177882430441,-1.0462284313285288,0.36876113176548087,194594.4765369163
202.5,-0.282279941176472,0.1476145660856732,-0.458308766896687,0.4298945072621452,84018.77032574471,0.03185626201717968,-1.037363820395355,0.31413620319365165,191310.8792649327
202.55,-0.279750529411766,0.12476852004563246,-0.4554462306026889,0.40451904945739847,82972.50758807907,-0.019762046885203124,-1.0271459734390682,0.25998848252656287,187560.68457814952
202.6,-0.27722111764706,0.10207850009528707,-0.4520702367157253,0.37929961774234705,81746.99956968478,-0.07083639276803294,-1.0156117015728285,0.20638472487902704,183371.93393273887
202.65,-0.274691705882353,0.07956979339060753,-0.4481963789677267,0.3542614992729605,80351.99764791284,-0.12130194068922892,-1.0028009580682404,0.15338976519312406,178775.06871156994
202.7,-0.2708084117647036,0.05726688373412129,-0.44384117500352527,0.3280752954988249,78797.99545140399,-0.1710959262085075,-0.9887565602830494,0.0997124855561961,173802.58408938086
202.75,-0.266667235294119,0.03519340893792741,-0.4390219225427442,0.3018606442320464,77096.09938925091,-0.22015779090574755,-0.9735238783177188,0.04650944438837146,168488.66518307067
202.8,-0.26252605882353,0.01337212545420205,-0.4337565555575025,0.27589818427773205,75257.89979564349,-0.2684293019131996,-0.9571505104110465,-0.0059032430896696075,162868.81770313365
202.85,-0.258384882352943,-0.008175120170236489,-0.4280635176542329,0.2502097621827065,73295.3500586063,-0.31585465531802015,-0.9396859654864055,-0.05746977296507716,156979.50466348763
202.9,-0.253608202702704,-0.029427414227386726,-0.42196166598248774,0.22418078847531728,71220.65902348662,-0.3623805642415499,-0.9211813701476115,-0.1087723615388459,150857.79852569435
202.95,-0.2479539234234208,-0.05036479492165864,-0.41547021375190735,0.19758912850176213,69046.19940602224,-0.4079563331521202,-0.9016892125782799,-0.16000240972869942,144541.05530311796
203.0,-0.242299644144147,-0.07096826956821047,-0.4086087120939084,0.17133137457593656,66784.43183961701,-0.4525339204205136,-0.8812631284276857,-0.2102342762763666,138066.6136046492
203.05,-0.236645364864866,-0.09121983174243954,-0.401397064699114,0.14542553312242645,64447.84141962588,-0.49606799117608774,-0.8599577259823431,-0.2594226263112217,131471.51830697292
203.1,-0.230991085585589,-0.11110247972222602,-0.3938555621919866,0.11988860586336299,62048.88154782633,-0.5385159622104541,-0.8378284406113525,-0.30752487662486505,124792.26593728902
203.15,-0.224136619909505,-0.13060023680032337,-0.38600491998223924,0.09353638310918164,59599.919300197966,-0.5798380400358708,-0.8149314041538761,-0.3557014201263658,118064.56772910367
203.2,-0.2172576606334821,-0.14969817322465237,-0.3778663026264973,0.06755948740882972,57113.17706424786,-0.6199972524538151,-0.7913233130752373,-0.40273959182033303,111323.12636735468
203.25,-0.21037870135747,-0.16838242869091913,-0.3694613195829014,0.04199627266655087,54600.66666717552,-0.6589594731683324,-0.7670612800095696,-0.44858077181086237,104601.4235182079
203.3,-0.203499742081451,-0.18664023368568522,-0.3608119821913747,0.016859508395765777,52074.11459714757,-0.6966934383183249,-0.7422026574748083,-0.49319369623687387,97931.51729114092
203.35,-0.19622305405406,-0.2044599276141466,-0.3519406182090364,-0.008236873560086622,49544.879498143484,-0.733170753374333,-0.7168048286122982,-0.5369476993202731,91343.85107944999
203.4,-0.188633864864869,-0.2218309716674927,-0.34286974814592674,-0.033197106802623694,47023.8656774605,-0.7683658887903131,-0.6909249677166028,-0.5797320239254441,84867.07751363354
203.45,-0.1810446756756747,-0.23874395476382831,-0.33362193407194646,-0.057699279088153616,44521.43795756248,-0.8022561631142038,-0.6646197801283311,-0.621211487438529,78527.9026022811
203.5,-0.173455486486492,-0.25519059155941914,-0.32421961649549674,-0.08173510507292714,42047.343888194795,-0.8348217128846115,-0.6379452366549789,-0.6613662263981195,72350.95555036036
203.55,-0.165853515837108,-0.27116371237220077,-0.3146849567568451,-0.10531019653509277,39610.648803622986,-0.8660454494842915,-0.6109563203325441,-0.7001919336471836,66358.6889518724
203.6,-0.158157814479644,-0.2866572457221132,-0.3050397020634555,-0.1284994312424692,37219.68793398467,-0.8959130040218299,-0.5837068037931189,-0.7377551895421859,60571.31249677842
203.65,-0.150462113122175,-0.30166619498443636,-0.29530508652990106,-0.15120408186226136,34882.03765217294,-0.9244126621776012,-0.5562490723419972,-0.7739505490554262,55006.760974459095
203.7,-0.1427664117647026,-0.3161866111538164,-0.28550177525376225,-0.17342019938911382,32604.50546921991,-0.9515352915467078,-0.5286340017778656,-0.8087688797820052,49680.69472634318
203.75,-0.135070710407242,-0.3302155639042721,-0.27564985132542885,-0.1951448534970301,30393.13621429241,-0.9772742642980675,-0.5009108927407568,-0.8422035538908255,44606.5284384608
203.8,-0.127801144144145,-0.343751112929879,-0.26576883836701415,-0.21594996878573397,28253.230178780836,-1.001625377851137,-0.47312745555224056,-0.873824233706992,39795.482523971084
203.85,-0.120714207207211,-0.3567922810394221,-0.25587774559994897,-0.23607807383221113,26189.36827732488,-1.0245867758092047,-0.44532983309046725,-0.9038725686019936,35256.650709401496
203.9,-0.113627270270272,-0.369339029719647,-0.24599511861289775,-0.25571175944937496,24205.439352549452,-1.0461588706315925,-0.41756264439174634,-0.9325316003613205,30997.07768736498
203.95,-0.1065403333333301,-0.38139223701227765,-0.23613907841814494,-0.2748519036789475,22304.66574246832,-1.0663442686070366,-0.3898690300325788,-0.9598039352737064,27021.84188063001
204.0,-0.0997338588235322,-0.39295367672745296,-0.22632733371051725,-0.29321981790392077,20489.624793804735,-1.0851476967675955,-0.36229068176113893,-0.9854138379440633,23334.140105057926
204.05,-0.0937256235294133,-0.40402599737903716,-0.21657715645673578,-0.31030037384962383,18762.265879554165,-1.1025759306059877,-0.33486784343995385,-1.0088503070765744,19935.372901355637
204.1,-0.0877173882352978,-0.41461269890395513,-0.20690531773196122,-0.32689531066865735,17123.92420230553,-1.1186377209753962,-0.3076392769299986,-1.0309203327400984,16825.231059557755
204.15,-0.0817091529411789,-0.4247181052499371,-0.19732798792256448,-0.34300895230875816,15575.333927027103,-1.1333437184119879,-0.28064219394952,-1.051634565470809,14001.785071075556
204.2,-0.0757009176470573,-0.43434733129993675,-0.18786061227275563,-0.3586464136528794,14116.64385739785,-1.1467063933634423,-0.2539121623959066,-1.071005475716385,11461.579771122708
204.25,-0.0710293162162187,-0.4435062432772696,-0.1785177773452762,-0.3724769270610509,12747.438731319044,-1.158739951379396,-0.22748300109842787,-1.0877106351631771,9199.736140221748
204.3,-0.0666123117117134,-0.452201412615558,-0.16931308611755774,-0.38558910090384463,11466.76845226061,-1.1694602431049197,-0.20138668014093028,-1.1028479313932062,7210.061322344065
204.35,-0.0621953072072106,-0.4604400641544295,-0.16025905831954063,-0.3982447569472189,10273.186309386369,-1.1788846697911641,-0.17565324376852215,-1.1166893625839536,5485.166586027354
204.4,-0.0577783027027052,-0.468230020258802,-0.15136706872928948,-0.4104517175560968,9164.795798278978,-1.18703208581523,-0.15031076978248306,-1.1292537831125247,4016.591557796022
204.45,-0.0540578104072392,-0.4755796429592903,-0.14264733019472803,-0.4215218325520511,8139.304324673506,-1.1939227002734267,-0.12538537383844509,-1.1398648898661876,2794.9319062411782
204.5,-0.0513820864253413,-0.4824977763611483,-0.1341089205881331,-0.431115689935807,7194.081032525674,-1.1995779799473134,-0.10090125955217778,-1.148195893521972,1809.9669651939464
204.55,-0.0487063624434403,-0.4889936913495026,-0.12575984591879338,-0.4402873289060623,6326.215538207461,-1.204020555799836,-0.07688080798311779,-1.1553141933563957,1050.7837575354718
204.6,-0.0460306384615408,-0.49507703407761305,-0.1176071258475325,-0.44904639561607224,5532.574420046939,-1.20727413466924,-0.05334469340387736,-1.1612434962076992,505.8944558850981
204.65,-0.0433549144796398,-0.5007577789416283,-0.10965688490994305,-0.4574028644619885,4809.852963260998,-1.2093634170566596,-0.030312008440275953,-1.1660085025770197,163.34539656593077
204.7,-0.042425933333333,-0.5060461858953413,-0.10191443195789568,-0.46362025256200834,4154.6205765202185,-1.210314021019365,-0.007800379962541747,-1.167888087686032,10.817053788448497
204.75,-0.0415326000000005,-0.5109527611157431,-0.0943843128515251,-0.4694201611157426,3563.3594049818266,-1.2101524112616655,0.014173941166961003,-1.168619811261665,35.715663680795
204.8,-0.0406392666666669,-0.5154882194234193,-0.08707032677227991,-0.4748489527567524,3032.4967216926416,-1.208905831798599,0.03559602853920415,-1.1682665651319322,225.25817738023756
204.85,-0.0397459333333338,-0.5196634465319014,-0.07997550339358481,-0.4799175131985676,2558.432457222918,-1.2066022401117198,0.05645227214831963,-1.166856306778386,566.5527165703013
204.9,-0.0397412828054297,-0.5234894592660052,-0.07310204575014896,-0.4837481764605755,2137.5636371427486,-1.203270240660791,0.07673041124629279,-1.1635289578553611,1046.6766240044828
204.95,-0.0404936583710411,-0.5269773622806615,-0.06645124964171716,-0.48648370390962037,1766.3074315783258,-1.198939015909913,0.09641959884361753,-1.1584453575388718,1652.753607318068
205.0,-0.0412460339366513,-0.5301383004848198,-0.06002341528296882,-0.48889226654816853,1441.124152892694,-1.1936382536433046,0.11551048278980502,-1.1523922197066532,2372.030512770461
205.05,-0.0419984095022623,-0.5329834072192551,-0.053817768593697225,-0.4909849977169928,1158.5408865618974,-1.1873980701840645,0.13399528563624913,-1.1453996606818022,3191.95316848711
205.1,-0.0429123729729718,-0.5355237490927944,-0.047832408872932594,-0.49261137611982264,915.1757354349603,-1.18024893003029,0.15186786514866157,-1.1373365570573182,4100.239727077699
205.15,-0.0450113144144136,-0.5377702691319756,-0.04206429491784497,-0.492758954717562,707.7619627741752,-1.1722215632635897,0.16912374124259844,-1.1272102488491762,5084.9493070032695
205.2,-0.0471102558558566,-0.539733730327693,-0.036509275357987814,-0.4926234744718364,533.1708748661505,-1.1633468826332916,0.18576008101387956,-1.116236626777435,6134.543590805884
205.25,-0.0492091972972961,-0.5414246617983577,-0.031162161978332784,-0.4922154645010616,388.43213566553976,-1.1536559024852926,0.20177564052967475,-1.1044467051879965,7237.939397539649
205.3,-0.0513081387387379,-0.5428533095300687,-0.026016837770209234,-0.4915451707913308,270.7503390245543,-1.1431796615644723,0.21717066950439443,-1.0918715228257343,8384.551056531007
205.35,-0.0540291076923055,-0.5440295931116892,-0.02106638588779696,-0.4900004854193837,177.51704574942838,-1.1319491512665367,0.23194679128160062,-1.0779200435742313,9564.322486369849
205.4,-0.0570427954751115,-0.5449630690741082,-0.01630322194391605,-0.4879202735989967,106.31801830103431,-1.1199952501532222,0.2461068752440514,-1.0629524546781106,10767.750051980636
205.45,-0.0600564832579193,-0.5456629005610627,-0.011719212269726852,-0.4856064173031434,54.935974489166554,-1.107348664660308,0.2596549195620527,-1.0472921814023886,11985.8981782713
205.5,-0.0630701710407219,-0.5461378322459867,-0.007305763470609069,-0.4830676612052648,21.34967195539435,-1.0940398750664873,0.2725959603161581,-1.0309697040257653,13210.410236566837
205.55,-0.0661815126126111,-0.5463961688068577,-0.003053874357401987,-0.48021465619424664,3.73045943631896,-1.0800990851052363,0.28493601782389627,-1.0139175724926253,14433.51720059373
205.6,-0.0695707918918895,-0.5464457549912497,0.0010458523536775698,-0.47687496309936017,0.437522858277165,-1.0655561732212866,0.29668208483395464,-0.9959853813293971,15648.046126474997
205.65,-0.0729600711711699,-0.5462939553415179,0.005003233777532514,-0.47333388417034805,10.01293929305691,-1.0504406434125755,0.30784215360784645,-0.9774805722414056,16847.429606740785
205.7,-0.0763493504504522,-0.5459476320803947,0.008828554501175336,-0.46959828162994244,31.177349832089316,-1.0347815739526585,0.3184252715376648,-0.9584322235022062,18025.716187348546
205.75,-0.0797386297297287,-0.5454131203430225,0.012532622079191261,-0.4656744906132938,62.82664647193292,-1.0186075629365525,0.32844160954936064,-0.9388689332068239,19177.58060148883
205.8,-0.083087054751131,-0.5446962008090457,0.016126812864795677,-0.4616091460579147,104.02963727045574,-1.001946670470523,0.33790252507424157,-0.9188596157193921,20298.331813608613
205.85,-0.0864265117647044,-0.5438020706181127,0.019623092434245946,-0.4573755588534083,154.0263026731842,-0.9848263582141965,0.3468206022472081,-0.8983998464494921,21383.916469887314
205.9,-0.0897659687782798,-0.5427353141623312,0.023033998642973844,-0.4529693453840514,212.22603739380835,-0.967273427791723,0.3552096550919096,-0.8775074590134432,22430.91539031349
205.95,-0.0931054257918569,-0.5414998757904629,0.026372581784814376,-0.448394449998606,278.20522799868917,-0.9493139601535462,0.3630846855646885,-0.8562085343616893,23436.531358508215
206.0,-0.096252154054053,-0.5400990365575944,0.029652303494793857,-0.4438468825035414,351.70364101894563,-0.930973258198651,0.37046179559186765,-0.834721104144598,24398.56746544902
206.05,-0.0991097891891887,-0.5385353968867796,0.03288690345291569,-0.439425607697591,432.61936748855925,-0.9122757948143,0.37735806015123374,-0.8131660056251113,25315.396544195937
206.1,-0.101967424324323,-0.5368108664053407,0.03609024830147941,-0.4348434420810177,521.002408984975,-0.893245167967071,0.38379137463427493,-0.7912777436427479,26185.923421096242
206.15,-0.104825059459458,-0.5349266614230558,0.039276180045533925,-0.4301016019635978,617.047327587679,-0.8739040637177512,0.38978029358152416,-0.7690790042582932,27009.54262479985
206.2,-0.1076826945945951,-0.5328833096371534,0.042458381159807594,-0.42520061504255824,721.0856522846018,-0.8542742271334911,0.3953438788521066,-0.746591532538896,27786.094674814067
206.25,-0.109779769230768,-0.5306806608554857,0.04565027082659041,-0.4209008916247177,833.5788906164205,-0.834376440213056,0.4005015733356032,-0.724596670982288,28515.824043429966
206.3,-0.111845153846153,-0.5283179019231619,0.0488649414114231,-0.41647274807700885,955.1129996567249,-0.8142305052353999,0.4052731115513826,-0.7023853513892468,29199.34132382923
206.35,-0.113910538461537,-0.5257935737675609,0.052115136934225904,-0.4118830353060239,1086.3949990692468,-0.793855231554071,0.40967847127815615,-0.679944693092534,29837.591080676804
206.4,-0.115975923076922,-0.5231055885688275,0.05541326810569422,-0.4071296654919055,1228.2521128614194,-0.7732684238380255,0.4137378628972298,-0.6572925007611035,30431.82563462523
206.45,-0.1174019054054055,-0.5202512454999203,0.058771452137612715,-0.4028493400945148,1381.633434545481,-0.7524868701053489,0.41747174613397586,-0.6350849646999434,30983.58379024903
206.5,-0.118283211711711,-0.5172272441847017,0.06220156141611441,-0.3989440324729907,1547.6136970410612,-0.7315263285485227,0.4209008588739253,-0.6132431168368118,31494.67253347698
206.55,-0.119164518018018,-0.5140296958660394,0.06571526356551544,-0.39486517784802144,1727.398346194064,-0.7104015129884067,0.4240462401907942,-0.5912369949703887,31967.149123546435
206.6,-0.120045824324324,-0.5106541331265354,0.06932403700832947,-0.3906083088022114,1922.3288428528933,-0.689126077687492,0.4269292304003996,-0.569080253363168,32403.30093693822
206.65,-0.120767823529412,-0.507095519694301,0.07303915060477367,-0.386327696164889,2133.887008426724,-0.6677126030250117,0.42957143477828874,-0.5469447794955997,32805.62090266268
206.7,-0.1200560588235296,-0.5033482622855721,0.07687160234414654,-0.38329220346204246,2363.6972987826384,-0.6461725840621717,0.43199464367239465,-0.5261165252386422,33176.77727318031
206.75,-0.119344294117648,-0.49940622650158245,0.08083201949543894,-0.38006193238393443,2613.5261502844087,-0.6245164242021191,0.43422070929914264,-0.505172130084471,33519.577668311205
206.8,-0.118632529411765,-0.49526275850200896,0.08493052938073327,-0.37663022909024396,2885.2779283566388,-0.602753435948628,0.4362713867854446,-0.48412090653686296,33836.92852047911
206.85,-0.117920764705883,-0.49091071357773536,0.08917661540183268,-0.37298994887185233,3180.9874938105527,-0.5808918502284292,0.4381681533079671,-0.4629710855225462,34131.79210192252
206.9,-0.115849189189191,-0.4863424919265896,0.09357897578929406,-0.3704933027373986,3502.8098839093127,-0.5589388349374321,0.4399320230144869,-0.4430896457482411,34407.14397753227
206.95,-0.1131377027027024,-0.48155008105976327,0.09814540230540349,-0.36841237835706087,3853.0079974758,-0.5369005224593703,0.44158337615810467,-0.42376281975666785,34665.93388430047
207.0,-0.110426216216218,-0.47652510347016563,0.1028826928984062,-0.3660988872539476,4233.9393992111045,-0.5147820450276636,0.44314181845129996,-0.40435582881144555,34911.052668502205
207.05,-0.107714729729731,-0.47125886763099506,0.10779660668834962,-0.36354413790126405,4648.043365409097,-0.49258757612411247,0.44462608151769756,-0.38487284639438146,35145.30708725018
207.1,-0.104459679638012,-0.46574242013800377,0.11289186286440152,-0.36128274049999176,5097.829080397935,-0.47032037572432317,0.4460539686120619,-0.36586069608631117,35371.4031848125
207.15,-0.0994833447963818,-0.45996659691962655,0.11817217745302558,-0.3604832521232447,5585.865409595746,-0.4479828371873748,0.4474423418333262,-0.348499492390993,35591.93764716287
207.2,-0.0945070099547489,-0.45392207190723005,0.12364032580211858,-0.3594150619524812,6114.772065781612,-0.4255765339581352,0.4488071402479676,-0.3310695240033863,35809.39540223269
207.25,-0.0895306751131247,-0.4475994022721963,0.12929821447216824,-0.3580687271590716,6687.2113062763265,-0.403102264908925,0.4501634132623262,-0.3135715897958003,36026.15086933118
207.3,-0.0845543402714946,-0.440989070199888,0.1351469452120085,-0.35643472992839337,7305.878720055052,-0.380560098003524,0.4515253515584173,-0.2960057577320294,36244.46988443597
207.35,-0.0777858855855903,-0.4340815219942753,0.14118685536161307,-0.356295636408685,7973.49125076042,-0.35794941283164605,0.45290629867220733,-0.28016352724605575,36466.50940034821
207.4,-0.0706240387387421,-0.42686720600173716,0.1474175234707486,-0.3562431672629951,8692.770490499486,-0.3352689433378317,0.45431873007525864,-0.2646449045990896,36694.312621723686
207.45,-0.0634621918918898,-0.41933661123201843,0.15383773556095195,-0.35587441934012864,9466.419553008553,-0.31251682256334357,0.4557741929756498,-0.24905463067145378,36929.798219129756
207.5,-0.0563003450450498,-0.4114803086103047,0.16044541477467522,-0.35517996356525494,10297.092448887028,-0.28969063138484236,0.45728320749328694,-0.23339028633979256,37174.74344095085
207.55,-0.0483399190045292,-0.40328899646584865,0.16723752436703207,-0.35494907746131943,11187.355822565458,-0.26678745299781553,0.4588551376049016,-0.21844753399328634,37430.76218780679
207.6,-0.0390765479638085,-0.39475355123915296,0.17420995860532523,-0.35567700327534446,12139.643870907654,-0.24380393432764577,0.46049804568570596,-0.20472738636383728,37699.28001428525
207.65,-0.0298131769230826,-0.38586508358547383,0.18135743904672452,-0.3560519066623912,13156.20827903456,-0.22073635476001224,0.4622185483468396,-0.19092317783692964,37981.50869970839
207.7,-0.0205498058823514,-0.3766149991667507,0.18867343319258667,-0.3560651932843993,14239.065757070986,-0.19758070166068764,0.46402169175931496,-0.17703089577833625,38278.42318634253
207.75,-0.011286434841636,-0.3669950626510344,0.1961501096075495,-0.3557086278093984,15389.946199621474,-0.1743327513019204,0.465910862512491,-0.16304631646028442,38590.74343237925
207.8,-0.000319085520368,-0.356997462859163,0.20377833735233203,-0.356678377338795,16610.244309632337,-0.15098815312204864,0.46788774428103225,-0.15066906760168064,38918.922888603134
207.85,0.0107192628959176,-0.3466148768101978,0.2115477303034595,-0.35733413970611544,17900.976878618094,-0.1275425149330992,0.46995232332488646,-0.1382617778290168,39263.14421305931
207.9,0.0217576113122095,-0.33584053054158464,0.21944673007895416,-0.3575981418537941,19262.746936938143,-0.10399148670039315,0.47210293863481967,-0.12574909801260264,39623.32171869019
207.95,0.0327959597285081,-0.32466825507196534,0.22746271511032456,-0.3574642148004734,20695.71470614427,-0.08033084092234181,0.4743363656332008,-0.11312680065084992,39999.10893548686
208.0,0.0446015499999902,-0.313092536587828,0.23558211965753062,-0.3576940865878182,22199.574040934032,-0.0565565483061539,0.4766479176631148,-0.1011580983061441,40389.90887334818
208.05,0.0570607166666609,-0.3011085608080867,0.24379054482223378,-0.3581692774747476,23773.53189788863,-0.032664848311678055,0.4790315467416527,-0.08972556497833895,40794.88404865782
208.1,0.0695198833333244,-0.2887122523309479,0.25207284610911457,-0.35823213566427226,25416.28789821974,-0.00865231503837259,0.48147992664096395,-0.07817219837169699,41212.96351256676
208.15,0.081979049999995,-0.2759003104272202,0.2604131866400739,-0.3578793604272152,27126.011110415187,0.01548408031838024,0.4839845052846738,-0.06649496968161477,41642.84468544897
208.2,0.0945418202702766,-0.26267024312960796,0.26879505229605977,-0.35721206339988454,28900.312055536604,0.03974690871580423,0.4865355203527416,-0.05479491155447237,42082.98890042899
208.25,0.108037022972967,-0.24902040146478946,0.27720123162462157,-0.35705742443775645,30736.20912568284,0.06413822237761913,0.4891219787227743,-0.04389880059534787,42531.61067905459
208.3,0.121532225675672,-0.23495001539076368,0.2856137700802933,-0.35648224106643567,32630.090263791462,0.08865949211913786,0.491731607622491,-0.03287273355653414,42986.662032888795
208.35,0.135027428378369,-0.220459232350153,0.2940139137030508,-0.355486660728522,34577.672580394006,0.11331154181678613,0.4943507917527556,-0.02171588656158288,43445.81427672468
208.4,0.148522631081075,-0.20554915854384648,0.30238205974167054,-0.3540717896249215,36573.96402144609,0.13809447974332112,0.49696451401332914,-0.010428151337753877,43906.44056684523
208.45,0.162452239819009,-0.1902219021369821,0.31069773107334175,-0.3526741419559911,38613.23203764904,0.16300762741328745,0.4995563177728798,0.0005553875942784503,44365.602600319726
208.5,0.176605633484154,-0.17448061687510236,0.3189395871262536,-0.35108625035925634,40688.98409450604,0.18804944739161544,0.502108305220456,0.011443813907461436,44820.0444749082
208.55,0.190759027149315,-0.15832954407130587,0.3270854787468502,-0.34908857122062087,42793.96416282247,0.21321747213889408,0.5046011814948842,0.02245844498957908,45266.19597618366
208.6,0.204912420814469,-0.14177405073437177,0.33511254703432625,-0.3466864715488408,44920.16767193341,0.23850823627275697,0.5070143468923427,0.033595815458287964,45700.18630305224
208.65,0.219057540540533,-0.12482066178452726,0.3429973594647468,-0.3438782023250603,47058.87543991549,0.2639172145538579,0.50932603236498,0.04485967401332491,46117.86795460491
208.7,0.233176459459462,-0.10747708479636969,0.3507160698251473,-0.3406535442558317,49200.70465343904,0.28943876748988523,0.5115134660025065,0.05626230803042323,46514.84904922619
208.75,0.247295378378368,-0.08975222650945534,0.3582445848755376,-0.33704760488782337,51335.673037058514,0.3150660956849859,0.5135530536183937,0.06777071730661788,46886.53135658253
208.8,0.261414297297289,-0.07165620120319738,0.36555872010579626,-0.33307049850048637,53453.271138155156,0.3407912031911957,0.5154205550259586,0.07937690589390672,47228.1508521364
208.85,0.275533216216203,-0.05320033189083968,0.37263432927905604,-0.3287335481070427,55542.53734290079,0.36660486919830093,0.5170912390300738,0.0910716529820979,47534.8176856279
208.9,0.289105235294109,-0.034397145920901914,0.3794473971044259,-0.3235023812150109,57592.13086772954,0.39249662666562524,0.5185400042255602,0.10339139137151626,47801.55306351005
208.95,0.3025405294117687,-0.015260366980141517,0.38597409056293264,-0.31780089639191017,59590.39943435317,0.4184547459732735,0.5197414586304955,0.1159142165615048,48023.32156788534
209.0,0.315975823529405,0.004195094498113224,0.39219077251916806,-0.3117807290312918,61525.44081967273,0.4444662215388775,0.5206699594867036,0.12849039800947248,48195.058971001876
209.05,0.329411117647056,0.02395315086132938,0.3980739876651083,-0.3054579667857266,63385.159862240325,0.47051675958887323,0.5212996215513038,0.14110564194181724,48311.69696525024
209.1,0.342247782805424,0.04399654567992061,0.40360043597228606,-0.2982512371255034,65157.32476680775,0.4965907658458205,0.5216043081926119,0.1543429830403965,48368.187435572145
209.15,0.354107737556558,0.06430686090434408,0.40874695048494336,-0.28980087665221393,66829.6278122963,0.5226713326959338,0.5215576222541709,0.1685635951393758,48359.529481142126
209.2,0.3659676923076987,0.08486452336425553,0.41349049585858133,-0.28110316894344317,68389.75606615019,0.5487402262584463,0.5211329141608799,0.1827725339507476,48280.80252832196
209.25,0.377827647058819,0.10564881199601453,0.4178082004230063,-0.2721788350628045,69825.47693628441,0.5747778746112205,0.520303321875863,0.19695022755240155,48127.2083120103
209.3,0.389687601809952,0.12663786766486645,0.4216774286217877,-0.26304973414508553,71124.74152363314,0.600763359010288,0.5190418517972113,0.211075757200336,47894.12336303613
209.35,0.399338864864859,0.14780870762846898,0.4250758933082661,-0.25153015723639,72275.80602872817,0.6266744102354757,0.517321502333514,0.22733554537061668,47577.16209361849
209.4,0.408898099099095,0.16913724645396272,0.42798179986807716,-0.2397608526451323,73267.36840732754,0.6524874120640568,0.5151154239751117,0.24358931296496178,47172.248891921605
209.45,0.4184573333333374,0.19059832467226162,0.4303740090317503,-0.22785900866107578,74088.71506002445,0.678177413421075,0.512397103845097,0.25972008008773756,46675.696360683214
209.5,0.428016567567562,0.21216574568923344,0.4322322013711279,-0.21585082187832857,74729.8703608525,0.7037181500242878,0.509140557913474,0.2757015824567258,46084.285815545525
209.55,0.436094738738736,0.2338123205900053,0.4335370257543171,-0.20228241814873069,75181.74107995976,0.7290820754430494,0.505320512359358,0.2929873367043134,45395.34581531096
209.6,0.44280577477477,0.2555099196339302,0.4342702162971413,-0.1872958551408398,75436.24830510636,0.7542404005901673,0.500912556980234,0.31143462581539727,44606.82484275131
209.65,0.449516810810807,0.2772295285840352,0.43441466779265037,-0.1722872822267718,75486.4414373595,0.7791631399143802,0.4958932584196009,0.3296463291035732,43717.35533262384
209.7,0.4562278468468476,0.2989413076883265,0.4339544663220549,-0.1572865391585211,75326.5915363438,0.8038191621180656,0.4902402275302913,0.347591315271218,42726.307678035875
209.75,0.462668588235292,0.3206146511343537,0.4328748788795669,-0.14205393710093828,74952.26430599988,0.8281762431134475,0.4839321425431483,0.3655076548781555,41633.83441536036
209.8,0.466000941176469,0.34221824517219496,0.4311623126542301,-0.12378269600427405,74360.37594133762,0.852201119210012,0.47694873712959945,0.38620017803354295,40440.906284359065
209.85,0.469333294117644,0.36372012375380897,0.42880425917113496,-0.10561317036383505,73549.23707332235,0.8758595391219798,0.46927076788157385,0.40652624500433576,39149.342860117686
209.9,0.472665647058821,0.38508772136896136,0.4257892409762175,-0.08757792568985967,72518.59109244136,0.8991163142078349,0.4608799792148265,0.42645066714901386,37761.840931743805
209.95,0.4759979999999984,0.4062879236320616,0.42210677735608537,-0.0697100763679368,71269.65259597593,0.9219353672686719,0.4517590834668773,0.44593736726867345,36282.003465748094
210.0,0.476775581081082,0.42728711689990306,0.41774738146687374,-0.049488464181178915,69805.14988897188,0.9442797810412171,0.4418917705727619,0.46750419996013515,34714.37100443208
210.05,0.476237067567568,0.44805123868223895,0.4127025953826083,-0.028185828885329056,68129.37289421636,0.9661118481151759,0.4312627562314884,0.4898747805476079,33064.45598442315
210.1,0.475698554054054,0.46854583075812484,0.40696506264492116,-0.007152723295929142,66248.22488543384,0.9873931242770709,0.41985787053577334,0.5116945702230169,31338.778924592745
210.15,0.475160040540541,0.48873609671265106,0.4005286306502655,0.013576056172110051,64169.273588230724,1.008084487195314,0.40766418138298693,0.5329244466547731,29544.90396136193
210.2,0.4737028642533913,0.508586965058205,0.3933884690042905,0.03488410080481369,61901.795018215846,1.0281462018921648,0.3946701400242261,0.5544433376387734,27691.470120309732
210.25,0.468988610859731,0.5280631583249333,0.3855411871635269,0.059074547465202354,59456.80279978468,1.0475379937067177,0.38086573234611454,0.5785493828469868,25788.21441342972
210.3,0.464274357466064,0.5471292676561131,0.3769849342160193,0.08285491019004915,56847.05625034257,1.066219128593301,0.3662426180392892,0.601944771127237,23845.983158804032
210.35,0.459560104072401,0.5657498316308432,0.36771946628494767,0.10618972755844225,54087.042353954705,1.0841484997294295,0.3507942415939413,0.6245883956570285,21876.728877416615
210.4,0.454845850678735,0.5838894174360497,0.3577461719143041,0.1290435667573147,51192.92940773552,1.101284718714637,0.33451590338416115,0.6464388680359021,19893.4914874527
210.45,0.4467413710407208,0.6015127021800338,0.3470680526605914,0.15477133113931302,48182.49327104601,1.1175862092004067,0.31740478577599784,0.6708448381596859,17910.364094845703
210.5,0.437789334841634,0.6185845522043775,0.33568966372260123,0.18079521736274345,45075.02013207724,1.1330113007458336,0.29945993704066015,0.6952219659041996,15942.44513642598
210.55,0.428837298642537,0.6350700986529351,0.32361702603821374,0.20623280001039807,41891.191816727165,1.1475183210066846,0.28068222305067053,0.7186810223641475,14005.779615407353
210.6,0.419885262443445,0.6509348082604658,0.3108575256764036,0.2310495458170208,38652.96050786238,1.1610656850178482,0.26107426200851924,0.7411804225744032,12117.292494807636
210.65,0.409375400900907,0.6661445491492697,0.2974198175849602,0.25676914824836267,35383.41915690841,1.1736119811499965,0.24064035964844047,0.7642365802490896,10294.71692297436
210.7,0.3963238243243205,0.6806656522748443,0.2833137503766828,0.2843418279505238,32106.67246100054,1.1851160542160015,0.2193864628755272,0.788792229891681,8556.519127650681
210.75,0.383272247747756,0.6944649699143587,0.2685503247390269,0.3111927221666027,28847.71076697472,1.1955370870380841,0.1973201464028065,0.8122648392903282,6921.820475808889
210.8,0.370220671171177,0.7075099330595699,0.25314169170793255,0.33728926188839287,25632.28643230159,1.2048346823632003,0.17445064093396573,0.8346140111920233,5410.315755070478
210.85,0.357169094594606,0.7197686097059892,0.23710118917323306,0.3625995151113832,22486.789562944497,1.2129689472595209,0.1507889034871958,0.8557998526649149,4042.185495977041
210.9,0.340532325791866,0.7312097657610447,0.22044340856063097,0.3906774399691787,19438.118551131705,1.2199005819581104,0.12634772353050258,0.8793682561662444,2837.9995095716117
210.95,0.3236667149321244,0.7418029297734074,0.20318427817727586,0.41813621484128305,16513.54035936825,1.2255909746509086,0.1011418523506914,0.9019242597187842,1818.6087638984993
211.0,0.306801104072412,0.7515184618903951,0.18534114632425475,0.44471735781798305,13740.536208315523,1.2300023029828426,0.07518813868450272,0.9232011989104306,1005.0233242382249
211.05,0.289935493212679,0.7603276266072204,0.16693284695496186,0.47039213339454145,11146.630156995487,1.2330976421034372,0.048505652303569666,0.9431621488907582,418.27525429240774
211.1,0.271445972972991,0.7682026680370628,0.1479797329194607,0.49675669506407183,8759.200541965969,1.2348410782308499,0.021115778609889568,0.9633951052578589,79.26686334255463
211.15,0.251457459459471,0.775116885837492,0.12850366813239253,0.523659426378021,6605.27708939203,1.2351978259725092,-0.006957726986966634,0.9837403665130382,8.606215968918008
211.2,0.2314689459459396,0.7810447096616591,0.10852797660968042,0.5495757637157195,4711.328682796536,1.2341343472447677,-0.03568872971858487,1.002665401298828,226.43296514243605
211.25,0.211480432432442,0.7859617700753758,0.08807735357043892,0.5744813376429339,3103.0480847888434,1.231618469572806,-0.06504874847271916,1.020138037140364,752.2381649541481
211.3,0.19127913936652,0.789844964299456,0.06717774934467771,0.5985658249329361,1805.1400028065386,1.2276195018567975,-0.09500702238708378,1.0363403624902774,1604.681653841749
211.35,0.168630881447976,0.7926725157915012,0.04585624231154005,0.6240416343435252,841.1179835738703,1.2221083462671778,-0.12553059592807306,1.0534774648192018,2801.409869165716
211.4,0.145982623529419,0.7944240275840632,0.024140918750697432,0.6484414040546442,233.11358325110993,1.2150576058024642,-0.15658440472384844,1.0690749822730452,4358.875698261683
211.45,0.1233343656108501,0.7950805301212952,0.0020607755355093044,0.6717461645104451,1.6987183231014642,1.2064416878829716,-0.18813134551029712,1.0831073222721215,6292.16056240263
211.5,0.100686107692319,0.7946245250650685,-0.020354342613351548,0.6939384173727495,165.71970528867948,1.1962369051360768,-0.22013231709514877,1.095550797443758,8614.797694165178
211.55,0.0769011878378448,0.7930400269459934,-0.043073766107676055,0.7161388391081486,742.139730679513,1.184421575010683,-0.2525462254738142,1.1075203871728383,11338.594844634776
211.6,0.052530714864881,0.7903126046516159,-0.06606598492777212,0.7377818897867349,1745.885745790645,1.1709761200577258,-0.28532995274898415,1.1184454051928447,14473.454566353339
211.65,0.0281602418919034,0.7864294244863083,-0.089298603289447,0.7582691825944049,3189.6962197784137,1.155883170523695,-0.3184382975459262,1.1277229286317916,18027.19099447961
211.7,0.0037897689189117,0.7813792959535866,-0.11273827872481179,0.7775895270346749,5083.96779593334,1.139127670355457,-0.35182390082492987,1.1353379014365452,22005.34350074135
211.75,-0.0208397420814311,0.7751527206050062,-0.13635066351733144,0.7959924626864373,7436.601376646615,1.1206969868982295,-0.3854371757237946,1.1415367289796605,26410.989587544056
211.8,-0.0463876606334727,0.7677419433942365,-0.1601003653304639,0.8141296040277092,10252.850791579203,1.1005810236032876,-0.4192262599458646,1.1469686842367603,31244.561249457358
211.85,-0.0719355791854998,0.7591410052243889,-0.18395094111213647,0.8310765844098886,13535.17949441628,1.078772334207481,-0.4531370072172949,1.150707913392981,36503.67063286165
211.9,-0.0974834977375414,0.7493457947563698,-0.2078649334290073,0.8468292924939111,17283.132219778254,1.0552662360904683,-0.4871130299018179,1.1527497338280097,42182.95180446743
211.95,-0.1230314162895975,0.7383540972842454,-0.23180395145871663,0.8613855135738429,21493.228764750023,1.0300609201038036,-0.5210957979948039,1.1530923363934011,48273.92545561626
212.0,-0.148658837837821,0.726165638531864,-0.2557287914253098,0.874824476369685,26158.885905539842,1.003157554071465,-0.5550247919315692,1.151816391909286,54764.892383765626
212.05,-0.174306135135126,0.7127821216891392,-0.27959958433340426,0.8870882568242653,31270.371023764976,0.97456037751073,-0.5888376989520249,1.148866512645856,61640.85968126497
212.1,-0.199953432432417,0.6982072566989199,-0.30337595538814127,0.898160689131337,36814.788123066995,0.9442767857449652,-0.6224706382891846,1.1442302181773822,68883.50142793688
212.15,-0.225600729729723,0.6824467816442437,-0.32701717777037365,0.9080475113739667,42776.09382276006,0.912317402402478,-0.6558583976184456,1.1379181321322012,76471.15337362401
212.2,-0.2510512443439062,0.6655084769178968,-0.3504823053994754,0.9165597212618031,49135.13855925245,0.8786961401660639,-0.688934664125408,1.1297473845099701,84378.83936597135
212.25,-0.276151923076914,0.6474021735349489,-0.3737302727970203,0.9235540966118629,55869.72672197409,0.8434302504017698,-0.7216322362198958,1.1195821734786837,92578.32610697378
212.3,-0.301252601809951,0.6281397574037856,-0.3967199568969426,0.9293923592137365,62954.6896801248,0.8065403628683822,-0.7538832081676122,1.107792964678333,101038.2029434829
212.35,-0.326353280542974,0.6077351714195428,-0.41941020311416477,0.9340884519625168,70361.96739050598,0.7680505168891968,-0.7856191273269585,1.0944037974321708,109723.984572795
212.4,-0.351453959276011,0.5862044169720657,-0.44175982495541977,0.9376583762480767,78060.69717785725,0.7279881852206211,-0.8167711309669503,1.0794421444966322,118598.2365121833
212.45,-0.3750908603603713,0.563565555839772,-0.4637275913155687,0.9386564162001433,86017.31157893562,0.6863842913316996,-0.8472700751431891,1.061475151692071,127620.7253747814
212.5,-0.398634328828818,0.5398387126890442,-0.48527221795659725,0.9384730415178621,94195.65020820609,0.6432732201213838,-0.8770466712271039,1.0419075489502019,136748.59795743
212.55,-0.422177797297291,0.5150460775299879,-0.5063523803306491,0.9372238748272789,102557.09322660574,0.5986928212566682,-0.906031647136944,1.020870618553959,145936.59477576602
212.6,-0.44572126576575,0.48921190670239606,-0.5269267613863009,0.934933172468146,111060.72474602227,0.552684403526936,-0.9341559474116393,0.998405669292686,155137.3038372511
212.65,-0.46813134841628,0.46236252041554265,-0.5469541423155669,0.9304938688318227,119663.53351846297,0.5052927180254134,-0.9613509808926364,0.9734240664416934,164301.45928235273
212.7,-0.4894080452488751,0.434526294652617,-0.5663935365827724,0.9239343399014921,128320.65531309611,0.4565659277159804,-0.9875489170717718,0.9459739729648555,173378.2868639341
212.75,-0.510684742081435,0.4057336454129203,-0.5852043609486783,0.9164183874943552,136985.65762934042,0.4065555610809375,-1.0126830250409653,0.9172403031623725,182315.89496997694
212.8,-0.531961438914019,0.37601700372688535,-0.6033466308489676,0.9079784426409043,145610.86278272013,0.3553164480151391,-1.0366880418189468,0.8872778869291582,191061.705964516
212.85,-0.552982414414401,0.34541078064246894,-0.6207811634098895,0.89839319505687,154147.7011378144,0.3029066369500298,-1.0595005517150506,0.8558890513644308,199562.91894835496
212.9,-0.571062594594584,0.31395132224803945,-0.6374697697905674,0.8850139168426234,162547.08295873555,0.24938729316563332,-1.081059355731014,0.8204498877602173,207766.99210907647
212.95,-0.5891427747747783,0.28167685570703405,-0.653375420142388,0.8708196304818123,170759.7758584968,0.19482257931811264,-1.1013058106386322,0.7839653540928909,215622.13129714044
213.0,-0.607222954954941,0.24862742797787585,-0.6684623698073925,0.8558503829328169,178736.77593940607,0.13927952010900108,-1.1201841220603246,0.7465024750639422,223077.77196729957
213.05,-0.625303135135125,0.21484483931638026,-0.682696241616453,0.8401479744515052,186429.66332689216,0.08282785366843855,-1.1376415818803778,0.7081309888035636,230085.04334636236
213.1,-0.641080705882341,0.18037257373540716,-0.6960440661311647,0.8214532796177482,193790.93679856206,0.025539872525373666,-1.1536287475133349,0.6666205784077147,236597.20659363302
213.15,-0.655563058823522,0.14525572833936692,-0.7084742883614978,0.8008187871628889,200774.32690773232,-0.03250974301780794,-1.1680995678769515,0.623053315805714,242570.06230654594
213.2,-0.6700454117647112,0.10954094286618973,-0.719956755534105,0.779586354630901,207335.091935678,-0.09124409671287415,-1.181011467941383,0.5788013150518371,247962.32665049963
213.25,-0.684527764705877,0.07327632995943616,-0.730462702813031,0.7578040946653131,213430.30408036744,-0.15058425170619322,-1.192325407237263,0.5339435129996837,252735.97808773426
213.3,-0.698080536036035,0.03651140586049732,-0.7399647533799364,0.7345919418965323,219019.13449785204,-0.2104494084892541,-1.2020059283895632,0.48763112754678095,256856.57811264994
213.35,-0.708337518018013,-0.0007029795490905155,-0.7484369459588049,0.7076345384689225,224063.14483045726,-0.2707570853261805,-1.2100212094548062,0.43758043269183255,260293.569303195
213.4,-0.718594499999997,-0.038314714936726085,-0.7558547973528075,0.6802797850632709,228526.58987250147,-0.33142330159086897,-1.2163431290468765,0.38717119840912806,263020.55245858605
213.45,-0.7288514819819869,-0.07627050374522701,-0.7621954008390004,0.6525809782367599,232376.7316240498,-0.39236276475248033,-1.2209473468794483,0.3364887172295066,265015.54201812693
213.5,-0.739108463963959,-0.1145159461127647,-0.767437553944871,0.6245925178511943,235584.15968195474,-0.45348906168781633,-1.2238133949949748,0.2856194022761427,266261.1956922891
213.55,-0.745813294117646,-0.1529956276611506,-0.7715619027986169,0.5928176664564954,238123.10794008896,-0.5147148545972132,-1.2249247682481175,0.23109843952043274,266745.0111764808
213.6,-0.7515162352941173,-0.19165321556875595,-0.7745510863423111,0.5598630197253613,239971.7541416217,-0.5759520810962901,-1.2242689981062083,0.17556415419782712,266459.4808398185
213.65,-0.757219176470586,-0.23043156149426738,-0.7763898635064854,0.5267876149763187,241112.48806224763,-0.6371121572281069,-1.2218376929912438,0.12010701924247913,265402.1952025182
213.7,-0.7629221176470602,-0.2692728101071574,-0.7770652079977359,0.49364930753990277,241532.13499222582,-0.6981061813221248,-1.2176265294035944,0.06481593632493543,263575.887130212
213.75,-0.766862594594594,-0.3081185113039539,-0.776566359716519,0.45874408329064015,241222.12441734638,-0.7588451359200319,-1.211635182123628,0.008017458674562161,260988.41147729018
213.8,-0.767669801801802,-0.34690973381029994,-0.7748848287039416,0.42076006799150206,240178.59910221476,-0.8192400845728895,-1.2038671887142662,-0.05157028277108755,257652.6592111628
213.85,-0.7684770090090084,-0.3855871778516872,-0.77201435521021,0.38288983115732117,238402.4658602545,-0.8792023602724313,-1.1943297516759066,-0.11072535126342287,253586.40990901916
213.9,-0.769284216216216,-0.42409128493427095,-0.7679508361052018,0.34519293128194506,235899.3946698714,-0.9386437426444,-1.1830334890263972,-0.16935952642818397,248812.13087252813
213.95,-0.7700914234234207,-0.46236234340759047,-0.7626922325028088,0.30772908001583027,232679.77660804742,-0.9974766217148132,-1.1699921497562533,-0.22738519829139248,243356.73430955716
214.0,-0.766234552036202,-0.5003405893046088,-0.756238476167611,0.26589396273159327,228758.65313452412,-1.0556141469906715,-1.155222314433814,-0.2893795949544694,237251.30591392322
214.05,-0.761972108597287,-0.537966302830901,-0.7485913916007072,0.22400580576638607,224155.62863147334,-1.1129703616354845,-1.13874310162169,-0.3509982530381974,230530.81804284206
214.1,-0.7577096651583726,-0.5751799016482416,-0.7397546476784688,0.18252976351013095,218894.7755047582,-1.1694603225034041,-1.120575898564395,-0.4117506573450316,223233.83901216023
214.15,-0.75344722171946,-0.6119220326572966,-0.7297337464739557,0.14152518906216338,213004.5362971662,-1.2250002075979476,-1.1007441288300142,-0.4715529858784876,215402.24660511053
214.2,-0.7465882972972957,-0.6481336641646465,-0.7185360492796216,0.09845463313264924,206517.62164574667,-1.2795074129563873,-1.0792730619776765,-0.5329191156590916,207080.94974411902
214.25,-0.737132891891898,-0.6837561801588632,-0.7061708333463305,0.05337671173303482,199470.89834762033,-1.3329006410439561,-1.0561896633901682,-0.5957677491520581,198317.6186759532
214.3,-0.72767748648649,-0.7187314779451252,-0.692649367105043,0.008946008541364847,191905.25830040663,-1.38509998247949,-1.0315224758713473,-0.6574224959930001,189162.4210182674
214.35,-0.7182220810810814,-0.7530020696698886,-0.6779849876748528,-0.034779988588807154,183865.45740498815,-1.436026992362675,-1.005301519610991,-0.7178049112815935,179667.7591701631
214.4,-0.70844612217195,-0.7865111874037001,-0.6621931627534106,-0.07806506523175005,175399.91391894597,-1.4856047617213537,-0.9775581942807048,-0.7771586395494037,169888.00412539594
214.45,-0.6936481583710336,-0.8192028906069161,-0.6452915222433907,-0.12555473223588254,166560.45947167696,-1.533757983810411,-0.948325169235819,-0.8401098254393774,159879.22250775908
214.5,-0.678850194570142,-0.8510221742068114,-0.6272998497083417,-0.17217197963666941,157402.04057764323,-1.5804130144081783,-0.9176362517744734,-0.9015628198380363,149698.89610145864
214.55,-0.664052230769234,-0.8819150751513213,-0.6082400303003942,-0.21786284438208725,147982.37378392977,-1.6254979248732955,-0.8855262295100109,-0.9614456941040614,139405.63611559407
214.6,-0.6492542669683237,-0.9118287753400541,-0.588135958834616,-0.26257450837173046,138361.56242972525,-1.6689425467288093,-0.8520306899195308,-1.0196882797604856,129058.89716706696
214.65,-0.631107972972981,-0.9407116991541297,-0.5670134180203653,-0.3096037261811486,128601.68648605501,-1.7106785068368728,-0.817185826769125,-1.0795705338638917,118718.69786174904
214.7,-0.6110782432432356,-0.9685136044770806,-0.5448999426681939,-0.357435361233845,118766.37900792038,-1.7506392528967822,-0.7810282495301957,-1.1395610096535467,108445.35583363584
214.75,-0.591048513513525,-0.9951856669459801,-0.5218246876666186,-0.40413715343245504,108920.40186334561,-1.7887600698789796,-0.7435948146103939,-1.1977115563654546,98299.24414497174
214.8,-0.571018783783791,-1.0206805580561247,-0.49781831664506715,-0.44966177427233367,99129.23055493133,-1.82497808896126,-0.7049224970435695,-1.253959305177469,88340.573660114
214.85,-0.5499746380090547,-1.0449525184819828,-0.472912923320868,-0.4949778804729281,89458.65321755566,-1.8592322913726227,-0.6650483168523948,-1.309257653363568,78629.20244412504
214.9,-0.524872828054312,-1.067957428447779,-0.44714199324526865,-0.5430846003934671,79974.38484934076,-1.8914635101368609,-0.624009330169447,-1.3665906820825489,69224.47006907056
214.95,-0.4997710180995417,-1.0896528772290075,-0.4205404062679638,-0.5898818591294658,70741.69332160962,-1.9216144330717568,-0.5818426876329905,-1.4218434149722152,60185.05122701898
215.0,-0.474669208144814,-1.1099982336474465,-0.39314447244492917,-0.6353290255026325,61825.03048560068,-1.9496296102768815,-0.5385857543563016,-1.4749604021320675,51568.82040809715
215.05,-0.449567398190057,-1.1289547189347706,-0.36499198783050246,-0.6793873207447136,53287.66047218466,-1.975455468912522,-0.49427627857206585,-1.5258880707224651,43432.71814383119
215.1,-0.4210504594594652,-1.1464854825220745,-0.33612229328011467,-0.7254350230626093,45191.27841595337,-1.9990403372588925,-0.44895259157474776,-1.5779898777994275,35832.6096856324
215.15,-0.391570279279292,-1.1625556805030346,-0.30657631967877075,-0.7709854012237426,37595.615915111935,-2.020334479181174,-0.4026538207311672,-1.628764199901882,28823.128773227898
215.2,-0.3620900990990862,-1.1771325556912793,-0.276396604528694,-0.8150424565921931,30558.033197996516,-2.0392901391895686,-0.3554200977991953,-1.6772000400904825,22457.50149681592
215.25,-0.33260991891893,-1.1901855175727714,-0.24562726991032494,-0.8575755986538414,24133.10228943985,-2.0558615975086187,-0.30729274911128057,-1.7232516785896888,16787.348205576607
215.3,-0.301903615384618,-1.201686220083711,-0.21431395738062922,-0.8997826046990931,18372.18893125846,-2.0700052340149275,-0.25831445931217834,-1.7681016186303096,11862.463980398763
215.35,-0.2688171900452452,-1.2116086351313307,-0.18250372450806696,-0.9427914450860855,13323.04378372656,-2.081679599693504,-0.20852940946856444,-1.8128624096482588,7730.580375699238
215.4,-0.23573076470589,-1.2199291202041256,-0.1502449136766976,-0.9841983554982356,9029.413634287324,-2.090845494507175,-0.15798339671813402,-1.8551147298012851,4437.111757973213
215.45,-0.2026443393664981,-1.226626479025097,-0.11758700808058059,-1.0239821396585989,5530.68178773701,-2.0974660510222813,-0.1067239475457899,-1.8948217116557833,2024.889063067825
215.5,-0.169557914027162,-1.231682015034107,-0.08458049104077216,-1.062124101006945,2861.5437858792557,-2.1015068238443684,-0.05480043877448259,-1.9319489098172065,533.8823270890338
215.55,-0.134572316216223,-1.2350795782457287,-0.05127672475428673,-1.1005072620295056,1051.7210006107528,-2.102935885593371,-0.0022642410284521297,-1.9683635693771482,0.9114288773201704
215.6,-0.099421572972973,-1.2368056068255868,-0.01772786142087031,-1.1373840338526138,125.71082822303272,-2.101723930892329,0.050831103158754734,-2.0023023579193557,459.34240859306055
215.65,-0.064270829729743,-1.2368491651556084,0.016013207715974823,-1.1725783354258654,102.56912854198224,-2.0978443902387154,0.10442966164453674,-2.033573560508972,1938.7651966564317
215.7,-0.0291200864864728,-1.2352019802925533,0.049892866764275394,-1.2060818938060804,995.7192615830945,-2.0912735557288524,0.15847285751524703,-2.0621534692423795,4464.648278941829
215.75,0.0064832266968124,-1.2318584784435085,0.08385676196944992,-1.238341705140321,2812.782611200393,-2.081990720272486,0.21289918680814457,-2.088473946969298,8057.966887745643
215.8,0.0425768239818879,-1.226815822525359,0.11784977396478197,-1.269392646507247,5555.42768942008,-2.069978331286554,0.26764392449032837,-2.112555155268442,12734.80361183726
215.85,0.0786704212669634,-1.2200739511227892,0.15181599280277996,-1.2987443723897525,9219.238268277495,-2.055222158963377,0.3226388393866474,-2.13389258023034,18505.923676580063
215.9,0.114764018552018,-1.2116356182442103,0.18569871354608797,-1.3263996367962283,13793.604885068813,-2.037711478095941,0.3778119403436704,-2.1524754966479587,25376.331069555406
215.95,0.150801310810821,-1.2015064324517482,0.2194404683082714,-1.3523077432625692,19261.647652541385,-2.017439261369494,0.4330872749822476,-2.168240572180315,33344.81560027537
216.0,0.185956490990968,-1.189694893251702,0.25298310426259674,-1.37565138424267,25600.180416935957,-1.994402381047292,0.4883847966926361,-2.18035887203826,42403.50393609023
216.05,0.221111671171155,-1.1762124223818617,0.28626791002293284,-1.3973240935530167,32779.72652355919,-1.9686018154152114,0.5436203085877359,-2.1897134865863666,52537.429317160044
216.1,0.256266851351341,-1.1610733876282264,0.3192357865563006,-1.4173402389795675,40764.59496728796,-1.9400428560344558,0.5987054866571944,-2.196309707385797,63724.135067276075
216.15,0.291422031531508,-1.1442951172018871,0.35182745188588,-1.435717148733395,49513.02236020448,-1.9087353119612849,0.6535479767715043,-2.200157343492793,75933.3258563781
216.2,0.3252366515837168,-1.1258979033438907,0.383983664279029,-1.4511345549276076,58977.38177326003,-1.874693707484354,0.7080515546114,-2.1999303590680706,89126.57848668807
216.25,0.35822963800903,-1.1059049946900266,0.41564544575908813,-1.4641346326990565,69104.45463210842,-1.8379374706057692,0.762116333501996,-2.1961671086147994,103257.12102942678
216.3,0.39122262443438,-1.0843425777977518,0.44675428979223186,-1.4755652022321317,79835.7581791046,-1.7984911102370746,0.8156390058819799,-2.1897137346714546,118269.68674064791
216.35,0.4242156108597303,-1.0612397489555332,0.4772523405674846,-1.4854553598152636,91107.91863085693,-1.7563843807342367,0.8685131065870394,-2.180599991593967,134100.4473446169
216.4,0.456405248868773,-1.0366284778879018,0.5070825376317257,-1.493033726756675,102853.07998841222,-1.7116524328738845,0.9206292915914128,-2.1680576817426576,150677.02978419673
216.45,0.4853814932126865,-1.0105435650968253,0.5361887261903905,-1.4959250583095118,114999.34003746942,-1.6643359505210789,0.971875631860013,-2.149717443733765,167918.62112058658
216.5,0.514357737556551,-0.9830225944157372,0.5645157402557498,-1.4973803319722883,127471.20839859887,-1.614481272115148,1.0221379285778183,-2.128839009671699,185736.16800664057
216.55,0.543333981900449,-0.9541058818132552,0.5920094718548231,-1.497439863713704,140190.08590633064,-1.562140495606806,1.0713000620776387,-2.105474477507255,204032.67964578714
216.6,0.5723102262443439,-0.923836420757253,0.6186169422182909,-1.496146647001597,153074.76847980332,-1.5073715647948687,1.1192443896255344,-2.0796817910392127,222703.64510368623
216.65,0.596775905405399,-0.892259823627269,0.6442863910467203,-1.489035729032668,166041.98147520292,-1.4502383342232852,1.1658522074989217,-2.0470142396286843,241637.5768409082
216.7,0.6199693738738852,-0.8594242579350952,0.6689673966331534,-1.4793936318089804,179006.9511032555,-1.390810609105678,1.2110042893665125,-2.010779982979563,260716.69135361633
216.75,0.643162842342331,-0.8253803755830857,0.6926110351763487,-1.4685432179254168,191884.01841922133,-1.3291641562620466,1.2545815081061475,-1.9723269986043777,279817.73519678146
216.8,0.666356310810804,-0.7901812331351242,0.7151700803043416,-1.4565375439459283,204587.29750500736,-1.2653806818760873,1.2964655400723542,-1.9317369926868913,298812.9593946846
216.85,0.6871803468468453,-0.7538822012348281,0.7365992360914397,-1.4410625480816734,217031.37384419705,-1.1995477721710919,1.3365396418452546,-1.886728119017937,317571.2380842385
216.9,0.703404896396389,-0.7165408617914468,0.7568553906948625,-1.4199457581878359,229132.0329695492,-1.1317587937888576,1.3746894817717272,-1.8351636901852466,335959.31934112357
216.95,0.7196294459459502,-0.6782168923236535,0.7758978734551859,-1.3978463382696038,240807.00401291187,-1.0621127517101905,1.4108040025659219,-1.7817421976561407,353843.1882055157
217.0,0.735853995495485,-0.638971937746456,0.7936886970442996,-1.374825933241941,251976.6991263512,-0.9907141038237388,1.4447762882225907,-1.7265680993192238,371089.5152018216
217.05,0.752078545045037,-0.598869470801936,0.8101927668072174,-1.3509480158469729,262564.92775469366,-0.9176725326221513,1.4765044074942621,-1.6697510776671884,387567.15828444134
217.1,0.7616055248868749,-0.5579746431362044,0.8253780440469684,-1.3195801680230792,272499.56623791973,-0.8431026758328783,1.5058922095903329,-1.6047082007197533,403148.6838941964
217.15,0.770388330316737,-0.5163541295221649,0.8392156561561502,-1.286742459838902,281713.16701503913,-0.76712381886122,1.532850053264561,-1.537512149177957,417711.87302989647
217.2,0.779171135746608,-0.4740759679073895,0.8516799545727792,-1.2532471036539974,290143.4980084365,-0.6898595526938118,1.5572954584764276,-1.4690306884404198,431141.1813317879
217.25,0.787953941176464,-0.4312093977113145,0.8627485282934426,-1.2191633388877785,297734.0092290005,-0.61143740123289,1.579153677155489,-1.399391342409354,443329.12641310267
217.3,0.793338628959275,-0.38782469831486177,0.8724021851893511,-1.1811633272741369,304434.2290892619,-0.531988422085994,1.5983581851731028,-1.325327051045269,454177.5801084186
217.35,0.795042022624434,-0.34399302894825984,0.880624917562634,-1.139035051572694,310200.0981728783,-0.45164678457013036,1.6148511032865913,-1.2466888071945643,463598.9485841638
217.4,0.796745416289592,-0.29978627034086763,0.8874038687410095,-1.0965316866304595,314994.25050260435,-0.3705493282393374,1.6285835568706557,-1.1672947445289292,471517.22697057354
217.45,0.7984488099547508,-0.2552768677117086,0.8927293147509556,-1.0537256776664594,318786.25176628435,-0.28883510476544655,1.6395159832110906,-1.0872839147201974,477868.9171919341
217.5,0.799790770270274,-0.2105376741228171,0.8965946686554839,-1.010328444393091,321552.79994457477,-0.20664490566832372,1.647618390249973,-1.0064356759385977,482603.7973137622
217.55,0.795470274774777,-0.16564179300354484,0.8989965094180717,-0.9611120677783219,323277.8895783508,-0.12412077832922314,1.6528705662469605,-0.9195910531040001,485685.5304472085
217.6,0.7911497792792805,-0.12066241870471761,0.8999346300964912,-0.9118121979839982,323952.9353787634,-0.04140553286394337,1.6552622338171428,-0.8325553121432239,487092.1000357898
217.65,0.786829283783786,-0.07567267439314115,0.8994120941103764,-0.8625019581769272,323576.846012805,0.041357757068359396,1.6547931364915391,-0.7454715267154266,486816.0577030232
217.7,0.7825087882882847,-0.030745447240962592,0.8974352840785832,-0.8132542355292474,322156.03564368293,0.12402625578632262,1.6514730422914468,-0.6584825325019621,484864.5705627319
217.75,0.775101837837842,0.014046778266171907,0.8940139256239057,-0.7610550595716701,319704.3596837866,0.2064578648454412,1.645321647186309,-0.5686439729924009,481259.2573688656
217.8,0.765803189189192,0.058632087273588145,0.8891610715918068,-0.7071711019156038,316242.9644937161,0.2885117146756449,1.6363683649294067,-0.4772914745135471,476035.8090207538
217.85,0.7565045405405417,0.10293929949856895,0.8828930365202827,-0.6535652410419728,311800.0455744021,0.3700486426812122,1.6246519949295224,-0.38645589785932954,469243.3963783959
217.9,0.747205891891896,0.14689812955332604,0.8752292773739637,-0.60030776233857,306410.51518902025,0.45093165164416676,1.6102202670251375,-0.29627424024772925,460943.8770379565
217.95,0.7371279502262402,0.1904393399996586,0.8661922229818104,-0.5466886102265817,300115.58686166815,0.5310263424106603,1.5931292697515307,-0.20610160781557996,451210.82135805255
218.0,0.723499895927611,0.2334948847961374,0.8558070629128377,-0.4900050111314736,292962.29157259915,0.6102013153956172,1.573442778504896,-0.11329858053199382,440128.38706297014
218.05,0.709871841628965,0.2759980415131424,0.8441015119922367,-0.4338738001158226,285002.94501903205,0.6883285364808357,1.55123150716021,-0.0215433051481293,427790.07801005105
218.1,0.6962437873303192,0.3178835315427794,0.8311055688865466,-0.37836025578753985,276294.5866536921,0.7652836641418601,1.526572310528619,0.06903987681154089,414297.4256484776
218.15,0.682615733031682,0.3590876284796626,0.8168512869441604,-0.3235281045520194,266898.40999293246,0.8409463360720077,1.4995473661960657,0.15833060304032576,399758.6317272102
218.2,0.665968312217191,0.39954825566902863,0.8013725723068928,-0.26642005654816237,256879.19985830647,0.915200414936733,1.4702433620989983,0.249232102719542,384287.2077859851
218.25,0.648367407239832,0.4392050745716082,0.7847050195066824,-0.20916233266822382,246304.7870555931,0.9879341941260963,1.4387507118861766,0.3395667868862643,368000.64194719645
218.3,0.630766502262452,0.47799956592253334,0.7668857875427503,-0.15276693633991867,235245.52445402573,1.0590405652927708,1.4051628127994746,0.4282740630303188,351019.1165288056
218.35,0.6131655972850724,0.515875105625948,0.7479535117970423,-0.0972904916591244,223773.7823238113,1.128417149999558,1.36957535248644,0.5152515527144855,333464.2926468189
218.4,0.594325072072085,0.5527770369119259,0.727948240308579,-0.041548035160159036,211963.45622734266,1.1959663979097412,1.3320856631112008,0.6016413258376563,315458.17135402805
218.45,0.5730782252252199,0.58865273961388,0.7069113799320691,0.015574514388660088,199889.47963098483,1.26159565373929,1.292792116567032,0.6885174285140702,297122.03673917626
218.5,0.55183137837839,0.6234516966746669,0.6848856366317925,0.07162031829627691,187627.33410581428,1.3252171948112008,1.251793551600076,0.7733858164328108,278575.48370267235
218.55,0.530584531531537,0.6571255572046828,0.6619149352299879,0.12654102567314585,175252.55259220762,1.3867482405515983,1.2091887229896532,0.8561637090200613,259935.53205428412
218.6,0.5093376846846812,0.6896281947803945,0.638044307864993,0.18029051009571329,162840.21551956717,1.4461109348340013,1.1650757653207386,0.9367732501493201,241315.82914448084
218.65,0.485096823529418,0.72091575928565,0.6133197475119204,0.23581893575623197,150464.44507523434,1.5032323018235358,1.1195516697446213,1.0181354782941179,222825.9451071946
218.7,0.460523294117634,0.7509467206237342,0.5877880302731456,0.29042342650610026,138197.90741295373,1.5580441760788022,1.0727117786705098,1.0975208819611681,204570.76623972424
218.75,0.435949764705892,0.779681902955505,0.5614965164120197,0.343732138249613,126111.3351771334,1.6104831080456397,1.0246493091504798,1.1745333433397476,186649.99230978766
218.8,0.411376235294123,0.8070845087654248,0.5344929449931306,0.39570827347130183,114273.0832989719,1.660490246758989,0.9754549204937286,1.249114011464866,169157.7425627425
218.85,0.3857385405405408,0.833120132849443,0.5068252390354606,0.4473815923089022,102748.72916934073,1.7080112023957357,0.9252163437429376,1.322272661855195,152182.27248516437
218.9,0.35894800000001,0.8577567671913401,0.47854133862585596,0.4988087671913301,91600.72510953045,1.7529958922332693,0.8740180913006089,1.3940478922332593,135805.79980813502
218.95,0.3321574594594498,0.8809647984940482,0.44968907569840194,0.5488073390345984,80888.10592099323,1.7953983744116986,0.8219412612715838,1.4632409149522487,120104.43324101726
219.0,0.305366918918934,0.9027170006643351,0.4203160981454997,0.5973500817454012,70666.24894410293,1.8351766744679467,0.7690634448163784,1.5298097555490127,105148.19238272618
219.05,0.278516823529422,0.9229885247524788,0.39046984303796595,0.6444717012230569,60986.6793288375,1.8722926098325705,0.7154587363824456,1.5937757863031485,91001.10283839391
219.1,0.2502374117647109,0.9417568886526814,0.36019755260991787,0.6915194768879704,51896.910762469815,1.9067116172679925,0.6611978396848469,1.6564742055032817,77721.3481251393
219.15,0.221958000000015,0.9590019684311132,0.329546320550435,0.7370439684310982,43440.31095533202,1.9384025877226028,0.6063482551134483,1.7164445877225878,65361.45892962193
219.2,0.1936785882352869,0.9747059923660396,0.29856315144160916,0.7810274041307527,35655.982159498104,1.967337712168001,0.5509745282657847,1.773659123932714,53968.52103070294
219.25,0.165399176470607,0.9888535379137737,0.2672950152437222,0.8234543614431667,28578.65006965667,1.993492340927288,0.4951385371162235,1.828093164456681,43584.38594446113
219.3,0.136957208558572,1.0014315309199968,0.23578888042574248,0.8644743223614249,22238.558452970035,2.016844857859898,0.4388997959199713,1.8798876493013261,34245.87215263866
219.35,0.1084156094594677,1.0124292457138495,0.20409171483975339,0.9040136362543818,16661.371226492487,2.0373765697903097,0.38231575867446543,1.928960960330842,25984.94921437015
219.4,0.0798740103603793,1.0218383043210324,0.17225044931142805,0.9419642939606531,11868.086915195538,2.0550716108420337,0.3254421104645611,1.9751976004816545,18828.90084686713
219.45,0.0513324112612586,1.0296526729546858,0.14031190621706058,0.9783202616934271,7874.972410506081,2.0699168609282554,0.2683330423786223,2.0185844496669967,12800.466067940893
219.5,0.0228601312217427,1.035868654226827,0.108322701394964,1.0130085230050843,4693.523055001015,2.0819018776159,0.21104151224069784,2.0590417463941573,7917.959091349443
219.55,-0.0052963619909364,1.0404848740722805,0.07632913371589417,1.0457812360632168,2330.454661527541,2.0910188408423003,0.15361950016161097,2.0963152028332366,4195.369036427234
219.6,-0.0334528552036158,1.043502263199343,0.04437707901628165,1.0769551184029587,787.730056806922,2.097262510544477,0.09611827128974362,2.130715365748093,1642.4394801295562
219.65,-0.061609348416279,1.0449240336692986,0.012511903874778234,1.1065333820855776,62.61909542867623,2.1006301978570745,0.0385886578728265,2.1622395462733537,264.7261362535208
219.7,-0.0897658416289736,1.0447556519319825,-0.0192215885476544,1.134521493560956,147.7877865181275,2.1011217511127684,-0.018918629710116583,2.190887592741742,63.629253352623266
219.75,-0.116778700900891,1.0430048100997458,-0.05077917413325005,1.1597835110006367,1031.4098102619726,2.0987395582196866,-0.07635265855155823,2.2155182591205778,1036.3961720694824
219.8,-0.143430412612608,1.0396813974220211,-0.08211718485904176,1.1831118100346292,2697.2928196696153,2.0934885670712378,-0.1336618973595879,2.236918979683846,3176.089387691557
219.85,-0.1700821243243241,1.0347974737248173,-0.11319245498396842,1.2048795980491414,5125.012746119087,2.0853763253433235,-0.1907938190733594,2.2554584496676475,6471.516692728499
219.9,-0.196733836036026,1.0283672460419178,-0.1439622497073972,1.2251010820779438,8290.051736325995,2.0744130403711183,-0.24769449811914285,2.271146876407144,10907.122559732277
219.95,-0.2227015610859819,1.0204070488975625,-0.1743841935381289,1.2431086099835444,12163.938782377438,2.0606116588691057,-0.3043082231954858,2.2833132199550876,16462.843503003307
220.0,-0.247215814479625,1.010935327805387,-0.20441621585085223,1.258151142285012,16714.395721112884,2.043987965158528,-0.3605771475862235,2.291203779638153,23113.93410869639
220.05,-0.271730067873295,0.9999726247354785,-0.23401652898431427,1.2717026926087736,21905.494335146563,2.0245606955085447,-0.4164409975974692,2.2962907633818395,30830.7741297734
220.1,-0.2962443212669649,0.9875415636208711,-0.2631436496550166,1.283785884887836,27697.83214150484,2.0023516652417928,-0.47183685559581945,2.2985959865087575,39578.66991974225
220.15,-0.320758574660622,0.9736668336168579,-0.2917564675628143,1.29442540827748,34048.73454589261,1.9773859046089628,-0.526699027274281,2.2981444792695847,49317.66494785312
220.2,-0.3424582432432491,0.9583751678052772,-0.31981435768953304,1.3008334110485262,40912.489353747435,1.9496917991361837,-0.5809589950057993,2.2921500423794328,60002.37402278192
220.25,-0.363845180180166,0.9416953154025111,-0.3472773256782498,1.305540495582677,48240.616372094875,1.9193012302668937,-0.634545451195871,2.28314641044706,71581.85415704382
220.3,-0.385232117117107,0.9236580061770958,-0.3741061714030911,1.3088901232942027,55982.17099275159,1.886249712568867,-0.6873844001053101,2.2714818296859742,83999.5224014466
220.35,-0.4066190540540472,0.9042959065965062,-0.4002626532251161,1.3109149606505532,64084.07662672382,1.8505765244558587,-0.7393993126528133,2.257195578509906,97193.1277424805
220.4,-0.426329045248857,0.8836435681060709,-0.4257096359682223,1.3099726133549279,72491.47766247854,1.8123248301909747,-0.7905113178567983,2.2386538754398315,111094.78109505634
220.45,-0.4440704479638031,0.8617373687068268,-0.45041120911444726,1.30580781667063,81148.10291837534,1.771541791703376,-0.8406394167991542,2.215612239667179,125631.04516914171
220.5,-0.461811850678719,0.838615449540309,-0.4743327678369364,1.3004273002190279,89996.6298575396,1.7282786693477508,-0.8897007101352667,2.1900905200264695,140723.0850871463
220.55,-0.479553253393655,0.8143176483678419,-0.49744105663959937,1.2938709017614969,98979.04193228844,1.6825909110119133,-0.9376106367197486,2.1621441644055683,156286.8810826689
220.6,-0.4971243243243196,0.7888854316850985,-0.5197041819237566,1.2860097560094181,108036.97468361641,1.6345382289489505,-0.9842832272075335,2.1316625532732703,172233.5060199248
220.65,-0.510607432432424,0.7623618267372527,-0.5410916057806218,1.2729692591696766,117112.05033850072,1.5841846633579042,-1.0296313825108476,2.094792095790328,188469.47268465767
220.7,-0.5240905405405437,0.7347913539907722,-0.5615741366027698,1.2588818945313158,126146.20436045853,1.5315986311434329,-1.073567190510763,2.0556891716839765,204897.15778509746
220.75,-0.537573648648641,0.7062199598043272,-0.581123933248219,1.2437936084529682,135082.0103175522,1.4768529575745881,-1.1160022958138414,2.014426606223229,221415.31097986927
220.8,-0.551056756756753,0.6766949482459389,-0.5997145368187178,1.2277517050026918,143863.0102686757,1.420024887860452,-1.1568483348037517,1.971081644617205,237919.656842349
220.85,-0.5619903619909502,0.6462649104385211,-0.6173209387201806,1.2082552724294713,152434.056552946,1.361196075188741,-1.1960174426783479,1.9231864371796914,254303.59523392978
220.9,-0.571224298642531,0.6149796495311458,-0.6339196873002487,1.1862039481736768,160741.66797873806,1.3004525415989487,-1.2334228322717606,1.8716768402414798,270459.0014523185
220.95,-0.5804582352941212,0.5828900994582078,-0.6494890284249448,1.163348334752329,168734.39921775152,1.2378846082721504,-1.2689794366318314,1.8183428435662716,286277.1218834561
221.0,-0.589692171945697,0.5500482360429612,-0.6640090687094281,1.1397404079886582,176363.21733134481,1.1735867924126173,-1.302604599465841,1.7632789643583142,301649.55423103366
221.05,-0.598179689189188,0.5165069797134777,-0.6774619448025396,1.1146866689026655,183581.8746622557,1.1076576688732638,-1.334218790821519,1.7058373580624517,316469.29453888646
221.1,-0.6032668513513509,0.48232008998191195,-0.6898319807130181,1.0855869413332628,190347.2646457783,1.040199695898315,-1.3637463224970519,1.6434665472496661,330631.82793319697
221.15,-0.608354013513511,0.44754205271536257,-0.7011058161774781,1.0558960662288737,196619.7461911551,0.9713190056418227,-1.3911160374041596,1.5796730191553339,344036.2363596535
221.2,-0.6134411756756769,0.4122279619997039,-0.7112724929988722,1.0256691376753808,202363.42371873226,0.9011251613579999,-1.4162619500889462,1.5145663370336768,356586.2953368435
221.25,-0.618528337837835,0.3764333988980326,-0.7203234922132734,0.9949617367358676,207546.3733737303,0.8297308841592954,-1.4391238210936512,1.4482592219971304,368191.53287807846
221.3,-0.620785710407239,0.3402143096011784,-0.7282527219244278,0.9610000200084173,212140.8107961352,0.7572517529426519,-1.4596476549183075,1.3780374633498909,378768.226934847
221.35,-0.6220488325791856,0.30362688527891124,-0.7350564631719597,0.9256757178580969,216123.2016203482,0.683805881385137,-1.477786119536768,1.3058547139643226,388240.32268365135
221.4,-0.623311954751131,0.26672744541873905,-0.740733287169832,0.89003940016987,219474.3210885699,0.6095135758317637,-1.4934988925510368,1.2328255305828946,396540.2563646531
221.45,-0.6245750769230761,0.22957232567423896,-0.7452839604367741,0.854147402597315,222179.27267372923,0.5344969775092802,-1.506752943763783,1.1590720544323563,403609.67707392457
221.5,-0.624676090090092,0.19221777041097282,-0.7487113543584517,0.8168938605010647,224227.47685810682,0.4588796919615921,-1.5175227656291295,1.0835557820516841,409400.0611915879
221.55,-0.622307621621623,0.15471982934820933,-0.7510203739675105,0.7770274509698323,225612.64084571975,0.38278640802509983,-1.5257905629354493,1.0050940296467228,413873.2163454001
221.6,-0.6199391531531536,0.11713425705934788,-0.7522179158149365,0.7370734102125015,226332.71714918673,0.3063425081604034,-1.5315464096453006,0.926281661313557,417001.671981762
221.65,-0.617570684684685,0.07951641377692303,-0.7523128578164101,0.697087098461608,226389.85441435763,0.22967367170648106,-1.5347883750012945,0.847244356391166,418768.95218473143
221.7,-0.6152022162162128,0.04192116598427151,-0.7513160765360577,0.6571233822004844,225790.33874461413,0.1529054726763371,-1.5355226144092478,0.76810768889255,419169.72433105984
221.75,-0.609779954751133,0.004402785670649362,-0.7492404813092783,0.6141827404217823,224544.51953302362,0.07616297409199561,-1.5337634150378938,0.6859429288431286,418209.81569932494
221.8,-0.603941266968327,-0.032985152237309634,-0.746101050278104,0.5709561147310174,222666.71089043596,-0.00042967854141574835,-1.5295331820113782,0.6035115884269112,415906.0897553515
221.85,-0.5981025791855197,-0.07018987394215756,-0.7419148516673341,0.5279127052433621,220175.05884982494,-0.07674966125384684,-1.522862349467788,0.5213529179316728,412286.17518694245
221.9,-0.592263891402717,-0.10715951120684564,-0.7367010346553576,0.4851043801958713,217091.3657849098,-0.15267586899588867,-1.5137892019693242,0.43958802240682826,407388.04408869747
221.95,-0.5849871621621578,-0.14384320430579575,-0.7304807778915633,0.44114395785636207,213440.8667476254,-0.22808930161949306,-1.502359595782998,0.3568978605426648,401259.4408962228
222.0,-0.576022297297301,-0.18019120122090662,-0.7232771905759361,0.39583109607639444,209251.9577629676,-0.3028734333388799,-1.4886265770276936,0.27314886395842114,393957.17081478896
222.05,-0.567057432432435,-0.2161549507364662,-0.7151151682893634,0.3509024816959688,204555.88156700978,-0.3769145606115021,-1.4726499018826147,0.19014287182093292,385546.2637359777
222.1,-0.5580925675675689,-0.251687187367362,-0.706021212456302,0.30640538020020686,199386.3809753067,-0.45010212383857046,-1.4544954719369727,0.10799044372899841,376099.0360684724
222.15,-0.549070800904983,-0.2867420066349294,-0.6960232273596589,0.26232879427005357,193779.33320966217,-0.5223289991080078,-1.4342347041538623,0.026741801796975162,365694.0776176563
222.2,-0.5372608461538423,-0.321274929999938,-0.6851503126738964,0.21598591615390428,187772.38038285516,-0.5934917573101386,-1.4119438603461794,-0.056230911156296304,354415.19373675936
222.25,-0.525450891402722,-0.3552429596972247,-0.673432569599143,0.17020793170549736,181404.57031876183,-0.6634908892705845,-1.3877033624423565,-0.13803999786786247,342350.3328237906
222.3,-0.513640936651589,-0.38860462453822403,-0.6609009357274428,0.12503631211336502,174716.01873816378,-0.7322309968010329,-1.361597117790559,-0.21859006014944382,329590.5264312102
222.35,-0.5018309819004535,-0.4213200183978214,-0.6475870584087524,0.0805109635026321,167747.59928740037,-0.7996209506889451,-1.333711873877582,-0.2977899687884916,316228.8644483646
222.4,-0.488637675675684,-0.45335083339972804,-0.6335232093037975,0.035286842275955965,160540.66269063327,-0.8655740174262128,-1.304136614696434,-0.37693634175052876,302359.52174077777
222.45,-0.4745221351351329,-0.48466038979321163,-0.6187422362205861,-0.010138254658078716,153136.78195330064,-0.9300079569203746,-1.272962003829735,-0.4554858217852417,288076.8467900825
222.5,-0.460406594594605,-0.5152136641445545,-0.6032775417007887,-0.054807069549949516,145577.51692821877,-0.9928450934865786,-1.2402798716365258,-0.5324384988919736,273474.5173309719
222.55,-0.446291054054062,-0.5449773168187453,-0.5871630733353949,-0.09868626276468329,137904.18987546652,-1.0540123621329136,-1.2061827380498098,-0.6077213080788516,258644.76401232643
222.6,-0.4318832307692369,-0.573919718908862,-0.5704333084375478,-0.14203648813962505,130157.66375000261,-1.1134413316211698,-1.1707633585687203,-0.6815581008519329,243677.6607585973
222.65,-0.415940923076932,-0.6020109779298732,-0.5531232180014506,-0.18607005485294126,122378.1177169121,-1.1710682051525505,-1.1341142817689025,-0.7551272820756185,228660.48073105662
222.7,-0.3999986153846099,-0.6292229609559067,-0.5352681988781619,-0.22922434557129678,114604.8178921086,-1.2268337990254803,-1.0963274093224398,-0.8268351836408704,213677.11794340485
222.75,-0.384056307692315,-0.6555293134412408,-0.5169039688677718,-0.27147300574892574,106875.88521250176,-1.2806834992492795,-1.0574935542424277,-0.8966271915569645,198807.5764025391
222.8,-0.368114000000002,-0.6809054718965553,-0.49806642654730005,-0.31279147189655326,99228.06610143882,-1.3325671960620538,-1.0177019995544045,-0.9644531960620517,184127.53064836148
222.85,-0.3513471447963783,-0.7053286688380271,-0.47879148447307796,-0.35398152404164884,91696.51424157346,-1.3824391965583025,-0.9770400661549493,-1.0310920517619242,169707.96282170093
222.9,-0.334290583710411,-0.7287779290290116,-0.45911489030520464,-0.39448734531860064,84314.59299998404,-1.4302581162410233,-0.9355927046153001,-1.0959675325306124,155614.88158744393
222.95,-0.3172340226244253,-0.751234056829702,-0.43907205291248663,-0.4340000342052767,77113.70705951418,-1.4759867511258125,-0.8934421284791528,-1.1587527285013872,141909.1265673527
223.0,-0.300177461538468,-0.7726796153377022,-0.418697890512147,-0.4725021537992342,70123.16940772874,-1.5195919329248413,-0.8506675069264231,-1.2194144713863733,128646.25908274064
223.05,-0.283014315315319,-0.7930988987822152,-0.3980267144507936,-0.5100845834668961,63370.10616659743,-1.5610443706653185,-0.8073447314381176,-1.2780300553499995,115876.5360677131
223.1,-0.2656246756756761,-0.81247790019417,-0.37709215754282654,-0.5468532245184938,56879.39811212157,-1.600318482708404,-0.7635462663748674,-1.3346938070327279,103644.96015911113
223.15,-0.248235036036043,-0.8308042766673728,-0.3559271488819745,-0.5825692406313298,50673.6541245005,-1.6373922234703349,-0.7193410860536938,-1.3891571874342918,91991.39521509473
223.2,-0.2308453963963901,-0.8480673144143229,-0.3345639294229093,-0.6172219180179328,44773.209148358976,-1.672246909053649,-0.6747946925990363,-1.4414015126572588,80950.73371730275
223.25,-0.213455756756767,-0.8642578953824808,-0.31303409628044504,-0.6508021386257138,39196.13817364597,-1.7048670455342938,-0.6299692015275746,-1.4914112887775268,70553.10131080709
223.3,-0.196290675675682,-0.8793684664683199,-0.29136865964533665,-0.6830777907926379,33958.27832940801,-1.7352401628440508,-0.5849234768216214,-1.5389494871683689,60824.0842199278
223.35,-0.1791562162162192,-0.8933930115347531,-0.2695980951391883,-0.714236795318534,29073.253161071534,-1.7633566562194753,-0.5397132950100043,-1.584200440003256,51784.967255209944
223.4,-0.162021756756766,-0.9063270255886794,-0.24775237553262935,-0.7443052688319134,24552.4958328244,-1.7892096361478769,-0.4943915178449674,-1.6271878793911108,43452.972963031236
223.45,-0.1448872972972944,-0.9181674897724106,-0.2258609701581928,-0.7732801924751161,20405.27113632002,-1.8127947868009797,-0.44900825682473233,-1.6679074895036854,35841.49594609507
223.5,-0.128109209049786,-0.9289128453878674,-0.20395280646221106,-0.8008036363380815,16638.69890552485,-1.8341102322474088,-0.4036110185730188,-1.7060010231976228,28960.329655742175
223.55,-0.111784684162905,-0.93856296507751,-0.1820561957738606,-0.826778280914605,13257.783367860102,-1.8531564093689596,-0.35824482781100786,-1.7413717252060545,22815.88562726021
223.6,-0.0954601592760234,-0.9471191195758695,-0.160198732237908,-0.8516589602998461,10265.453524253178,-1.8699359464399596,-0.31295233205256145,-1.7744757871639363,17411.406602157633
223.65,-0.0791356343891514,-0.9545839390176335,-0.13840717877203793,-0.8754483046284821,7662.618854253947,-1.8844535466803958,-0.2677738979125328,-1.8053179122912444,12747.17518280383
223.7,-0.0628374214027134,-0.9609613685666738,-0.1167073567248911,-0.8981239471639604,5448.242845484394,-1.8967158766988272,-0.2227477127692944,-1.8338784552961138,8820.718852258147
223.75,-0.047828491538472,-0.9662566189728319,-0.09512405595718562,-0.9184281274343599,3619.4344086983124,-1.906731460463421,-0.17790990662415287,-1.858902968924949,5627.010644447075
223.8,-0.0328195616742136,-0.9704761134430008,-0.07368097915801128,-0.9376565517687871,2171.5546758733167,-1.9145105801490423,-0.1332947070076232,-1.8816910184748288,3158.662918444109
223.85,-0.017810631809955,-0.9736274327648551,-0.05240072835417284,-0.9558168009549001,1098.3345328191251,-1.9200651857290594,-0.0889346345508367,-1.9022545539191045,1406.1100840339334
223.9,-0.002801701945705,-0.9757192608494955,-0.03130483477937339,-0.9729175589037905,391.9970722255463,-1.923408815399088,-0.04486074028944567,-1.920607113453383,357.775292323039
223.95,0.0111774416216291,-0.9767613327403661,-0.01041382603526229,-0.9879387743619953,43.37910907708269,-1.9245565287938102,-0.0011028783805978187,-1.9357339704154393,0.21623835064712305
224.0,0.024470060990986,-0.976764386669702,0.010252681463605157,-1.001234447660688,42.046990877661116,-1.9235248544678973,0.042309998531580274,-1.9479949154588834,318.24639568752445
224.05,0.0377626803603578,-0.9757401210414921,0.030675880778341144,-1.01350280140185,376.40386461079987,-1.9203317523544186,0.08534953880452123,-1.9580944327147765,1295.0300042923511
224.1,0.0510552997297295,-0.973701156363554,0.05083768095355157,-1.0247564560932836,1033.78792189404,-1.914996590962949,0.12798770593129832,-1.9660518906926785,2912.1516212544884
224.15,0.0640525171945658,-0.9706610013169195,0.07072063726957183,-1.0347135185114853,2000.5634143257407,-1.9075401381109822,0.17019652587898912,-1.971592655305548,5149.66354156043
224.2,0.0754988746606381,-0.966634021474199,0.09030791635248164,-1.042132896134837,3262.2079023707283,-1.8979845631406438,0.2119478822635989,-1.9734834378012818,7986.116408182112
224.25,0.0869452321266909,-0.9616354087803752,0.10958330068256007,-1.0485806409070662,4803.399915393748,-1.886353447993688,0.2532133675494744,-1.973298680120379,11398.579467688036
224.3,0.0983915895927566,-0.9556811498611187,0.12853123003710512,-1.0540727394538754,6608.110837940494,-1.872671804292413,0.2939641911754918,-1.9710633938851696,15362.657012170857
224.35,0.1098379470588216,-0.9487879915170403,0.14713687049356283,-1.0586259385758618,8659.703463455793,-1.856966093714189,0.3341711379393539,-1.9668040407730105,19852.506565632477
224.4,0.119749666666662,-0.9409734023754106,0.165386196543803,-1.0607230690420726,10941.037602890174,-1.8392642494484461,0.373804563925562,-1.9590139161151081,24840.862579836365
224.45,0.1291221891891923,-0.9322555304615848,0.18326606923901176,-1.0613777196507772,13434.580853727302,-1.8195956972566392,0.41283441351109706,-1.9487178864458314,30299.06719627582
224.5,0.138494711711706,-0.9226531573181807,0.20076429369542426,-1.0611478690298866,16122.520649209027,-1.7979913755192287,0.45123024027148984,-1.9364860872309346,36197.10750852737
224.55,0.14786723423423,-0.9121856500516502,0.2178696426421857,-1.0600528842858803,18986.872474013482,-1.7744837544551326,0.48896121702577183,-1.9223509886893626,42503.65720094648
224.6,0.1566568914027132,-0.9008729132310684,0.23457183810280782,-1.0575298046337815,22009.578892371952,-1.749106855333747,0.5259961250342163,-1.90576374673646,49186.11974240195
224.65,0.16408652941176,-0.8887353427780689,0.2508614905829406,-1.0528218721898288,25172.59498299792,-1.7218962708252459,0.562303319408695,-1.8859828002370058,56210.67075876212
224.7,0.1715161674208152,-0.8757937838397983,0.26673000214740816,-1.0473099512606137,28457.957618222546,-1.6928891876007122,0.597850674978225,-1.8644053550215274,63542.29859056341
224.75,0.178945805429858,-0.8620694941598745,0.28216944592394644,-1.0410152995897326,31847.838485210774,-1.6621244119120615,0.6326055235247865,-1.8410702173419196,71144.84415894563
224.8,0.18637544343891,-0.8475841137271188,0.29717243825535705,-1.0339595571660287,35324.5832234536,-1.6296423982094776,0.6665345977385297,-1.8160178416483876,78981.04355243799
224.85,0.1922651621621602,-0.8323596406365655,0.311732020934426,-1.0246248027987257,38870.741150344555,-1.595485280032134,0.6996039992633781,-1.7877504421942942,87012.57880627783
224.9,0.197944891891889,-0.8164184122528882,0.32584156899266414,-1.0143633041447773,42469.09123344044,-1.5596969015480828,0.7317792069575202,-1.7576417934399717,95200.14359740038
224.95,0.2036246216216232,-0.7997830901078508,0.33949473493002114,-1.003407711729474,46102.67001808213,-1.5223228474154764,0.7630251373568127,-1.7259474690370995,103503.53070904584
225.0,0.209304351351349,-0.7824766465658031,0.3526854337765015,-0.9917809979171521,49754.80607924762,-1.483410468180715,0.7933062629241078,-1.692714819532064,111881.74698570909
225.05,0.214387207207206,-0.764522351265109,0.36540786596786723,-0.9789095584723151,53409.163404476334,-1.4430088983500204,0.8225867859251482,-1.6573961055572264,120293.15917842944
225.1,0.2187104054054054,-0.7459437556551815,0.3776565685843199,-0.9646541610605869,57049.79351795325,-1.4011690645561188,0.8508308586304558,-1.6198794699615242,128695.6711107269
225.15,0.223033603603602,-0.7267646745574802,0.3894264805261371,-0.9497982781610822,60661.19349398953,-1.3579436818668174,0.8780028345744721,-1.5809772854704194,137046.92933703252
225.2,0.2273568018018034,-0.7070091644708336,0.40071300471176124,-0.934365966272637,64228.3648580512,-1.3133872371443596,0.9040675319884378,-1.5407440389461629,145304.55153700712
225.25,0.231679999999998,-0.6867014991911624,0.4115120508348884,-0.9183814991911604,67736.86719293431,-1.26755595934045,0.9289904898820488,-1.499235959340448,153426.3698295625
225.3,0.235083619909501,-0.6658661440584099,0.421820045860321,-0.9009497639679109,71172.86043584133,-1.2205077775308277,0.9527382000129478,-1.4555913974403287,161370.6804913621
225.35,0.2384872398190039,-0.6445277306479411,0.43163390513445,-0.883014970466945,74523.13122464616,-1.1723022682096316,0.9752783031500514,-1.4107895080286355,169096.49219470998
225.4,0.241890859728505,-0.6227110339077141,0.44095096408871953,-0.8646018936362191,77775.10109230848,-1.123000593775774,0.9965797450345011,-1.364891453504279,176563.76679342776
225.45,0.2452944796380097,-0.6004409535610324,0.44976887758713324,-0.8457354331990421,80916.81729839586,-1.072665434184137,1.0166128948483641,-1.3179599138221467,183733.6494172393
225.5,0.248387235294116,-0.5777425010931526,0.4580854997226784,-0.8261297363872686,83936.9300224704,-1.0213609134287303,1.0353496354529717,-1.2697481487228464,190568.6875791291
225.55,0.25125488235294,-0.5546407928941866,0.465898760660242,-0.8058956752471266,86824.66207389979,-0.9691525219333976,1.0527634393941454,-1.2204074042863375,197033.04165777608
225.6,0.2541225294117636,-0.5311610492632198,0.47320655816912144,-0.7852835786749834,89569.77867770645,-0.9161070351624618,1.068829446743864,-1.1702295645742256,203092.69088476343
225.65,0.256990176470587,-0.5073285981399024,0.4800066790921676,-0.7643187746104894,92162.56478923647,-0.8622924279795519,1.0835245593882485,-1.119282604450139,208715.63925288856
225.7,0.2598073603603604,-0.4831688817844827,0.48629676119342563,-0.7429762421448431,94593.81597888625,-0.8077777836511119,1.0968275622484667,-1.0675851440114723,213872.1246769625
225.75,0.262359612612611,-0.4587074642588926,0.49207429922753315,-0.7210670768715035,96854.84638410714,-0.7526331960104554,1.1087192756613053,-1.0149928086230664,218534.8323951875
225.8,0.264911864864864,-0.4339700375548512,0.49733669192760016,-0.6988819024197153,98937.51405499547,-0.6969296632722377,1.1191827359442925,-0.9618415281371018,222679.110477467
225.85,0.2674641171171174,-0.4089824245439531,0.5020813199473715,-0.6764465416610705,100834.26073603792,-0.6407389723085322,1.1282033941089686,-0.9082030894256495,226283.18195182167
225.9,0.270016369369369,-0.383770577560697,0.5063056399927548,-0.653786946930066,102538.16043538922,-0.5841335728531123,1.1357693172229373,-0.8541499422224813,229328.34523467682
225.95,0.2724777330316754,-0.3583605722304474,0.5100072779219499,-0.6308383052621228,104042.96941334281,-0.5271864419571624,1.1418713737071808,-0.7996641749888378,231799.15272745318
226.0,0.274903751131221,-0.33277859702156015,0.5131841043131694,-0.6076823481527811,105343.16996788398,-0.4699709399798335,1.1465033838671952,-0.7448746911110545,233683.5571944763
226.05,0.277329769230769,-0.3070509397283354,0.515834280010935,-0.5843807089591044,106434.00177375988,-0.4125606602473953,1.1496622205047204,-0.6898904294781643,234973.01711215015
226.1,0.2797557873303173,-0.2812039725874926,0.5179562646578364,-0.5609597599178099,107311.47683931947,-0.3550292751484787,1.151347849835901,-0.6347850624787961,235662.55490164494
226.15,0.282143189189189,-0.2552641379061811,0.5195487883667353,-0.5374073270953701,107972.3773973371,-0.29745038174165234,1.1515633103852507,-0.5795935709308413,235750.7658356333
226.2,0.2844404864864873,-0.22925793589421295,0.5206107935016171,-0.5136984223807002,108414.23932415334,-0.2398973498744177,1.1503146350435391,-0.524337836360905,235239.7794836179
226.25,0.286737783783783,-0.20321191589357335,0.521141359639697,-0.48994969967735635,108635.32669084478,-0.1824431753774859,1.1476107286115416,-0.4691809591612689,234135.17945321125
226.3,0.28903508108108,-0.17715267143868513,0.5211396280459979,-0.46618775251976513,108634.60476796843,-0.12516034014566996,1.1434632176462043,-0.41419542122674996,232445.8897972997
226.35,0.2913323783783781,-0.1511068387495013,0.5206047427450161,-0.44243921712787937,108411.71926744176,-0.0681206800297793,1.1378862914192518,-0.35945305840815744,230184.0377244193
226.4,0.293430814479637,-0.12510109743842973,0.5195358227289476,-0.4185319119180667,107966.98843945778,-0.011395260527945365,1.1308965513579718,-0.30482607500758235,227364.80175526292
226.45,0.2954968778280551,-0.09916217162178104,0.5179319747654966,-0.39465904944983615,107301.4121937948,0.04494574048792237,1.1225128820364834,-0.25055113734013273,224006.25250450705
226.5,0.297562941176469,-0.07331682929149398,0.5157923499768577,-0.37087977046796294,106416.69931785973,0.10083314430157639,1.1127563508857745,-0.1967297968748926,220129.1904776222
226.55,0.299629004524886,-0.047591877841685296,0.5131162398147252,-0.3472208823665713,105315.31022464104,0.1561988785901741,1.1016501361852797,-0.1434301259347119,215756.98178791918
226.6,0.3014573963963959,-0.02201415402571716,0.5099032005696217,-0.32347155042211306,104000.50958045754,0.21097608162858641,1.0892194759584373,-0.09048131476780949,210915.38965460847
226.65,0.302983297297296,0.0033894927020606987,0.5061531906370824,-0.2995938045952353,102476.42095683949,0.2650992041963521,1.0754916247242414,-0.03788409310094393,205632.39730702018
226.7,0.3045091981981989,0.02859222366223584,0.5018667031613046,-0.27591697453596303,100748.0750967988,0.318504109194155,1.0604958025607152,0.013994910995956122,199938.01728869253
226.75,0.306035099099098,0.053567240589506765,0.49704487729960034,-0.2524678585095912,98821.4440199099,0.37112816818981187,1.0442631207003077,0.06509306909071388,193864.08271195472
226.8,0.307560999999999,0.07828782001720316,0.4916895752452415,-0.2292731799827958,96703.4553619384,0.42291035338089444,1.0268264710860515,0.11534935338089547,187444.0180840949
226.85,0.3080544389140273,0.10272735050190822,0.4858034181410308,-0.20532708841211905,94401.98443100369,0.4737913229778945,1.008220372952916,0.16573688406386722,180712.59029996747
226.9,0.308547877828054,0.1268593706014102,0.4793897810478881,-0.1816885072266438,91925.82486925683,0.523713497825363,0.9884807765310024,0.21516561999730904,173705.64365712597
226.95,0.3090413167420813,0.15065760572074288,0.4724527543820997,-0.1583837110213384,89284.64204929306,0.5726211272847122,0.9676448315975871,0.26357981054263085,166459.8257986707
227.0,0.309534755656108,0.1740960024515028,0.4649970847237236,-0.1354387532046052,86488.91552062471,0.6204603429441686,0.9457506347592748,0.31092558728806063,159012.3134484571
227.05,0.309057756756757,0.19714875977239493,0.45702811119574965,-0.11190899698436207,83549.8777692618,0.6671791995334588,0.9228369734711019,0.3581214427767018,151400.54748538724
227.1,0.3078780270270273,0.2197903573091503,0.4485517141245419,-0.08808766971787702,80479.45609762591,0.7127277033622806,0.8989430861330169,0.4048496763352533,143661.98615224045
227.15,0.306698297297298,0.241995581646002,0.4395742904414302,-0.06470271565129598,77290.22272683473,0.7570578295447739,0.8741084560192975,0.4503595322474759,135833.88317945602
227.2,0.3055185675675672,0.26373955228174606,0.430102765008103,-0.04177901528582112,73995.35538704619,0.8001235300483388,0.8483726518794078,0.4946049624807716,127953.09448122646
227.25,0.304015330316744,0.2849977491124682,0.4201446400990081,-0.01901758120427577,70608.60744157001,0.8418807350777222,0.8217752210586464,0.5378654047609782,120055.91359039773
227.3,0.300524832579186,0.3057460432594723,0.4097080784696281,0.005221210680286303,67144.28382530998,0.882287350412705,0.7943556337262854,0.5817625178335191,112177.9329480335
227.35,0.297034334841629,0.32596073267403836,0.39880200903836016,0.028926397832409356,63617.216965212916,0.9213032530697766,0.7661532695859681,0.6242689182281476,104353.92577729229
227.4,0.293543837104074,0.3456185832720709,0.38743623968660174,0.0520747461679969,60042.73592899756,0.958890287070809,0.7372074328437824,0.665346449966735,96617.74205157689
227.45,0.2900533393665139,0.3646968755227608,0.3756215596544893,0.07464353615624691,56436.62243090842,0.9950122603071224,0.7075573780101387,0.7049589209406085,89002.2121202813
227.5,0.284572108108112,0.38317345554739224,0.363369815250552,0.09860134743928023,52815.049054088115,1.029634942595769,0.6772423292382028,0.7450628344876569,81539.05289101979
227.55,0.278316702702705,0.4010267890763846,0.350693946929058,0.12271008637367964,49194.49776507237,1.0627260642430676,0.6463014793691798,0.7844093615403627,74258.7737306294
227.6,0.2720612972972984,0.4182360161554821,0.3376079818460276,0.14617471885818373,45591.65976245907,1.0942553138644584,0.6147739603917631,0.82219401656716,67190.58175569301
227.65,0.265805891891895,0.4347810043782272,0.32412698312037835,0.16897511248633218,42023.320474687214,1.124194333971439,0.5826987840333847,0.858388442079544,60362.2885180418
227.7,0.2587122533936637,0.4506423986459576,0.3102669633946123,0.1919301452522939,38506.23542964547,1.152516712940678,0.5501147578539771,0.8938044595470143,53800.22165488709
227.75,0.249463158371047,0.4658016659927696,0.2960447767150376,0.21633850762172263,35057.00392810259,1.1791979724193828,0.5170603892444617,0.9297348140483359,47529.14597789054
227.8,0.240214063348421,0.48024113482158887,0.2814780057954976,0.24002707147316787,31691.94709864407,1.2042155499690028,0.4835737936011322,0.9640014866205818,41572.19801916274
227.85,0.2309649683257947,0.49394402874654497,0.2665848618728288,0.26297906042075025,28426.995431902087,1.2275487775796756,0.4496926239177921,0.9965838092538809,35950.83662330112
227.9,0.221715873303174,0.5068944960516873,0.25138411115602677,0.28517862274851336,25277.58853668225,1.2491788575228822,0.41545403653419777,1.0274629842197083,30684.81003956596
227.95,0.2101333468468442,0.5190776363346669,0.23589503707241272,0.30894428948782265,22258.587406157985,1.2690888376163503,0.3808947033740304,1.058955490769506,25792.137788158332
228.0,0.198170959459467,0.5304795262386591,0.2201374411494408,0.3323085667791921,19384.197198329406,1.2872635883696832,0.3460508747099391,1.0890926289102163,21289.10362444693
228.05,0.186208572072076,0.5410872461043986,0.20413167775805752,0.35487867403232265,16667.896745727772,1.3036897844605457,0.3109584885288113,1.1174812123884696,17190.254504555178
228.1,0.1742461846846836,0.5508889089910207,0.18789871171642197,0.3766427243063371,14122.37034587642,1.3183558926346532,0.2756533156639017,1.1441097079499696,13508.40007760047
228.15,0.161313497737561,0.5598736928182205,0.17146018273649427,0.39856019508065954,11759.437705612803,1.3312521674123057,0.24017112390611406,1.1699386696747447,10254.607779257954
228.2,0.1470408733031599,0.5680318755519655,0.15483846016560898,0.42099100224880565,9589.979498582752,1.3423706550900074,0.20454784276557836,1.1953297817868476,7438.19021867587
228.25,0.132768248868784,0.5753548725567881,0.13805667243103206,0.44258662368800405,7623.857921091716,1.351705205614206,0.1688197106066921,1.218936956745422,5066.683500324848
228.3,0.118495624434392,0.5818352745325919,0.12113869978446068,0.4633396500981999,5869.833834187878,1.3592514910464004,0.13302338938219732,1.2407558666120084,3145.8172662627
228.35,0.1042229999999991,0.5874668840396672,0.10410912437819882,0.4832438840396681,4335.4839115181085,1.3650070287467055,0.09719603731484791,1.2607840287467065,1679.4790523927659
228.4,0.0885566261261321,0.5922447484745166,0.08699313957498739,0.5036881223483844,3027.1225332452946,1.3689712070775915,0.06137533781259966,1.2804145809514593,669.6768162863514
228.45,0.0728902522522463,0.5961651876788413,0.0698164276052814,0.523274935426595,1949.733425425399,1.371145311580029,0.025599490640357332,1.2982550593277826,116.5038081859098
228.5,0.0572238783783873,0.5992258149143098,0.05260501939327973,0.5420019365359225,1106.9152261469346,1.3715325499890074,-0.010092823122760664,1.31430867161062,18.109347304414634
228.55,0.0415575045045104,0.6014255507400259,0.03538515348317517,0.5598680462355154,500.84363481114553,1.37013807516972,-0.045662486698308594,1.3285805706652096,370.6778118174594
228.6,0.0254897769230797,0.6027646301596994,0.018183150599539708,0.5772748532366196,132.2507862902165,1.3669690058464647,-0.0810699875600428,1.341479228923385,1168.4165125307547
228.65,0.0091067000000087,0.6032446042012748,0.0010253183815218496,0.5941379042012661,0.42051111339463404,1.3620344457994793,-0.11627543662083635,1.3529277457994706,2403.551495353979
228.7,-0.0072763769230809,0.6028683376840039,-0.016062105084329367,0.6101447146070849,103.19648789601571,1.3553455028410135,-0.15123855689740445,1.3626218797640943,4066.3290830950123
228.75,-0.0236594538461427,0.6016400051833231,-0.03305296709360368,0.6252994590294657,436.99945347633917,1.3469153092000143,-0.1859186385043257,1.370574763046157,6145.020469920379
228.8,-0.0399837319819747,0.599565087116083,-0.04992118141714435,0.6395488190980577,996.8497416333754,1.3367590449187163,-0.2202744647846561,1.376742776900691,8625.92708198519
228.85,-0.0559468175675653,0.5966503674034618,-0.0666406860987427,0.652597184971027,1776.3924174844633,1.3248939654404537,-0.25426422050831543,1.380840783008019,11493.385569902446
228.9,-0.0719099031531469,0.592903933514028,-0.08318539349152562,0.664813836667175,2767.9238761359816,1.3113394339198494,-0.28784539793966285,1.3832493370729964,14729.772998229842
228.95,-0.0878729887387466,0.5883351788263735,-0.09952915009195597,0.6762081675651201,3962.4206872108393,1.296116957887868,-0.32097471949181755,1.3839899466266146,18315.514764951284
229.0,-0.103836074324319,0.5829548064201091,-0.11564572204442941,0.6867908807444281,5349.573210870971,1.2792502289953618,-0.3536080947812148,1.3830863033196807,22229.099501297882
229.05,-0.118907398190044,0.5767748326913666,-0.13150881792096378,0.6956822308814107,6917.827676387682,1.2607651637340398,-0.3857006261764074,1.3796725619240837,26447.106316955156
229.1,-0.1335965384615403,0.5698085887835858,-0.14709215358746464,0.703405127245126,8654.440658799314,1.2406899424981481,-0.4172066703054687,1.3742864809596884,30944.24991064463
229.15,-0.148285678733028,0.5620707177464961,-0.16236955732764904,0.7103563964795241,10545.549258710684,1.21905504414411,-0.44807995610098517,1.367340722877138,35693.448366126366
229.2,-0.162974819004533,0.5535771656020857,-0.17731510645254558,0.7165519846066187,12576.25879051103,1.195893273365236,-0.47827375238313685,1.3588680923697691,40665.91683887042
229.25,-0.177051693693689,0.5443451650779677,-0.1919032814443932,0.7213968587716567,14730.747771650396,1.1712397787143407,-0.507741071853648,1.3482914724080297,45831.288186149584
229.3,-0.189554171171169,0.5343932115474049,-0.20610912056046024,0.723947382718574,16992.387831282536,1.145132059872153,-0.5364348941390542,1.334686231043322,51157.75922666281
229.35,-0.2020566486486491,0.5237410315872049,-0.21990835804806877,0.725797680235854,19343.874375759046,1.1176099636741426,-0.5643083896264365,1.3196666123227916,56612.25930716125
229.4,-0.214559126126121,0.5124095453250701,-0.23327753246758665,0.7269686714511912,21767.362861666377,1.0887156692634914,-0.5913151282497632,1.3032747953896124,62160.63660391713
229.45,-0.2270616036036068,0.5004208243053333,-0.2461940568754601,0.7274824279089401,24244.60545631891,1.0584936634293152,-0.6174092620161616,1.285555267032922,67767.85721303846
229.5,-0.237341321266963,0.48779804684281763,-0.25863624944954905,0.7251393681097806,26757.083811731747,1.0269907075854818,-0.6425456766685218,1.264332028852445,73398.21272985042
229.55,-0.247197656108594,0.4745654527344959,-0.2705833300153394,0.7217631088430899,29286.13539287603,0.9942557979015972,-0.6666801149416578,1.2414534540101911,79015.5334504217
229.6,-0.2570539909502246,0.46074829875784423,-0.28201539451285446,0.7178022897080688,31813.073096896376,0.9603401197946507,-0.689769280998338,1.2173941107448754,84583.40640159363
229.65,-0.26691032579185,0.4463728156678642,-0.2929133832772386,0.7132831414597142,34319.300041167386,0.9252969973761841,-0.7117709402663042,1.1922073231680341,90065.39936134733
229.7,-0.2755370678733049,0.4314661665846198,-0.3032590598525119,0.7070032344579247,36786.422953051755,0.8891818376905023,-0.7326440306142814,1.1647189055638072,95425.29343906492
229.75,-0.282465800904973,0.4160564058530074,-0.31303501545024615,0.6985222067579804,39196.36835917434,0.8520520687880326,-0.7523487999843065,1.1345178696930056,100627.32743783573
229.8,-0.289394533936649,0.4001724368020442,-0.32222470980032564,0.6895669707386931,41531.505442361624,0.8139670700082497,-0.7708469817828603,1.1033616039448988,105636.45676866583
229.85,-0.2963232669683239,0.3838439664430494,-0.33081255286973826,0.6801672334113733,43774.77805447735,0.7749880924241699,-0.7881020132691464,1.0713113593924937,110418.628145579
229.9,-0.303251999999996,0.36710145511109654,-0.3387840241941247,0.6703534551110926,45909.8460196661,0.735178167330387,-0.8040792942577364,1.038430167330383,114941.0687029368
229.95,-0.3072004234234242,0.34997605939433113,-0.3461258200496355,0.6571764828177553,47921.23332201306,0.6946020009810634,-0.818746476369176,1.0018024244044876,119172.58534523407
230.0,-0.311148846846844,0.3324995673095197,-0.35282601356646803,0.6436484141563636,49794.47833968219,0.6533258544174556,-0.8320737671149827,0.9644747012642996,123083.86736371885
230.05,-0.315097270270268,0.31470432551228794,-0.3588742104762159,0.629801595782556,51516.279577970934,0.6114174081191619,-0.8440342297383223,0.9265146783894299,126647.783283549
230.1,-0.3190456936936913,0.29662315918734306,-0.36426168338146003,0.6156688528810343,53074.62959195801,0.5689456121814959,-0.8546040590363637,0.8879913058751872,129839.66181714287
230.15,-0.321412243243242,0.2782892860743884,-0.36898147020892086,0.5997015293176304,54458.9301430147,0.5259805236836149,-0.863762815461135,0.8473927669268569,132637.54691081718
230.2,-0.3225358918918917,0.25973622665083784,-0.37302842873334124,0.5822721185427295,55660.08345730617,0.48259313365594037,-0.8714936056786299,0.8051290255478321,135022.4186202203
230.25,-0.32365954054054,0.2409977127254448,-0.37639924602946195,0.5646572532659848,56670.55696461897,0.4388551864733837,-0.877783204824266,0.7625147270139236,136978.37416383278
230.3,-0.324783189189189,0.22210759657655677,-0.3790924087670298,0.5468907857657458,57484.42175391553,0.39483899455024674,-0.8826221232651202,0.7196221837394358,138492.76666258296
230.35,-0.3255839909502261,0.2030997623260989,-0.3811081456230263,0.528683753276325,58097.36746408873,0.35061725090469736,-0.8860046269091764,0.6762012418549235,139556.30202746112
230.4,-0.324017248868779,0.18400804056823913,-0.382448357697185,0.5080252894370181,58506.69852210958,0.30626284157364364,-0.887928725807209,0.6302800904424226,140163.09726464248
230.45,-0.3224505067873301,0.1648661264143332,-0.38311655393926525,0.4873166332016633,58711.317560919175,0.2618486590285394,-0.8883961481103297,0.5842991658158695,140310.70506262596
230.5,-0.320883764705883,0.14570750032735383,-0.38311780643483384,0.4665912650332368,58711.70144297553,0.21744741692416938,-0.8874123153460142,0.5383311816300523,140000.10976493754
230.55,-0.319317022624435,0.12656535046633655,-0.3824587356789978,0.44588237309077156,58509.873798871005,0.17313146578225516,-0.8849863310729268,0.4924484884066902,139235.6988774969
230.6,-0.3159470678733037,0.10747249493212292,-0.3811475294037196,0.4234195628054266,58109.375668223714,0.12897260877376734,-0.8811309888299714,0.444919676647071,138025.2123513748
230.65,-0.311804307692309,0.08846130227697996,-0.3791939920776511,0.40026560996928895,57515.23345111429,0.08504191661532032,-0.8758627988765966,0.3968462243076293,136379.66976994587
230.7,-0.3076615475113107,0.06956360896483073,-0.3766096153042105,0.3772251564761414,56733.92093583417,0.04140954080782319,-0.8692020259678604,0.3490710883191339,134313.273234957
230.75,-0.303518787330319,0.050810633091366075,-0.373407654280539,0.3543294204216851,55773.31051011782,-0.0018554750173599907,-0.8611727246899781,0.301663312312959,131843.28208888194
230.8,-0.298675009009012,0.03223288449792297,-0.3696031925804913,0.33090789350693495,54642.60798627669,-0.04468538510306586,-0.8518027551715867,0.25398962390594615,128989.85488318329
230.85,-0.2920286126126142,0.013860072285836734,-0.3652131791513174,0.30588868489845095,53352.26649032491,-0.0870139315145585,-0.8411237628205699,0.2050146810980557,125775.85500114388
230.9,-0.28538221621622,-0.0042789885536501995,-0.36025642480589,0.2811032276625698,51913.876645568744,-0.1287765318882577,-0.8291711085516458,0.15660568432796232,122226.61817898048
230.95,-0.2787358198198182,-0.022156469150351736,-0.3547535509216606,0.25657935066946647,50340.0327566109,-0.1699104622596856,-0.8159837411001438,0.10882535756013262,118369.68279818427
231.0,-0.272089423423428,-0.03974561498355324,-0.34872688971403026,0.2323438084398748,48644.177443848566,-0.21035503201443562,-0.8016040097651252,0.061734391408992395,114234.48683938257
231.05,-0.263417158371046,-0.0570208280380096,-0.34220034309007924,0.20639633033303642,46840.42992438718,-0.25005174809787084,-0.78607742400649,0.013365410273175171,109852.03849469851
231.1,-0.2543590135746638,-0.07395774114380402,-0.3351992135093826,0.18040127243085977,44943.40509492346,-0.28894446615514097,-0.7694523735368295,-0.03458545258047718,105254.56980292633
231.15,-0.245300868778287,-0.09053328349771685,-0.32775002339206144,0.15476758528057016,42968.03113339873,-0.32697952704852534,-0.7517798266093777,-0.08167865827023835,100475.18359054685
231.2,-0.2362427239818993,-0.10672573723824735,-0.3198803404916213,0.12951698674365195,40929.372893214226,-0.3641058781562934,-0.733113026054327,-0.12786315417439412,95547.50381698353
231.25,-0.226336932432441,-0.12251478575692201,-0.3116186241529608,0.10382214667551898,38842.4667675937,-0.4002751797956,-0.7135072009225,-0.17393824736315902,90505.33791435746
231.3,-0.215260581081086,-0.13788155508968847,-0.3029941037008571,0.07737902599139754,36722.1707509943,-0.4354418979343788,-0.6930193084401823,-0.2201813168532928,85382.3576659393
231.35,-0.2041842297297317,-0.15280865014082887,-0.29403669328606463,0.05137557958890282,34583.0307994413,-0.4695633849441033,-0.671707814203181,-0.2653791552143716,80211.80225095381
231.4,-0.193107878378383,-0.1672801875094994,-0.28477694021634625,0.02582769086888359,32439.16227159378,-0.5025999503370181,-0.6496325109293379,-0.3094920719586351,75026.20431224114
231.45,-0.1820315270270208,-0.1812818263742097,-0.27524599652735243,0.0007497006528111028,30304.143441734122,-0.5345149232655413,-0.6268543681285502,-0.3524833962385205,69857.13757188337
231.5,-0.169508561085979,-0.19480079823972657,-0.2654755997638075,-0.025292237153747565,28190.917627981325,-0.5652747080167545,-0.6034354002682771,-0.3957661469307755,64734.983519455265
231.55,-0.156956072398193,-0.20782593562841215,-0.25549804694136485,-0.05086986323021914,26111.700796340752,-0.5948488330662142,-0.5794385379430513,-0.4378927606680212,59688.71453396994
231.6,-0.1444035837104078,-0.2203476989520978,-0.24534614565689486,-0.07594411524169001,24077.892475477707,-0.623209993408974,-0.554927485477722,-0.4788064096985662,54745.691402422635
231.65,-0.131851095022629,-0.23235820010659863,-0.23505313009603507,-0.10050710508396962,22099.989587177435,-0.6503340851424385,-0.5299665513273147,-0.5184829901198095,49931.474760136414
231.7,-0.1189924792792745,-0.24385122083184868,-0.22465253532828114,-0.12485874155257418,20187.504651769843,-0.6762002306922289,-0.5046204427386236,-0.5572077514129544,45269.651774173246
231.75,-0.105893335135143,-0.25482222375670904,-0.21417803118700598,-0.14892888862156606,18348.891617256842,-0.7007907928475151,-0.4789540239363709,-0.5948974577123721,40781.68125241631
231.8,-0.092794190990996,-0.2652683542765818,-0.20366322345012214,-0.1724741632855858,16591.483434437752,-0.7240913759054101,-0.4530320438058714,-0.631297184914414,36486.76137154222
231.85,-0.0796950468468493,-0.275188431945876,-0.19314143594621655,-0.1954933850990267,14921.44571174659,-0.7460908126849145,-0.42691884556591686,-0.6663957658380653,32401.724568770696
231.9,-0.0666512823529483,-0.28458293084459774,-0.18264549007569936,-0.21793164849164942,13343.750017996957,-0.7667811369116986,-0.40067807461330157,-0.7001298545587503,28540.96346236844
231.95,-0.0540136352941149,-0.2934539492261404,-0.17220749968421895,-0.23944031393202547,11862.169178996108,-0.7861575413287117,-0.37437240301702573,-0.7321439060345969,24916.390425020858
232.0,-0.0413759882353031,-0.30180516963542786,-0.16185869691398272,-0.2604291814001248,10479.295106677007,-0.8042183228167802,-0.34806328759755734,-0.7628423345814771,21537.43149746132
232.05,-0.0287383411764769,-0.3096418113139872,-0.1516292991757881,-0.2809034701375103,9196.57774741626,-0.8209648165152467,-0.32181077350690457,-0.7922264753387698,18411.05314579773
232.1,-0.0161006941176514,-0.3169705770786161,-0.14154842094948833,-0.3008698829609647,8014.382189317419,-0.8364013213960398,-0.2956733489109363,-0.8203006272783885,15541.818534437023
232.15,-0.0047118144144206,-0.3237995968454132,-0.13164402675021808,-0.3190877824309926,6932.0599116048525,-0.8505350198186779,-0.2697078487143455,-0.8458232054042573,12931.968650332494
232.2,0.0061418792792826,-0.3301383696420169,-0.12194291558568321,-0.33628024892129954,5948.029864614825,-0.8633758933305407,-0.24396939863226225,-0.8695177726098232,10581.523105597811
232.25,0.0169955729729675,-0.3359977053271229,-0.11247072207977168,-0.3529932783000904,5059.865330058097,-0.8749366363807125,-0.21851138488345356,-0.89193220935368,8488.395613099516
232.3,0.0278492666666646,-0.3413896664326863,-0.10325191755589659,-0.3692389330993509,4264.383391587867,-0.8852325687924737,-0.19338543191528196,-0.9130818354591383,6648.5200492551385
232.35,0.0379521941176478,-0.34632750972246795,-0.09430979516963144,-0.3842797038401158,3557.734985975135,-0.8942815469503022,-0.1686413704594157,-0.93223374106795,5055.984325409759
232.4,0.0459183253393645,-0.35082562634314784,-0.08566642703824887,-0.39674395168251236,2935.4946885998465,-0.902103872831878,-0.14432718138884512,-0.9480221981712424,3703.1707178041956
232.45,0.0538844565610901,-0.35489947899290814,-0.07734258733270952,-0.4087839355539982,2392.7503261271195,-0.9087221994306529,-0.12048890653966475,-0.962606655991743,2580.9025065109454
232.5,0.0618505877828022,-0.35856553439260364,-0.06935764202590286,-0.4204161221754058,1924.1930029573148,-0.9141614308349054,-0.09717052446677854,-0.9760120186177076,1678.5974800264546
232.55,0.0698167190045233,-0.3618411895645299,-0.061729413356484145,-0.4316579085690532,1524.2081893342734,-0.9184486153233792,-0.07441379695244107,-0.9882653343279024,984.4290092229561
232.6,0.0744893459459459,-0.36474469097377576,-0.05447403228534167,-0.4392340369197217,1186.9680773697787,-0.9216128302949366,-0.05225809812151852,-0.9961021762408825,485.49490120502355
232.65,0.0785346387387372,-0.36729504633642884,-0.047605795748301726,-0.44582968507516607,906.524715531609,-0.9236850585522081,-0.03074024254001197,-1.0022196972909452,167.99333536333538
232.7,0.0825799315315331,-0.36951192977398173,-0.04113704572904749,-0.4520918613055148,676.9026125254978,-0.9246980563392405,-0.00989432993472035,-1.0072779878707736,17.404047085707237
232.75,0.086625224324322,-0.3714155817747165,-0.03507808466869085,-0.4580408060990385,492.18880960953754,-0.9246862143681022,0.010248377459124582,-1.0113114386924242,18.671864985723168
232.8,0.0889515221719458,-0.3730267060564717,-0.02943713708293777,-0.4619782282284175,346.61801585586795,-0.9236854137942716,0.029659532946978418,-1.0126369359662175,156.3889590458486
232.85,0.0886993276018099,-0.37436636573185533,-0.024220359824409017,-0.4630656933336652,234.65033200953857,-0.9217328795196733,0.048313734063063704,-1.0104322071214833,414.97189317625634
232.9,0.0884471330316743,-0.3754558811248719,-0.019431896658909174,-0.46390301415654617,151.0394431050102,-0.9188670332627917,0.0661885041060909,-1.007314166294466,778.8298801425798
232.95,0.0881949384615383,-0.37631673120449105,-0.015073965916365065,-0.46451166966602936,90.88977937909428,-0.9151273485454278,0.08326423619659001,-1.003322287006966,1232.521427449161
233.0,0.0879427438914029,-0.3769704599171934,-0.011146966451424316,-0.4649132038085963,49.70194442767168,-0.9105542091203518,0.0995241138850787,-0.9984969530117547,1760.897643486243
233.05,0.0836147963963985,-0.3774385879217039,-0.007649584471273462,-0.46105338431810244,23.406457033259237,-0.9051887715997206,0.11495402591906428,-0.988803567996119,2349.2316577779384
233.1,0.0792036702702714,-0.37774252932710545,-0.004578884832146172,-0.45694619959737687,8.386474522423311,-0.8990728321107986,0.12954249263033835,-0.97827650238107,2983.334648334447
233.15,0.0747925441441471,-0.37790351235053554,-0.00193037461943781,-0.45269605649468264,1.490538468547868,-0.8922486960504625,0.14328061781852697,-0.9670412401946096,3649.6596342148955
233.2,0.0703814180180164,-0.37794250230829973,0.00030196716532367596,-0.4483239203263161,0.0364736675734465,-0.8847590494133162,0.1561620743255261,-0.9551404674313326,4335.394392471313
233.25,0.0640424280543048,-0.37788012526576564,0.0021256923583329013,-0.44192255332007047,1.8074272009099568,-0.8766468299800646,0.1681831237499657,-0.9406892580343694,5028.544553652671
233.3,0.0560611837104107,-0.3777365908736417,0.0035499116643651473,-0.4337977745840524,5.040749129918292,-0.8679550967703306,0.17934266457151843,-0.9240162804807412,5718.007348553276
233.35,0.0480799393665165,-0.3775316134399559,0.0045853346148229425,-0.4256115528064724,8.410117411957385,-0.8587268966324811,0.1896422959913965,-0.9068068359989976,6393.635631802391
233.4,0.040098695022627,-0.3772843310418824,0.005244305391820093,-0.4173830260645094,11.00109561706932,-0.8490051275886533,0.1990863811274503,-0.8891038226112803,7046.291048964338
233.45,0.031816099999994,-0.3770132233105237,0.005540817061205898,-0.40882932331051774,12.280261482300146,-0.8388323994212548,0.20768209085078215,-0.8706484994212488,7667.88459736045
233.5,0.021323600000004,-0.3767360293479939,0.005490490717776468,-0.3980596293479979,12.058195328795824,-0.8282508928980173,0.21543941268589029,-0.8495744928980213,8251.402762389573
233.55,0.010831100000002,-0.3764696677380727,0.005110511302309637,-0.3873007677380747,10.446930308413819,-0.8173022196514914,0.2223711139995459,-0.8281333196514934,8790.917749582051
233.6,0.0003385999999999,-0.3762301609170456,0.004419518036069182,-0.3765687609170455,7.812855868456321,-0.8060272851655624,0.22849265476988426,-0.8063658851655623,9281.581028229246
233.65,-0.010153899999996,-0.3760325660551657,0.0034374546067234444,-0.3658786660551697,4.726437669313692,-0.7944661573314611,0.23382205274716517,-0.784312257331465,9719.600417937438
233.7,-0.0216634230769278,-0.3758909142199006,0.002185390318452116,-0.3542274911429728,1.9103723375936963,-0.7826579427575558,0.238379710548123,-0.760994519680628,10102.202026845674
233.75,-0.0336515452488624,-0.3758181588624335,0.0006853288095043822,-0.34216661361357115,0.1878702308546775,-0.7706406723482624,0.24218822056218547,-0.7369891270994,10427.57940961383
233.8,-0.0456396674208106,-0.3758261338137122,-0.0010399781784905064,-0.3301864663929016,0.4326218446945727,-0.758451196822798,0.24527216545314687,-0.7128115294019874,10694.832914857929
233.85,-0.0576277895927588,-0.37592552011752695,-0.00296719563358653,-0.3182977305247682,3.5216999711899883,-0.7461250919464978,0.24765793184480406,-0.688497302353739,10903.90243655922
233.9,-0.0696848783783726,-0.37612582031540903,-0.005072537240980297,-0.3064409419370364,10.292253624452801,-0.7336965724536884,0.24937355060323588,-0.6640116940753158,11055.496487193714
233.95,-0.0819382567567602,-0.3764353383680412,-0.0073318581146117915,-0.294497081611281,21.502457365119508,-0.7211984131038751,0.25044857236713813,-0.639260156347115,11151.019982353357
234.0,-0.094191635135127,-0.37686116322688773,-0.009720709128170017,-0.2826695280917607,37.796874381795156,-0.7086618750269864,0.25091397974272356,-0.6144702398918594,11192.502263170114
234.05,-0.106445013513508,-0.37740915432637867,-0.012214361037237945,-0.2709641408128707,59.67624621919857,-0.6961166356674736,0.25080212976129695,-0.5896716221539656,11182.525918720434
234.1,-0.1186983918918876,-0.3780839277973252,-0.01478781199672176,-0.25938553590543756,87.4717534601552,-0.6835907210956291,0.25014671403654615,-0.5648923292037416,11124.156185472284
234.15,-0.130321570135739,-0.3788888429892421,-0.0174157949573956,-0.24856727285350308,121.32396559921838,-0.6711104402126333,0.2489827202370966,-0.5407888700768944,11020.870218073656
234.2,-0.1418064117647075,-0.379825989692428,-0.020072800831121854,-0.23801957792772047,161.16693328235448,-0.658700321197215,0.24734637817477534,-0.5168939094325075,10876.485474876263
234.25,-0.153291253393656,-0.38089617720910535,-0.022733131136067654,-0.22760492381544933,206.71810049985945,-0.6463830513606417,0.245275075228962,-0.49309179796698566,10695.086671746305
234.3,-0.164776095022618,-0.3820989269803192,-0.025370988374095668,-0.21732283195770122,257.474820431399,-0.6341794222255009,0.24280723082886643,-0.4694033272028829,10480.951349827987
234.35,-0.1755228558558524,-0.3834324707234392,-0.027960605780287383,-0.20790961486758683,312.7181902402561,-0.622108281996536,0.23998212625978213,-0.44658542614068364,10238.474830962847
234.4,-0.18516249549549,-0.38489375593451,-0.03047641050425059,-0.19973126043901998,371.5246388894383,-0.6101864975891901,0.23683969397387336,-0.42502400209370006,9972.096114068974
234.45,-0.1948021351351384,-0.3864784601402272,-0.032893208125737525,-0.1916763250050888,432.78525632123404,-0.5984289279837384,0.2334202774439976,-0.4036267928486,9686.226830583611
234.5,-0.20444177477477,-0.3881810145850345,-0.035186372698186384,-0.18373923981026452,495.23232946227046,-0.5868484100042575,0.2297643772232433,-0.3824066352294875,9385.18560725064
234.55,-0.214081414414413,-0.3899946371924946,-0.03733202486522373,-0.1759132227780816,557.4720322150731,-0.5754557567576707,0.2259124015145544,-0.3613743423432577,9073.140116990799
234.6,-0.221302547511312,-0.3919113737944319,-0.039307182116006166,-0.1706088262831199,618.0218263603499,-0.5642597680567814,0.22190443893222872,-0.34295722054546934,8754.058669835951
234.65,-0.22842290950226,-0.3939221459167731,-0.041089869314601374,-0.1654992364145131,675.3509441164078,-0.553267251341699,0.2177800677186379,-0.324844341839439,8431.67251476169
234.7,-0.235543271493216,-0.3960168029739656,-0.042659184361953865,-0.16047353148074958,727.9224041708677,-0.5424830510481976,0.21357820924399698,-0.30693977955498164,8109.449149132899
234.75,-0.242663633484159,-0.39818417665141975,-0.04399532083959101,-0.15552054316726074,774.2353023114205,-0.5319100841665473,0.20933702648929933,-0.2892464506823883,7790.576117223398
234.8,-0.248084405405404,-0.4004121355070517,-0.04507955611708752,-0.15232773010164768,812.866551885457,-0.5215493798698312,0.20509386107014457,-0.2734649744644272,7477.954106428402
234.85,-0.2520573783783782,-0.4026876383982523,-0.04589421878238113,-0.15063026001987406,842.511727058026,-0.511400121583511,0.20088519616396885,-0.2593427432051328,7174.197695615333
234.9,-0.256030351351349,-0.4049967861075136,-0.046422652027933435,-0.1489664347561646,862.0250485226369,-0.5014596905977275,0.196746628961509,-0.24542933924637855,6881.6419569275895
234.95,-0.260003324324325,-0.40732487139137247,-0.046649189747040055,-0.14732154706704748,870.4587616221388,-0.4917237111870689,0.1927128351772066,-0.23172038686274393,6602.353216362169
235.0,-0.263636488687782,-0.4096564284386354,-0.046559158496386574,-0.14601993975085342,867.1020959566584,-0.48218609802002455,0.18881751097070718,-0.21854960933224254,6338.142657630778
235.05,-0.264211375565611,-0.4119752832545014,-0.04613891349605637,-0.14776390768889042,851.5197354386291,-0.4728391072584986,0.18509328215795315,-0.20862773169288762,6090.581884445095
235.1,-0.2647862624434383,-0.41426460673954485,-0.045375909846786314,-0.14947834429610657,823.5892777694716,-0.4636733931014027,0.18157157749865863,-0.19888713065796443,5861.020045395804
235.15,-0.265361149321267,-0.41650697209946014,-0.04425880322707669,-0.15114582277819316,783.5366652372377,-0.45467807148804174,0.17828247010329742,-0.18931692216677476,5650.602514868114
235.2,-0.265936036199094,-0.41868441779157933,-0.04277756807562843,-0.15274838159248533,731.9681321860098,-0.44584079231645646,0.17525449792358755,-0.17990475611736245,5460.291385324223
235.25,-0.26412946846847,-0.4207785164802494,-0.04092361710313705,-0.15664904801177937,669.8969747216685,-0.4371478208272356,0.17251447936698308,-0.17301835235876556,5290.8881051131075
235.3,-0.261202216216217,-0.4227704496484779,-0.038689905216739026,-0.1615682334322609,598.7635062720999,-0.4285841279603282,0.17008734179334453,-0.1673819117441112,5143.058460146845
235.35,-0.2582749639639643,-0.4246410866872283,-0.03607100258338024,-0.16636612272326395,520.4468909480895,-0.42013348860203775,0.16799597986838094,-0.16185852463807343,5017.359867011102
235.4,-0.255347711711713,-0.42637106663120805,-0.03306312609621197,-0.17102335491949505,437.2681229016052,-0.4117785858856535,0.16626115680280373,-0.15643087417394053,4914.270624250043
235.45,-0.2515989999999964,-0.4279408803090266,-0.02966412421300515,-0.1763418803090302,351.9841061298393,-0.40350111918601816,0.16490145603996262,-0.15190211918602176,4834.22048072884
235.5,-0.245249000000002,-0.4293309506123656,-0.02587341814930036,-0.1840819506123636,267.7735066914181,-0.395281913260947,0.1639332827726494,-0.15003291326094503,4777.621546776432
235.55,-0.238899000000001,-0.4305217089259161,-0.021691908971906485,-0.19162270892591513,188.21556593819082,-0.3871010262243765,0.1633709075302418,-0.14820202622437548,4744.898387067523
235.6,-0.2325489999999994,-0.4314936663522068,-0.01712186519203325,-0.19894466635220742,117.26330706166392,-0.37893785455923673,0.16322653818449026,-0.14638885455923734,4736.516047589841
235.65,-0.226199000000002,-0.4322274791865096,-0.012166807772374348,-0.2060284791865076,59.21248454796354,-0.37077123417652724,0.16351040340701942,-0.14457223417652523,4753.004803969107
235.7,-0.2173956486486447,-0.43270400892473476,-0.006831409236084629,-0.21530836027609007,18.667260860344953,-0.36257953738153303,0.16423082989226717,-0.14518388873288834,4794.980531040497
235.75,-0.208053756756761,-0.43290437788444486,-0.0011214207741788943,-0.22485062112768386,0.5030338211039963,-0.3543407664759878,0.165394297663376,-0.14628700971922678,4863.159768810919
235.8,-0.198711864864868,-0.4328100220608049,0.00495636456825906,-0.23409815719593688,9.826219893397528,-0.34603264536870393,0.167005463148101,-0.14732078050383593,4958.368839344306
235.85,-0.1893699729729731,-0.43240274308690163,0.011394111445763851,-0.24303277011392854,51.93031025539472,-0.3376327109296469,0.16906714655013114,-0.14826273795667383,5081.546674240625
235.9,-0.179038031674214,-0.43166476102615686,0.018182910956571464,-0.25262672935194286,132.24730034184265,-0.3291184057879633,0.17158028803535832,-0.1500803741137493,5233.741376408272
235.95,-0.1670907466063312,-0.4305787692633369,0.02531273013750137,-0.26348802265700566,256.29372280558806,-0.32046717389349005,0.17454388305763474,-0.15337642728715886,5416.10082005996
236.0,-0.155143461538469,-0.42912799208411456,0.03277235779903666,-0.27398453054564553,429.6109742832316,-0.3116565595247949,0.17795491206971972,-0.15651309798632587,5629.857907509631
236.05,-0.143196176470593,-0.42729624469939853,0.0405493634491028,-0.2841000682288055,657.7003504509737,-0.30266430958599316,0.18180828198912566,-0.15946813311540017,5876.3113599711
236.1,-0.1312488914027161,-0.4250679946747551,0.04863008452859956,-0.293819103272039,945.9540485034952,-0.2934684781858554,0.1860967961034133,-0.16221958678313933,6156.803114658734
236.15,-0.117489248648657,-0.4224284230572711,0.05699965220989482,-0.30493917440861407,1299.584140819587,-0.2840475317354105,0.1908111647220485,-0.16655828308675347,6472.693436903953
236.2,-0.1036540909909881,-0.41936348316353883,0.06564205934015517,-0.31570939217255073,1723.551981766581,-0.27438045236232206,0.19594006240407444,-0.17072636137133396,6825.334765317793
236.25,-0.0898189333333438,-0.4158599549661538,0.074540267287013,-0.32604102163281,2222.5005788877365,-0.26444683730487756,0.2014702305728147,-0.17462790397153377,7216.045121255666
236.3,-0.0759837756756835,-0.41190549336346816,0.08367634179657854,-0.33592171768778467,2800.6920705831344,-0.25422699220628775,0.20738661709846026,-0.17824321653060426,7646.0815913854885
236.35,-0.0614960011764751,-0.4074886692239454,0.09303160342501636,-0.3459926680474703,3461.9516943318067,-0.24370201678328024,0.21367253903919758,-0.18220601560680513,8116.614033681318
236.4,-0.0464058111312297,-0.40259900290813294,0.10258677505507896,-0.35619319177690323,4209.618566480548,-0.23285388214747516,0.2203098506992693,-0.18644807101624544,8628.698722690548
236.45,-0.0313156210859671,-0.39722699084395613,0.1123221097867809,-0.36591136975798905,5046.502538781464,-0.2216654999726832,0.22727909898936344,-0.1903498788867161,9183.25134887411
236.5,-0.0162254310407303,-0.39136412648316443,0.12221748600808847,-0.3751386954424341,5974.845554454921,-0.21012078453816888,0.23455965085390265,-0.19389535349743858,9781.018632658617
236.55,-0.0010903554954969,-0.3850029174901114,0.13225246255884024,-0.3839125619946145,6996.285541150976,-0.19820470931514939,0.24212978322854004,-0.19711435381965248,10422.54789800885
236.6,0.014448689549551,-0.3781369011926149,0.1424062934005447,-0.39258559074216587,8111.820960032807,-0.18590336006638664,0.24996673249539864,-0.20035204961593764,11108.154196342432
236.65,0.0299877345945902,-0.3707606601970561,0.15265790814249272,-0.4007483947916463,9321.774767376697,-0.17320398641545423,0.25804670772040017,-0.20319172101004443,11837.88504272669
236.7,0.045526779639647,-0.36286983957449137,0.16298587101303733,-0.4083966192141384,10625.757659951376,-0.16009505343302105,0.26634487892889924,-0.20562183307266804,12611.483472293334
236.75,0.0610658246846773,-0.3544611663051027,0.17336833447225303,-0.41552699098978,12022.6317590732,-0.14656629411197344,0.27483535621130634,-0.20763211879665075,13428.350759785892
236.8,0.0764627638009008,-0.3455324708121165,0.18378300467775044,-0.4219952346130173,13510.477123352815,-0.13260876274250505,0.2834911774480024,-0.20907152654340583,14287.510700596406
236.85,0.0917864968325783,-0.3360827096112946,0.1942071334702888,-0.4278692064438729,15086.564276298628,-0.11821488834240165,0.29228432074120847,-0.21000138517497996,15187.577626871045
236.9,0.107110229864247,-0.32611198747313874,0.20461754708208973,-0.43322221733738575,16747.336229556484,-0.10337852658221078,0.3011857537445804,-0.21048875644645776,16126.730357100627
236.95,0.1224339628959325,-0.315621577138108,0.21499071527326596,-0.4380555400340405,18488.40306148421,-0.08809500818211435,0.3101655257828486,-0.21052897107804686,17102.693934960167
237.0,0.137538986425331,-0.30461393461900416,0.22530285766387148,-0.4421529210443351,20304.551068602694,-0.07236118164551252,0.3191929015037214,-0.2099001680708435,18112.730376953674
237.05,0.151951429864248,-0.2930927084533011,0.2355300771455858,-0.4450441383175491,22189.766896082238,-0.05617544843724289,0.3282365273440567,-0.2081268783014909,19153.638734735236
237.1,0.1663638733031651,-0.28106274191601044,0.24564850545450273,-0.44742661521917554,24137.275292812345,-0.03953778931303652,0.3372646164266757,-0.20590166261620163,20221.7638210547
237.15,0.180776316742074,-0.2685300679996308,0.2556344440481634,-0.4493063847417048,26139.587593525433,-0.02244978130007965,0.34624513459944595,-0.20322609804215366,21313.012130451276
237.2,0.1951887601809985,-0.2555018978136548,0.26546448407045325,-0.4506906579946533,28188.55692111677,-0.004914605719685945,0.35514597004537807,-0.20010336590068445,22422.872895906235
237.25,0.208399414414406,-0.24198660378142456,0.27511559281534215,-0.4503860181958306,30275.43576405485,0.013062951545031277,0.36393507181376195,-0.1953364628693747,23546.44204374899
237.3,0.221346261261255,-0.22799369951332984,0.2845651596294238,-0.4493399607745848,32390.93202996778,0.031476505718365,0.37258054777341104,-0.18986975554289,24678.447036290676
237.35,0.2342931081081043,-0.2135338184097266,0.2937910015223706,-0.4478269265178309,34525.261030207024,0.050318082622545376,0.38105071984335687,-0.18397502548555894,25813.271305447193
237.4,0.247239954954946,-0.19861869285329561,0.3027713356207264,-0.4458586478082416,36668.19266942341,0.06957812995625268,0.3893141416526271,-0.17766182499869332,26944.977936128325
237.45,0.2595250633484184,-0.1832611353501797,0.31148473130001547,-0.44278619869859814,38809.09513321714,0.08924552874650606,0.3973395902254599,-0.17027953460191236,28067.33332631758
237.5,0.270730493212662,-0.16747502223555338,0.3199100581961043,-0.4382055154482154,40936.97813401394,0.10930760406422782,0.4050960475983624,-0.1614228891484342,29173.832494189275
237.55,0.28193592307692,-0.15127527972770105,0.3280264470028275,-0.43321120280462105,43040.53997331952,0.12975013493499052,0.4125526899463919,-0.15218578814192948,30257.728352356222
237.6,0.2931413529411764,-0.1346778713046942,0.33581327777166936,-0.4278192242458706,45108.22301110095,0.15055736424178764,0.4196789004425368,-0.14258398869938874,31312.067462516752
237.65,0.304346782805428,-0.11769978476513074,0.34325020533466083,-0.4220465675705587,47128.28138491473,0.17171201011978807,0.4264443175256598,-0.13263477268563992,32329.734391097914
237.7,0.3135223513513561,-0.10035901701013267,0.35031722489893147,-0.41388136836148876,49088.86322435541,0.19319528077591228,0.4328189238490907,-0.12032707057544381,33303.50592744622
237.75,0.322613342342339,-0.08267455461600567,0.35699477353628273,-0.40528789695834466,50978.107332888714,0.21498689474063892,0.43877317361464097,-0.10762644760170009,34226.115179353576
237.8,0.331704333333332,-0.06466634864224197,0.363263857174727,-0.39637068197557396,52784.25197178418,0.23706510826937222,0.44427814927453774,-0.09463922506395978,35090.32425294372
237.85,0.3407953243243235,-0.04635528276132973,0.3691061879039375,-0.38715060708565324,54495.751179590734,0.2594067510170688,0.4493057329323964,-0.08138857330725474,35889.0029592743
237.9,0.348720529411762,-0.02776313463109149,0.3745043141379208,-0.3764836640428535,56101.392523165785,0.2819872702772165,0.4538287745289434,-0.06673325913454553,36615.21006052312
237.95,0.3555696244343919,-0.008912531286340668,0.37944172719369823,-0.36448215572073256,57590.409734294764,0.30478078317391466,0.45782123900265814,-0.050788841260477224,37262.27322345405
238.0,0.36241871945701,0.010173099936061157,0.38390293185886876,-0.35224561952094885,58952.584435934084,0.327760135371616,0.46125831794023286,-0.03465858408539396,37823.864154498304
238.05,0.369267814479636,0.029469582950479932,0.3878734743788906,-0.3397982315291561,60178.33285070075,0.35089696428000616,0.4641164967528124,-0.018370850199629862,38294.066232551704
238.1,0.3758773603603595,0.0489520447992617,0.3913399280906263,-0.32692531556109783,61258.775727190616,0.3741617644448874,0.46637357526507955,-0.0017155959154721012,38667.43319209473
238.15,0.380330963963962,0.06859496589237153,0.39428984402244827,-0.31173599807159047,62185.79243969863,0.39752395290305,0.46800864715186813,0.017192988939087994,38939.03889936388
238.2,0.3847845675675685,0.088372227161786,0.3967116793654705,-0.2964123404057825,62952.062617988755,0.42095193271551073,0.46900205001197093,0.03616736514794222,39104.51962941001
238.25,0.389238171171168,0.10825715342623238,0.3985947202748383,-0.2809810177449356,63551.100412390624,0.4444131536049638,0.4693353023803492,0.055174982433795816,39160.111299636235
238.3,0.393691774774773,0.1282225531102745,0.3999290158295537,-0.2654692216644985,63977.287080958165,0.4678741694886302,0.46899104533056846,0.07418239471385718,39102.68455115721
238.35,0.3965805022624432,0.1482407552435341,0.40070533722961044,-0.24833974701890907,64225.90691371833,0.49130069354221695,0.4679530043935613,0.09472019127977377,38929.78032372629
238.4,0.398663081447962,0.1682836452572541,0.4009151715199965,-0.2303794361907079,64293.18990196329,0.5146576521192177,0.46620598326289187,0.11599457067125568,38639.6477920213
238.45,0.4007456606334841,0.18832270140685564,0.4005507528080148,-0.21242295922662846,64176.36223002694,0.5379092392758962,0.46373589459357456,0.13716357864241208,38231.28532168941
238.5,0.402828239819003,0.20832903361656757,0.399605126568158,-0.19449920620243544,63873.70287182143,0.5610189737323056,0.46052982558553984,0.15819073391330257,37704.48360068405
238.55,0.404318027027027,0.2282734261487879,0.39807223612496745,-0.17604460087823912,63384.60206941273,0.5839497597970666,0.45657612892470584,0.17963173277003963,37059.86871179904
238.6,0.4039306396396397,0.2481263848421638,0.39594701621573974,-0.15580425479747592,62709.61586005891,0.6066639531782774,0.4518645246060582,0.20273331353863766,36298.94197288159
238.65,0.403543252252252,0.26785818885344975,0.3932254768451488,-0.13568506339880226,61850.51025603786,0.6291234318013317,0.44638619552016817,0.22558017954907966,35424.11298683908
238.7,0.4031558648648647,0.2874389460157293,0.3899047617565022,-0.11571691884913543,60810.28929615789,0.6512896708927712,0.4401338599169796,0.24813380602790652,34438.72260363012
238.75,0.402768477477478,0.30683865022776596,0.3859831697472285,-0.09592982724971205,59593.20293124713,0.6731238208133505,0.43310180710899204,0.2703553433358725,33347.05339041325
238.8,0.400281588235295,0.3260272388457537,0.3814601330799125,-0.07425434938954134,58204.733251737816,0.6945867855774293,0.4252858884911908,0.29430519734213423,32154.326568842946
238.85,0.3972698235294112,0.3449746479371,0.3763361544234188,-0.05229517559231123,56651.56045048292,0.715639299776113,0.41668346323133115,0.31836947624670175,30866.685960969975
238.9,0.39425805882353,0.3636508635110366,0.370612710941106,-0.030607195312493396,54941.51260444631,0.7362420017833791,0.4072933056546913,0.3419839429598491,29491.170992200143
238.95,0.3912462941176446,0.3820259674143904,0.36429213935927357,-0.009220326703254234,53083.505119582565,0.7563555016372651,0.3971154873600928,0.36510920751962045,28035.681831332266
239.0,0.387184756756759,0.4000701773522041,0.3573775187831041,0.012885420595445118,51087.47637262716,0.7759404427432838,0.38615125099363057,0.38875568598652477,26508.940203368154
239.05,0.381410432432434,0.41775388135779085,0.3498725685742167,0.03634344892535685,48964.32569628799,0.7949575574445141,0.3744028941182978,0.41354712501208013,24920.44926651686
239.1,0.3756361081081087,0.43504766785193116,0.34178157611025345,0.05941155974382245,46725.85830736359,0.8133677173953546,0.3618736799337806,0.4377316092872459,23280.455151789563
239.15,0.369861783783786,0.4519223530489734,0.3331093638625616,0.0820605692651874,44384.73931716819,0.8311319804049061,0.3485677867261906,0.4612701966211201,21599.911456568017
239.2,0.3640874594594562,0.46834900776590777,0.3238612982357507,0.10426154830645157,41954.45619797835,0.8482116358409577,0.33449030104700744,0.4841241763815015,19890.446487914254
239.25,0.355602556561092,0.4842989856382476,0.31404333573727683,0.12869642907715556,39449.28668839839,0.8645682507552855,0.3196472524493285,0.5089656941941936,18164.331733049734
239.3,0.346944638009054,0.4997439543641491,0.3036620956817959,0.15279931635509508,36884.267341544066,0.880163718606661,0.3040456805987063,0.5332190805976069,16434.44904724098
239.35,0.338286719457015,0.5146559309384606,0.2927249444886057,0.17636921148144563,34275.15725034291,0.8949603118571141,0.2876937205328049,0.5566735924000992,14714.25365937914
239.4,0.329628800904982,0.5290073210425076,0.28124007477043983,0.1993785201375256,31638.391862753033,0.9089207389324875,0.27060068900575296,0.5792919380275054,13017.730291624575
239.45,0.3195681891891865,0.542770961918267,0.2692165633294262,0.2232027727290805,28991.023188362775,0.9220082051644889,0.2527771548535701,0.6024400159753024,11359.340447265024
239.5,0.30821278378379,0.5559201673640977,0.2566643966423724,0.24770738358030764,26350.645001517227,0.9341864765627768,0.23423498010637644,0.6259736927789867,9753.960160966146
239.55,0.296857378378381,0.5684287730687688,0.24359445864122148,0.2715713946903878,23735.304112283906,0.9454199447427419,0.21498732447602056,0.6485625663643609,8216.808832952489
239.6,0.2855019729729725,0.5802711804129234,0.2300184824793985,0.2947692074399509,21163.40091285014,0.9556736911385477,0.19504861281304067,0.6701717181655753,6763.370908496259
239.65,0.273948429864256,0.5914223971132575,0.21594897422278153,0.3174739672490015,18653.583787148626,0.9649135487822876,0.17443447182977384,0.6909651189180317,5409.3128822279405
239.7,0.2601163031674131,0.6018580736246715,0.20139912219394773,0.3417417704572584,16224.642568197076,0.973106160405653,0.15316164892324724,0.7129898572382399,4170.3983468245415
239.75,0.246284176470593,0.6115545349993597,0.18638270857787653,0.36527035852876677,13895.40562273026,0.9802190323823287,0.13124792973849675,0.7339348559117357,3062.4033885584677
239.8,0.232452049773757,0.6204888087300862,0.17091403987254092,0.38803675895632916,11684.643610221003,0.9862205848822841,0.10871207199454773,0.7537685351085271,2101.033706195152
239.85,0.2186199230769214,0.6286386498851423,0.15500790981102575,0.4100187268082209,9610.980841593237,0.9910801994560938,0.08557377088861196,0.7724602763791724,1301.8436025060714
239.9,0.203517837837842,0.6359825653779925,0.13867960263791695,0.4324647275401505,7692.8128751242175,0.9947682658994913,0.06185366607399074,0.7912504280616492,680.1557345409338
239.95,0.187761531531524,0.642499839457743,0.12194493833588557,0.45473830792621905,5948.227194297174,0.9972562305998388,0.03757339396356055,0.8094946990683148,250.97954381172056
240.0,0.172005225225233,0.6481705624088384,0.10482035427300898,0.47616533718360543,4394.922667967645,0.9985166485689837,0.012755681630855276,0.8265114233437507,28.925762465375772
240.05,0.156248918918923,0.6529756640076467,0.08732301147789268,0.4967267450887237,3050.12333342727,0.998523240999872,-0.012575528389502304,0.842274322080949,28.114473648920608
240.1,0.1401494063348431,0.656896952570755,0.06947090901066633,0.5167475462359119,1930.4828795073117,0.9972509595032736,-0.038394938783955654,0.8571015531684305,262.0749020842137
240.15,0.12283307149322,0.6599171595552201,0.05128298906034125,0.5370840880620001,1051.977986785232,0.9946760572880087,-0.06467576187490794,0.8718429857947887,743.6362976177412
240.2,0.1055167366515781,0.6620199888494477,0.03277921698452614,0.5565032521978696,429.79082644745887,0.9907761666590245,-0.09138960534070552,0.8852594300074463,1484.8106603253175
240.25,0.0882004018099651,0.6631901691774745,0.013980624489295494,0.5749897673675094,78.18314444427554,0.9855303813840656,-0.11850639351225253,0.8973299795741004,2496.669387249929
240.3,0.0708840669683324,0.6634135076123556,-0.005090689655696291,0.5925294406440232,10.36604846824529,0.9789193419198262,-0.14599433262754571,0.9080352749514938,3789.216917219993
240.35,0.0528480252252286,0.662676942074621,-0.024411599988074684,0.6098289168493924,238.37048559110715,0.9709253212304058,-0.17381992135537197,0.9180772960051772,5371.264899553368
240.4,0.0346320567567671,0.6609685909535921,-0.043958027187887314,0.626336534196825,772.9232617004161,0.9615323090689938,-0.20194800016482423,0.9269002523122267,7250.310181434995
240.45,0.0164160882882848,0.6582777985517007,-0.06370502978255033,0.6418617102634159,1623.3323278382495,0.9507260930649534,-0.2303418273548136,0.9343100047766686,9432.4190985164
240.5,-0.0017998801801662,0.65459517581177,-0.08362689836117132,0.6563950559919361,2797.383251803871,0.9384943356712038,-0.25896316584544893,0.94029421585137,11922.11933594622
240.55,-0.0202972936651486,0.6499126366081734,-0.10369723644646482,0.6702099302733221,4301.246738653613,0.9248266468484752,-0.2877723644059844,0.9451239405136238,14722.299327255232
240.6,-0.0392950538461505,0.6442234306158451,-0.12388901451581844,0.6835184844619956,6139.395167080269,0.9097146531396751,-0.31672841857749423,0.9490097069858257,17834.113979484515
240.65,-0.0582928140271417,0.6375221743356511,-0.14417458914747716,0.6958149883627928,8314.524862337536,0.8931520644272722,-0.3457890015537216,0.951444878454414,21256.89486142572
240.7,-0.0772905742081544,0.6298048820654233,-0.16452568636611942,0.7070954562735777,10827.480589697077,0.8751347399664521,-0.37491046231174874,0.9524253141746065,24988.06306681052
240.75,-0.0962883343891347,0.6210689984855456,-0.18491335546421644,0.7173573328746803,13677.179611614265,0.8556607552492435,-0.40404779579995287,0.9519490896383782,29023.043785031183
240.8,-0.11560657207207,0.6113134340471762,-0.20530790521529216,0.7269200061192462,16860.534377556556,0.8347304708319524,-0.43315459629486874,0.9503370429040224,33355.182985132575
240.85,-0.1349452657657679,0.6005386036732875,-0.22567883806396294,0.7354838694390554,20372.375179960163,0.8123466035998897,-0.46218300955547853,0.9472918693656577,37975.66832386836
240.9,-0.154283959459454,0.5887464684348512,-0.24599479963406382,0.7430304278943052,24205.376578801282,0.7885143000701369,-0.49108370208521734,0.942798259529591,42873.45821399511
240.95,-0.173622653153162,0.5759405790385204,-0.26622355906707806,0.7495632321916823,28349.993360936805,0.7632412104376934,-0.5198058647889506,0.9368638635908555,48035.224367820236
241.0,-0.19310998642533,0.5621261192797808,-0.28633203135013036,0.7552361057051109,32794.412870836815,0.7365375612842029,-0.5482972645057658,0.929647547709533,53445.31382480101
241.05,-0.212745959276013,0.5473099472272385,-0.3062863457566108,0.7600559065032515,37524.53023877525,0.7084162243582819,-0.5765043500232787,0.9211621836342949,59085.736105913435
241.1,-0.2323819321266961,0.5315006318732219,-0.32605195788975894,0.763882563999918,42523.95169749805,0.6788927786868287,-0.604372412282057,0.9112747108135248,64936.180040468025
241.15,-0.252017904977368,0.514708483269543,-0.34559379606954815,0.766726388246911,47774.02875270417,0.6479855634637983,-0.6318457910965857,0.9000034684411663,70974.06288470581
241.2,-0.2716436666666741,0.4969455747757597,-0.36487642804986575,0.7685892414424338,53253.92309857154,0.6157157197147209,-0.6588681150267974,0.8873593863813951,77174.61208870492
241.25,-0.291151999999989,0.4782257568162364,-0.38386423072245723,0.7693777568162254,58940.69905125755,0.582107219498182,-0.6853825566368721,0.873259219498171,83510.97758970581
241.3,-0.310660333333326,0.45856466244690985,-0.4025215457121487,0.7692249957802358,64809.437904998966,0.5471868823586707,-0.7113320845406501,0.8578472156919967,89954.37057723495
241.35,-0.3301686666666631,0.43797970577864165,-0.420812807538909,0.7681483724453048,70833.36759551155,0.5109843795890106,-0.7366596965476199,0.8411530462556737,96474.2237364678
241.4,-0.349676999999989,0.41649007486242784,-0.43870263641781504,0.7661670748624169,76984.00127997664,0.47353222755236124,-0.7613086230675598,0.8232092275523503,103038.36792124866
241.45,-0.3688989502262478,0.39411672085456967,-0.4561558944560871,0.7630156710808175,83231.28001881315,0.4348657716772968,-0.7852224964865033,0.8037647219035446,109613.22115351053
241.5,-0.387959809954737,0.370882345194291,-0.47313771047786307,0.758842155149028,89543.71723049367,0.3950231628015699,-0.8083454889432112,0.7829829727563069,116163.98746574919
241.55,-0.407020669683248,0.3468113860855437,-0.48961348539412225,0.7538320557687916,95888.54603191215,0.35404532722565724,-0.8306224282273444,0.7610659969089053,122654.86547098489
241.6,-0.4260815294117586,0.32193000487999246,-0.5055488933708276,0.748011534291751,102231.87343538737,0.31197593123197853,-0.851998905688324,0.7380574606437371,129049.26849672919
241.65,-0.444848896396385,0.29626607215915063,-0.5209098955191426,0.7411149685555356,108538.8476999056,0.2688613400726706,-0.872421392400628,0.7137102364690555,135310.0597188001
241.7,-0.4625756981982031,0.26984915250884184,-0.5356627802476653,0.732424850707045,114773.84565706343,0.22475057062713436,-0.8918373780448247,0.6873262688253374,141399.806022732
241.75,-0.48030249999999,0.2427104863997458,-0.549774240062544,0.7230129863997358,120900.68601453911,0.17969523632110934,-0.9101955431220522,0.6599977363210994,147281.05363897735
241.8,-0.498029301801797,0.21488296722063333,-0.563211488387039,0.7129122690224303,126882.87226045753,0.133749482483829,-0.9274459691017316,0.631778784285626,152916.62677387556
241.85,-0.5157561036036041,0.18640111153580802,-0.5759424128550048,0.7021572151394122,132683.8651700979,0.08696991029722387,-0.9435403837657058,0.602726013900828,158269.9476971974
241.9,-0.531715999999996,0.15730102096107532,-0.5879357548532023,0.6890170209610713,138267.38073392192,0.03941548778586061,-0.9584324317868234,0.5711314877858565,163305.37356458735
241.95,-0.5471775384615458,0.12762033472943274,-0.5991612997371757,0.6747978731909785,143597.70524109667,-0.008852553019950811,-0.9720779543966214,0.538324985441595,167988.54211980797
242.0,-0.56263907692307,0.09739817283418015,-0.6095900606302218,0.6600372497572502,148640.016807663,-0.057770832747588076,-0.9844352595683863,0.5048682441754819,172286.71649448463
242.05,-0.578100615384612,0.06667507050339459,-0.6191944387314472,0.6447756858880066,153360.70118238076,-0.10727395420954519,-0.9954653633071993,0.4708266611750668,176169.11814121497
242.1,-0.5922821081081078,0.035492905539403236,-0.6279483467170589,0.627775013647511,157727.65045787505,-0.15729464291882672,-1.0051321856636328,0.43498746518928105,179607.23745012473
242.15,-0.604187963963959,0.0038948205888543336,-0.6358272872438948,0.6080827845528134,161710.53568157213,-0.20776389602752204,-1.0134026902403197,0.396424067936437,182575.11334867866
242.2,-0.6160938198198248,-0.028074857357528175,-0.6428083859684872,0.5880189624622967,165281.04842856465,-0.25861113672984043,-1.0202469634991456,0.3574826830899844,185049.57627186258
242.25,-0.627999675675669,-0.060370698104301186,-0.6488703854913932,0.5676289775713678,168413.1108670997,-0.30976437119628003,-1.0256382377487216,0.3182353044793889,187010.4523968539
242.3,-0.639905531531527,-0.09294624834956242,-0.6539936122965205,0.5469592831819645,171083.05796986065,-0.36115034545129726,-1.0295528682453567,0.2787551860802297,188440.73040217618
242.35,-0.6476314479638002,-0.12575410978885862,-0.6581599327143238,0.5218773381749416,173269.7988122093,-0.41269470027950106,-1.0319702799238035,0.23493674768429917,189326.6948704024
242.4,-0.654993891402711,-0.15874601508986358,-0.6613527144691536,0.49624787631284745,174954.9651742871,-0.46432212306727494,-1.0328729009619129,0.1906717683354361,189658.0319184849
242.45,-0.6623563348416313,-0.19187290240976695,-0.6635568090987853,0.4704834324318643,176123.05556054474,-0.5159564963525322,-1.0322461001520282,0.1463998384890991,189427.91311627932
242.5,-0.669718778280538,-0.22508498978497532,-0.6647585654496987,0.44463378849556273,176761.58013549654,-0.567521043618081,-1.0300781407450095,0.10219773466245707,188633.06240723477
242.55,-0.674445382882882,-0.2583318510569494,-0.664945877679564,0.41611353182593264,176861.2080972183,-0.6189384733325828,-1.0263601570390495,0.055506909550299244,187273.80834795063
242.6,-0.6765361486486482,-0.2915624950067354,-0.6641082644414257,0.38497365364191277,176415.91475976104,-0.6701311223948974,-1.0210861532050821,0.006405026253750834,185354.1212919382
242.65,-0.678626914414413,-0.32472544904056394,-0.6622369698270789,0.3539014653738491,175423.12168230055,-0.7210210999397023,-1.0142530173467492,-0.042394185525289285,182881.63256835294
242.7,-0.68071768018018,-0.35776884817924864,-0.659325071886369,0.32294883200093133,173883.82016718626,-0.7715304319780119,-1.0058605383721149,-0.09081275179783188,179867.63069408725
242.75,-0.682480710407243,-0.3906405293052243,-0.6553675815279625,0.2918401811020187,171802.6667671242,-0.8215812066153858,-0.995911409432966,-0.1391004962081428,176327.02852244565
242.8,-0.679109217194572,-0.423288129776609,-0.6503615161171199,0.25582108741796294,169188.04065846352,-0.8710957187735805,-0.9844112024164363,-0.19198650157900854,172278.29607875092
242.85,-0.6757377239819011,-0.4556591888271671,-0.6443059355760257,0.22007853515473402,166052.0554473991,-0.9199966126441246,-0.9713683008972637,-0.24425888866222345,167743.35573120657
242.9,-0.672366230769232,-0.4877012496859515,-0.6372019348570798,0.18466498108328044,162410.52231424244,-0.9682070195890178,-0.9567937847502093,-0.2958407888197858,162747.43938428976
242.95,-0.6689947375565571,-0.5193619602332785,-0.6290525933655156,0.14963277732327862,158282.86608795225,-1.0156506890546375,-0.9407012664518011,-0.3466559514980804,157318.91070293734
243.0,-0.662246873873877,-0.5505891701789367,-0.6198628882519464,0.11165770369494032,153692.000092818,-1.0622521102168387,-0.923106685898287,-0.4000052363429617,151489.05840891
243.05,-0.653599801801803,-0.581331023274382,-0.609639585045931,0.07226877852742097,148664.16946198995,-1.1079366226144967,-0.9040280778833455,-0.45433682081269366,145291.8694402589
243.1,-0.6449527297297302,-0.6115360438419036,-0.5983911226708853,0.033416685887826536,143228.77427652903,-1.1526305148566653,-0.883485330885379,-0.5076777851269352,138763.7919803818
243.15,-0.636305657657661,-0.641153217784769,-0.5861275103839438,-0.004847560127107964,137418.18337155206,-1.196261111473964,-0.861499957260743,-0.5599554538163031,131943.49801960215
243.2,-0.6266644705882303,-0.6701320690497196,-0.5728602507719599,-0.04346759846148929,131267.54676580513,-1.2387568489400322,-0.8380948922913519,-0.612092378351802,124871.65306397383
243.25,-0.613046823529419,-0.6984227331138414,-0.5586022992433761,-0.08537590958442243,124814.61148799454,-1.2800473426679855,-0.8132943362931342,-0.6670005191385665,117590.69821270928
243.3,-0.599429176470593,-0.7259760294628761,-0.5433680639258446,-0.12654685299228308,118099.5411578083,-1.320063447374472,-0.7871236475648035,-0.7206342709038789,110144.64649879483
243.35,-0.5858115294117662,-0.7527435350085302,-0.5271734424094282,-0.16693200559676402,111164.73535272268,-1.3587373133707743,-0.7596092861327155,-0.7729257839590081,102578.89201405397
243.4,-0.572193882352948,-0.7786776600683871,-0.5100358850844537,-0.20648377771543913,104054.64162955285,-1.3960024411759577,-0.7307788008496979,-0.8238085588230097,94940.02769267955
243.45,-0.5551472837837788,-0.8037317278627064,-0.49197446999668065,-0.24858444407892766,96815.55165140593,-1.431793736293719,-0.700660846567664,-0.8766464525099402,87275.66611785167
243.5,-0.537133545045057,-0.8278600577040378,-0.4730099729090377,-0.29072651265898086,89495.37378856343,-1.4660475652787166,-0.6692852157733716,-0.9289140202336597,79634.25778716597
243.55,-0.519119806306315,-0.8510180512364356,-0.4531649169854526,-0.33189824493012055,82143.37679457285,-1.4987018134071302,-0.6366828687487732,-0.9795820071008151,72064.90228589646
243.6,-0.501106067567572,-0.8731622803888688,-0.43246359003248347,-0.37205621282129675,74809.90268151357,-1.5296959435341608,-0.6028859489966528,-1.0285898759665888,64617.14977735017
243.65,-0.481699846153861,-0.894250575216929,-0.4109320221369643,-0.41255072906306794,67546.05072702981,-1.5589710551561509,-0.5679277750399407,-1.0772712090022898,57340.79247321201
243.7,-0.4595905701357434,-0.9142421096381304,-0.3885979248225325,-0.45465153950238696,60403.33887055146,-1.5864699424342719,-0.5318428078422583,-1.1268793722985284,50285.64840062886
243.75,-0.437481294117665,-0.9330974833220458,-0.36549059963793185,-0.4956161892043808,53433.351369478,-1.6121371501044457,-0.4946666001666722,-1.1746558559867806,43501.341390302994
243.8,-0.415372018099561,-0.9507787985035239,-0.3416408291652666,-0.5354067804039628,46687.382461092355,-1.6359190266382369,-0.4564357398189881,-1.2205470085386758,37037.08170384124
243.85,-0.3932627420814546,-0.9672497312382161,-0.3170807661115582,-0.5739869891567615,40216.08489515707,-1.6577637747366694,-0.4171878021438805,-1.2645010326552146,30941.451068025173
243.9,-0.368008306306323,-0.9824755974067818,-0.2918438371391406,-0.6144672911004588,34069.130110438884,-1.67762150002992,-0.37696132887081574,-1.3096131937235969,25262.19439360912
243.95,-0.3424803783783725,-0.9964234146001503,-0.26596467601418633,-0.6539430362217777,28294.883554932443,-1.6954442597208839,-0.3357958489745916,-1.3529638813425113,20046.018166856305
244.0,-0.316952450450465,-1.0090619615918968,-0.2394790950930026,-0.6921095111414317,22940.094794625355,-1.7111861135482032,-0.293731951982894,-1.394233663097738,15338.392820565536
244.05,-0.291424522522529,-1.0203618374117671,-0.2124240974407432,-0.7289373148892382,18049.598869405745,-1.724803179823869,-0.2508114174087146,-1.43337865730134,11183.354151567726
244.1,-0.2644879185520358,-1.0302955219377563,-0.18483792406262003,-0.7658076033857205,13666.023268711555,-1.7362536992632334,-0.20707739571182612,-1.4717657807111975,7623.2973892963955
244.15,-0.236025248868788,-1.0388374395148996,-0.1567601256847849,-0.8028121906461116,9829.494801883822,-1.7454981089434114,-0.16257463035301623,-1.5094728600746234,4698.757410563532
244.2,-0.2075625791855078,-1.0459640264640009,-0.12823164359453076,-0.8384014472784931,6577.3417675819055,-1.7524991280625994,-0.11734970455261787,-1.5449365488770916,2448.169450415414
244.25,-0.179099909502276,-1.0516538024882556,-0.09929488200190113,-0.8725538929859795,3943.789436708588,-1.7572218562439808,-0.07145129316675138,-1.5781219467417047,907.6066302579649
244.3,-0.150524936486495,-1.0558874451255955,-0.0699937546198664,-0.9053625086391005,1959.6502743144276,-1.7596338841379513,-0.024930399256567717,-1.6091089476514564,110.49329903855507
244.35,-0.1201905445945977,-1.0586478656066554,-0.04037369325516159,-0.9384573210120577,652.0140428247521,-1.759705415109128,0.022159440855092652,-1.6395148705145304,87.29614560183988
244.4,-0.0898561527027171,-1.059920284062596,-0.010481612336873693,-0.970064131359879,43.94567887220112,-1.7574093961658903,0.06976199457190846,-1.6675532434631732,865.1974909601751
244.45,-0.0595217608108021,-1.0596923018370867,0.019634170519592972,-1.0001705410262847,154.20026079698152,-1.7527216558729057,0.1178182165303111,-1.6931998950621037,2467.756826023693
244.5,-0.029187368918939,-1.0579539688685393,0.04992405089109611,-1.0287665999496003,996.9643429507017,-1.7456210469767168,0.166266175856141,-1.7164336780577778,4914.567330457815
244.55,0.0018171402714787,-1.0546978445718485,0.0803372785739063,-1.056514984843327,2581.6313314645695,-1.7360895917390209,0.21504101852446791,-1.7379067320104995,8220.913715207209
244.6,0.0332323665158292,-1.049919051397761,0.11082210668663373,-1.0831514179135902,4912.615732185452,-1.7241126285592296,0.2640749510552667,-1.7573449950750588,12397.436404416265
244.65,0.0646475927601619,-1.0436153210747636,0.14132593286502523,-1.1082629138349256,7989.207720067848,-1.7096789591765054,0.3132972314937569,-1.7743265519366673,17449.805379849367
244.7,0.0960628190045302,-1.0357870342788023,0.1717954189881267,-1.1318498532833325,11805.4663941224,-1.692780996404382,0.3626341553147647,-1.7888438154089124,23378.405440151622
244.75,0.127417927927905,-1.02643725503394,0.202176581715632,-1.153855182961845,16350.148077687048,-1.673414912862242,0.412009029251526,-1.800832840790147,30178.03381062841
244.8,0.158532567567555,-1.0155717613696116,0.23241485145314822,-1.1741043289371667,21606.66527039558,-1.6515807913586198,0.4613421312732154,-1.8101133589261749,37837.61103781559
244.85,0.1896472072072046,-1.0031990737448617,0.26245510450790416,-1.1928462809520664,27553.072752901957,-1.6272827775323315,0.510550662272131,-1.8169299847395362,46339.90733271316
244.9,0.220761846846836,-0.9893304822956825,0.29224167998658945,-1.2100923291425185,34162.079808553666,-1.6005292348503772,0.5595487023705499,-1.8212910816972132,55661.28894658954
244.95,0.2518764864865031,-0.9739800733042128,0.3217183971470055,-1.2258565597907158,41401.09082513535,-1.571332901318709,0.6082471896402821,-1.823209387805212,65771.4922142758
245.0,0.282056307692297,-0.9571647544226451,0.3508285902691704,-1.2392210621149422,49232.27990010138,-1.539711046271828,0.6565539411784678,-1.821767353964125,76633.43603146293
245.05,0.311940923076919,-0.938904277403903,0.3795151758841619,-1.2508452004808222,57612.70749055454,-1.5056856246661412,0.7043737348698998,-1.8176265477430602,88203.08593325724
245.1,0.34182553846154,-0.919221256404258,0.4077207640650119,-1.261046794865798,66494.48857990284,-1.4692834254304457,0.7516084673802401,-1.8111089638919857,100429.38457558639
245.15,0.371710153846145,-0.8981411794991704,0.4353878187991697,-1.2698513333453154,75825.02110347945,-1.430536209810659,0.7981573971776916,-1.802246363656804,113254.26323012753
245.2,0.4007279230769365,-0.8756924109770542,0.4624588657072246,-1.2764203340539906,85547.28098848512,-1.389480835391828,0.8439174740949571,-1.7902087584687645,126612.74721472224
245.25,0.428062990950214,-0.8519061822417979,0.48887673767342577,-1.279969173192012,95600.18585528462,-1.3461593616066645,0.8887837482749887,-1.7742223525568785,140433.16465737575
245.3,0.455398058823523,-0.8268165697872953,0.5145848439137436,-1.2822146286108183,105919.02463429274,-1.3006191330911197,0.9326498449489088,-1.7560171919146428,154637.46369479533
245.35,0.4827331266968315,-0.8004604594870433,0.5395274450784671,-1.2831935861838748,116435.94559715931,-1.2529128380189236,0.9754084870359762,-1.7356459647157552,169141.63850343326
245.4,0.510068194570125,-0.7728774973565975,0.5636499167373842,-1.2829456919267224,127080.49145522404,-1.2030985395322045,1.0169520457117285,-1.7131667341023293,183856.26013818124
245.45,0.5337626936937023,-0.744110027747607,0.586898986301429,-1.2778727214413093,137780.16804865797,-1.151239679332885,1.057173100371244,-1.6850023730265873,198687.1047375197
245.5,0.557140621621608,-0.7142030205932347,0.6092229330342187,-1.2713436422148428,148461.03285392644,-1.097405053372485,1.095964992850195,-1.6545456749940932,213535.86943166723
245.55,0.580518549549541,-0.6832039896475234,0.6305717484407372,-1.2637225391970643,159048.29197264332,-1.041668760160794,1.133222367652109,-1.622187309710335,228300.96614169807
245.6,0.6038964774774719,-0.6511629036286981,0.6508972608052515,-1.2550593811061699,169466.8976495118,-0.9841101224678367,1.1688416960982217,-1.5880065999453086,242878.3840956032
245.65,0.624804963800895,-0.6181320918402304,0.6701532336249372,-1.2429370556411254,179642.14261518384,-0.9248135831501975,1.2027217883461299,-1.5496185469510926,257162.6133622245
245.7,0.6430382217194613,-0.5841661452381188,0.6882954517026735,-1.2272043669575803,189500.2515338349,-0.8638685755095795,1.23476430158921,-1.5069067972290409,271047.6231962826
245.75,0.661271479637996,-0.5493218131770481,0.7052818105930524,-1.210593292815044,198968.97294136568,-0.8013693681163657,1.2648742551684435,-1.4626408477543618,284427.89002452
245.8,0.679504737556552,-0.5136578952935641,0.7210724235375713,-1.1931626328501161,207978.17599453861,-0.7374148834916463,1.292960562271526,-1.4169196210481982,297199.4694381334
245.85,0.6973534864864838,-0.47723512740035007,0.7356297551933477,-1.1745886138868338,216460.45469032988,-0.6721084896711182,1.3189365833876807,-1.3694619761576021,309261.1041774877
245.9,0.709178261261255,-0.440116059932525,0.7489187858758158,-1.14929432119378,224351.73913508243,-0.6055577635447562,1.3427207011851343,-1.3147360248060114,320515.3566917509
245.95,0.7210030360360408,-0.4023649274767565,0.7609072027496185,-1.1233679635127973,231591.90847849965,-0.5378742250624695,1.3642369089938753,-1.2588772610985104,330869.7500197624
246.0,0.732827810810805,-0.3640475082596029,0.7715656083757289,-1.096875319070408,238125.39521128344,-0.4691730419647936,1.3834153985927806,-1.2020008527755985,340237.8960113106
246.05,0.744652585585584,-0.3252309730767562,0.7808677314984649,-1.0698835586623403,243901.76563822344,-0.3995727055528117,1.4001931268818155,-1.1442252911383957,348540.58534525795
246.1,0.7521278914027157,-0.28598372401097805,0.7887906217975699,-1.0381116154136938,248876.25801431877,-0.3291946791590744,1.4145143372190925,-1.0813225705617902,355706.81070193223
246.15,0.756937393665157,-0.24637522417912444,0.7953148112728408,-1.0033126178442815,253010.25961198175,-0.2581630221839689,1.4263310116751386,-1.015100415849126,361674.69419843995
246.2,0.7617468959276048,-0.20647582054555083,0.8004244284450484,-0.9682227164731556,256271.70626063293,-0.1866039936850864,1.4356032338201885,-0.9483508896126912,366392.2924364414
246.25,0.766556398190043,-0.16635656239265834,0.804107256919206,-0.9329129605827013,258635.39225205203,-0.1146456403836099,1.4422994473161255,-0.8812020385736529,369818.25701838237
246.3,0.769913684684685,-0.12608901832325164,0.8063547356646956,-0.8960027030079367,260083.18389155244,-0.04241737453224241,1.4463966021561934,-0.8123310592169274,371922.33435181895
246.35,0.7674621081081076,-0.08574509460456323,0.8071619068830166,-0.8532072027126708,260604.13756921102,0.02995045272909959,1.4478801901544034,-0.737511655379008,372685.6968962758
246.4,0.765010531531533,-0.045396857181463246,0.8065273234833402,-0.8104073887129962,260194.5294100802,0.10232697721325341,1.4467441791210907,-0.6626835543182795,372101.1057459126
246.45,0.7625589549549535,-0.00511635900069736,0.8044529322895403,-0.7676753139556509,258857.8081076959,0.17458124200833885,1.4429908611703186,-0.5879777129466146,370172.9111859659
246.5,0.76010737837838,0.03502452658467113,0.8009439500293407,-0.7250828517937089,256604.4844354412,0.24658260845868565,1.4366306335311514,-0.5135247699196944,366916.9026133542
246.55,0.752403371040728,0.07495426634978217,0.7960087474499485,-0.6774491046909458,253451.97040673438,0.31820115488105355,1.4276817303569003,-0.4342022161596744,362360.02190131077
246.6,0.7430407013574617,0.11460182240964369,0.7896587536432756,-0.628438878947818,249424.3788821806,0.3893080610102281,1.4161699223353728,-0.3537326403472336,356539.95536486676
246.65,0.733678031674213,0.15389680328567076,0.7819083864324806,-0.5797812283885422,244552.28990937816,0.4597759768738917,1.402128195804436,-0.27390205480032126,349504.6182168539
246.7,0.7243153619909465,0.19276961213349125,0.772775007457352,-0.5315457498574552,238872.48486028417,0.5294793752364112,1.3855964165184678,-0.19483598675453528,341311.543016679
246.75,0.712836058558569,0.23115159316559772,0.7622788928986453,-0.4816844653929713,232427.64422351372,0.5982948868094158,1.3666209756611216,-0.11454117174915324,332027.1806430144
246.8,0.697247995495503,0.26897517674337085,0.7504432075122759,-0.42827281875213213,225266.0030805251,0.6661016171958526,1.3452544121875742,-0.03114637829965039,321726.121512913
246.85,0.6816599324324282,0.3061740229519955,0.7372939671386551,-0.3754859094804327,217440.95759162251,0.7327814441831676,1.3215550026179654,0.05112151175073942,310490.24443459034
246.9,0.66607186936938,0.34268316269133464,0.7228599748005452,-0.32338870667804537,209010.61726745794,0.7982192935039177,1.2955863087582888,0.13214742413453773,298407.80150078726
246.95,0.6504838063063022,0.3784391346497186,0.7071727179603614,-0.2720446716565836,200037.30121097795,0.8623033907705971,1.267416675757683,0.21181958446429494,285572.44977576105
247.0,0.6298511085973,0.41338011601541025,0.6902662207699829,-0.21647099258188973,190586.9822144299,0.9249254870106728,1.2371186787945456,0.2950743784133728,272082.244519531
247.05,0.60865789592761,0.447446044695745,0.6721768526052492,-0.161211851231865,180728.68847131956,0.9859810553633893,1.2047685240851922,0.3773231594357793,258038.61273358442
247.1,0.5874646832579069,0.48057873101391513,0.6529431007497227,-0.10688595224399178,170533.87712666503,1.0453694569233183,1.1704454166546272,0.4579047736654114,243545.32859872424
247.15,0.566271470588241,0.5127219574253368,0.6326053208301359,-0.05354951316290424,160075.79677703965,1.102994074525974,1.1342309134580282,0.5367226039377331,228707.51378557034
247.2,0.5428499189189043,0.5438215655340647,0.6112054813581766,0.0009716466151603598,149428.85617691217,1.1587624142704196,1.0962082836649412,0.6159124953515153,213630.6846534464
247.25,0.517014333333343,0.5738255305828636,0.5887869213035279,0.05681119724952055,138668.01547923472,1.2125861757513756,1.0564619009392622,0.6955718424180326,198419.86633532436
247.3,0.491178747747753,0.6026840245108641,0.5653941375021229,0.11150527676311112,127868.21228870777,1.2643812931974252,1.0150766907174888,0.7732025454496723,183178.78898452772
247.35,0.4653431621621472,0.6303494693838682,0.5410726136734312,0.16500630722172094,117103.82930695923,1.314067950733281,0.9721376504074521,0.8487247885711339,168009.17534928385
247.4,0.439360194570147,0.6567765834248265,0.5158686952116971,0.21741638885467945,106448.20427976754,1.361570575704483,0.927729452366997,0.9222103811343358,153010.12209585213
247.45,0.4098400588235172,0.681922421895281,0.48982950805125186,0.27208236307176376,95973.17878309256,1.4068178142898513,0.8819361327551415,0.9969777554663342,138277.57195717236
247.5,0.380319923076939,0.7057464148745068,0.46300291343743794,0.32542649179756783,85748.67914062226,1.449742493633763,0.8348408616743308,1.069422570556824,123903.86921264695
247.55,0.350799787330326,0.7282104033841554,0.4354374847384062,0.3774106160538294,75842.3212461239,1.4902815742735451,0.7865257828042319,1.139481786943219,109977.38791392173
247.6,0.3212796515836955,0.74927867457144,0.40718248990855166,0.42799902298774456,66319.03203525112,1.5283760959658708,0.7370719066037006,1.2070964443821752,96582.22142300698
247.65,0.290438720720736,0.7689179957991493,0.37828786298407535,0.4784792750784133,57240.68291242342,1.5639711191346302,0.6865590393516754,1.2735323984138942,83797.92258053251
247.7,0.258788270270261,0.7870976467741148,0.3488041525691971,0.5283093765038538,48665.73473980629,1.5970156633563526,0.635065733562313,1.3382273930860915,71699.2863902291
247.75,0.227137819819841,0.803789448366206,0.318782440285453,0.576651628546365,40648.89769373936,1.6274626436733044,0.5826692493793517,1.4003248238534634,60356.169630630604
247.8,0.195487369369384,0.8189677865734124,0.28827422874010894,0.6234804172040285,33240.81238228186,1.6552688051445321,0.5294455226121645,1.4597814357751482,49833.34425138986
247.85,0.1636855760180905,0.8326096302288919,0.2573313044460013,0.6689240542108014,26487.760099152234,1.680394655986832,0.4754691408591451,1.5167090799687415,40190.382917214854
247.9,0.131194331674229,0.844694541467541,0.22600558811285035,0.713500209793312,20431.410343294145,1.7028043998850049,0.4208133364113723,1.5716100682107759,31481.57584029703
247.95,0.0987030873303121,0.8552046787316275,0.19434898827827013,0.7565015914013155,15108.611697914872,1.7224658686398773,0.3655500087458394,1.6237627813095652,23755.877136725918
248.0,0.0662118429864508,0.8641247928695025,0.16241327417216692,0.7979129498830517,10551.228650929384,1.7393504569543325,0.30974978994972335,1.6731386139678817,17056.87686647071
248.05,0.0337205986425526,0.8714422176631642,0.13024998171727944,0.8377216190206116,6786.023094940652,1.7534330618262675,0.25348216498213366,1.7197124631837148,11422.7925269386
248.1,0.0018141477477385,0.8771468566796715,0.09791036163731384,0.875332708931933,3834.575566379831,1.7646920294856807,0.1968156540570395,1.7628778817379422,6886.4714101156
248.15,-0.0299076315315146,0.8812311686664362,0.06544537298856729,0.9111388001979508,1713.2387382450772,1.7731091130554613,0.13981805878959785,1.8030167445869758,3475.3937002118123
248.2,-0.061629410810822,0.883690153681157,0.032905717637255624,0.945319564491979,433.1145012891184,1.7786694439952322,0.0825567656025503,1.8402988548060542,1211.6656972007881
248.25,-0.0933511900900753,0.8845213417518746,0.000341904801814355,0.9778725318419499,0.046759557401485345,1.7813615198749075,0.02509909279375353,1.8747127099649827,111.99368161234675
248.3,-0.124591936651578,0.8837247851902003,-0.032195670410490373,1.0083167218417783,414.62447727237014,1.7811772101939622,-0.03248733844607035,1.9057691468455402,187.63149498835924
248.35,-0.1548104886878011,0.8813030548091983,-0.0646566519960806,1.0361135434969995,1672.1930589369094,1.778111780883132,-0.09013423125497469,1.932922269570933,1444.29860336449
248.4,-0.185029040723972,0.8772612394529105,-0.09699066839360287,1.0622902801768825,3762.8759021751343,1.7721639370238738,-0.14777226096092919,1.9571929777478458,3882.0695305786594
248.45,-0.2152475927601941,0.8716069474469155,-0.12914731196889753,1.0868545402071095,6671.611275516698,1.7633358822250111,-0.2053307636848384,1.9785834749852051,7495.239558293149
248.5,-0.245466144796366,0.8643503080471953,-0.16107616042975986,1.1098164528435612,10378.211783517496,1.7516333922384502,-0.26273748011513437,1.9970995370348161,12272.174836844557
248.55,-0.273345432432425,0.8555039707352184,-0.19272684096386153,1.1288494031676435,14857.45409116383,1.7370658998341921,-0.3199183618207322,2.0104113322666173,18195.157018677495
248.6,-0.3009648018018147,0.8450831003648562,-0.2240491304406595,1.146047902166671,20079.20514048626,1.7196465877952172,-0.37679743949424815,2.0206113895970317,25240.232961674952
248.65,-0.328584171171158,0.8331053666350109,-0.25499307995661036,1.161689537806169,26008.58833030331,1.6993924870793504,-0.43329674657510797,2.0279766582505085,33377.07921645748
248.7,-0.3562035405405479,0.8195909270439786,-0.28550914822105355,1.1757944675845264,32606.18948716461,1.6763245776459301,-0.48933628680862407,2.032528118186478,42568.88917113813
248.75,-0.382426923076907,0.8045624032991275,-0.31554832748514705,1.1869893263760345,39828.298791469446,1.6504678900900078,-0.5448340322900755,2.032894813166915,52772.28848737122
248.8,-0.407011538461528,0.7880448519217632,-0.3450622476445869,1.1950563903832911,47627.18189981368,1.6218516068795261,-0.5997059393459145,2.028863145341054,63937.282433202796
248.85,-0.431596153846162,0.7700657304062802,-0.37400324910555527,1.2016618842524422,55951.37213660481,1.5905091625482264,-0.6538659736438491,2.0221053163943883,76007.23759808335
248.9,-0.456180769230755,0.7506548605868593,-0.4023244216068216,1.2068356298176144,64745.976088505406,1.5564783424669781,-0.7072261419489297,2.012659111697733,88918.90059661648
248.95,-0.4806140000000038,0.7298443908506483,-0.42997961281641206,1.210458390850652,73952.98697510065,1.5198013797982002,-0.7596965343220707,2.000415379798204,102602.45764639381
249.0,-0.501413999999987,0.7076687584747451,-0.45692341680340676,1.2090827584747321,83511.60352931991,1.480525049876857,-0.8111853869102708,1.981939049876844,116981.6412332028
249.05,-0.522213999999994,0.6841646527495004,-0.483111156760204,1.2063786527494944,93358.55591447296,1.4387007606381002,-0.8615991800214216,1.9609147606380941,131973.8928024153
249.1,-0.5430140000000118,0.659370978757517,-0.5084988788851545,1.2023849787575287,103428.44393098363,1.3943846368940662,-0.9108427890519347,1.9373986368940779,147490.5931320724
249.15,-0.563813999999995,0.6333288208444746,-0.5330433730391064,1.1971428208444697,113654.0950163632,1.3476375953891748,-0.9588197047876466,1.91145159538917,163437.37356250128
249.2,-0.5822293393665255,0.6060814041400786,-0.5567022315116462,1.1883107435066043,123966.94982801861,1.2985254068393304,-1.0054323352956174,1.8807547462058558,179714.521041422
249.25,-0.59905490497737,0.5776740520590841,-0.5794339513513695,1.176728957036454,134297.48159146452,1.2471187406962174,-1.0505823953472435,1.8461736456735873,196217.48789574258
249.3,-0.615880470588233,0.5481541376046992,-0.6011980792863388,1.1640346081929323,144575.6522150332,1.1934931882645763,-1.0941713820722367,1.8093736588528093,212837.51348370998
249.35,-0.6327060361991051,0.5175710265152295,-0.621955391038782,1.1502770627143346,154731.40337688167,1.13772926006365,-1.1361011271226698,1.7704352962627552,229462.35929767124
249.4,-0.648735567567564,0.4859760108763725,-0.6416680907620744,1.1347115784439366,164695.17548089832,1.079912354019042,-1.1762744080188954,1.7286479215866062,245977.15252625826
249.45,-0.6611387207207271,0.45342223261838555,-0.6603000131651162,1.1145609533391125,174398.44295434107,1.0201326920626559,-1.2145955965038575,1.681271412783383,262265.3267638332
249.5,-0.673541873873868,0.4199645972167708,-0.6778168105173782,1.0935064710906388,183774.25144798055,0.9584852238967287,-1.2509713197023122,1.6320270977705968,278209.64314982126
249.55,-0.685945027027024,0.3856596787449807,-0.6941861094025943,1.0716047057720046,192757.74179500426,0.8950694978647284,-1.2853111111254671,1.5810145248917524,293693.27153468144
249.6,-0.6983481801801842,0.35056561807540454,-0.7093776268556641,1.0489137982555887,201286.6469933495,0.8299894999391925,-1.3175280322738225,1.5283376801193767,308600.90948041435
249.65,-0.70757235746606,0.31474201639020527,-0.7233632416648815,1.0223143738562652,209301.7517567703,0.7633534626623368,-1.347539251168783,1.4709258201283968,322819.9170560932
249.7,-0.7156795972850707,0.27824982619957506,-0.7361170239758388,0.9939294234846457,216747.30919481826,0.6952736463872343,-1.3752665714500971,1.4109532436723051,336241.4475641076
249.75,-0.723786837104068,0.24115124171989422,-0.747615233424023,0.9649380788239622,223571.41489906257,0.6258660952873932,-1.400636913239559,1.3496529323914612,348761.5578185316
249.8,-0.731894076923074,0.20350958983943132,-0.7578362999669728,0.9354036667625053,229726.34301905258,0.5552503704085238,-1.4235827517877513,1.2871444473315976,360282.2846555709
249.85,-0.7386021711711721,0.16538922214844634,-0.7667608030700107,0.9039913933196184,235168.8516498271,0.4835492616662979,-1.4440425225055047,1.22215143283747,370712.6767651664
249.9,-0.742337081081079,0.12685540773170995,-0.774371464280322,0.8691924888127889,239860.46587666002,0.41088848023806035,-1.461961001548395,1.1532255613191393,379969.77245304646
249.95,-0.7460719909909921,0.08797422574163713,-0.780653164958199,0.8340462167326292,243767.74558370124,0.33739633238142264,-1.4772896689759265,1.0834683233724147,387979.51396675606
250.0,-0.749806900900898,0.048812456323481634,-0.785592994689204,0.7986193572243796,246862.54132190064,0.26320337547915523,-1.4899870561848618,1.0130102763800533,394677.58712860994
250.05,-0.753541810810809,0.009437468373006803,-0.7891803287947736,0.7629792791838158,249122.23654265082,0.18844205719288434,-1.5000190728471692,0.9419838680036933,400010.17224982777
250.1,-0.7533397556561086,-0.030082897152841508,-0.7914069268163881,0.723256858503267,250529.96952518396,0.11324633899711278,-1.5073593024201937,0.8665860946532213,403934.5896164787
250.15,-0.75260084162896,-0.0696804491017586,-0.7922670386329289,0.6829203925272014,251074.82420167635,0.037751306050391106,-1.5119892502599184,0.7903521476793511,406419.8209602756
250.2,-0.7518619276018096,-0.10928677315953172,-0.7917575023733863,0.6425751544422779,250751.9770258171,-0.03790723377246269,-1.513898525981061,0.7139546938293468,407446.88834980066
250.25,-0.751123013574661,-0.14883336322772606,-0.7898778176072114,0.602289650346935,249562.78669917246,-0.11359315792660289,-1.5130849412022078,0.6375298556480582,407009.0736520691
250.3,-0.74820031981982,-0.18825175553538867,-0.7866301795907337,0.5599485642844314,247514.81577717996,-0.18917043966518526,-1.5095545064661753,0.5590298801546347,405111.9658653046
250.35,-0.7427140585585549,-0.22747366329952026,-0.7820194662248555,0.5152403952590346,244621.77822184315,-0.26450355561339844,-1.5033213176766616,0.47821050294515643,401773.3305210834
250.4,-0.737227797297299,-0.2664311095129852,-0.7760531766317209,0.4707966877843138,240903.41318407402,-0.339457884855873,-1.4944073307063517,0.397769912441426,397022.8035678015
250.45,-0.7317415360360338,-0.30505655555380723,-0.7687413268026843,0.42668498048222653,236385.29101374056,-0.41390009408163775,-1.4828420307926231,0.317841441954396,390901.4201395894
250.5,-0.726154076923082,-0.34328302372427766,-0.7600963133845057,0.3828710531988043,231098.56224828667,-0.4876985038443755,-1.4686620106195372,0.23845557307870646,383460.995811026
250.55,-0.715607923076926,-0.3810442125150328,-0.7501327619743242,0.3345637105618932,225079.66423489124,-0.5607234318688605,-1.4519104780929708,0.15488449120806547,374763.38424820604
250.6,-0.705061769230764,-0.4182746042778425,-0.7388673779400796,0.2867871649529215,218370.0008736194,-0.6328475105001836,-1.4326367182518283,0.0722142587305804,364879.63848593214
250.65,-0.69451561538462,-0.45490956585463665,-0.7263188164960338,0.23960604952998338,211015.6092784797,-0.7039459766173841,-1.4108955340153615,-0.009430361232764084,353889.10362746526
250.7,-0.6839694615384563,-0.49088544346756163,-0.7125075844210106,0.19308401807089465,203066.82314298543,-0.7738969335200503,-1.386746687293465,-0.08992747198159401,341878.4666167821
250.75,-0.670319648648658,-0.5261396536198185,-0.6974559792892007,0.1441799950288395,194577.93721850315,-0.8425815852164352,-1.36025435609961,-0.17226193656777722,328940.7845845271
250.8,-0.654600729729736,-0.5606107719058547,-0.6811880660067299,0.09398995782388131,185606.87250799558,-0.9098844441834747,-1.331486617322976,-0.25528371445373865,315174.50881958776
250.85,-0.6388818108108051,-0.5942386214494559,-0.6637296837420892,0.044643189361349145,176214.83723214947,-0.9756935139735806,-1.3005149576835424,-0.33681170316277553,300682.51647264464
250.9,-0.623162891891901,-0.6269643621948592,-0.6451084706850742,-0.0038014703029581876,166465.97557985407,-1.0399004480012524,-1.2674138088704445,-0.41673755610935137,285571.15785164223
250.95,-0.6066030542986381,-0.6587305815386779,-0.6253538899358558,-0.05212752724003977,156426.9950631626,-1.1024006855049975,-1.2322600975518574,-0.49579763120635933,269949.3240921801
251.0,-0.585628393665174,-0.6894813859501568,-0.6044972411720095,-0.10385299228498279,146166.76583382825,-1.1630935651763847,-1.195132800984646,-0.5774651715112107,253927.53990922763
251.05,-0.564653733031685,-0.7191624925550032,-0.5825716454381699,-0.15450875952331822,135755.88882741466,-1.2218824165494957,-1.1561125004599935,-0.6572286835178107,237617.08688353037
251.1,-0.5436790723981851,-0.7477213190989305,-0.559611995073144,-0.20404224670074533,125266.2340118978,-1.2786746289027648,-1.1152809284633372,-0.7349955565045797,221129.16433671882
251.15,-0.52270441176472,-0.7751070704946283,-0.5356548670839826,-0.2524026587299083,114770.45465230363,-1.333381697387217,-1.0727205110250244,-0.810677285622497,204574.09684867368
251.2,-0.4982021945701303,-0.8012708202083532,-0.5107384050709709,-0.30306862563822284,104341.48736577567,-1.3859192462944752,-1.0285139131269836,-0.8877170517243449,188060.59902147207
251.25,-0.472460565610875,-0.8261655852024243,-0.4849021817662452,-0.3537050195915493,94052.05035266589,-1.4362070299732739,-0.9827436019234547,-0.9637464643623989,171695.10882159742
251.3,-0.44671893665159,-0.8497463938391702,-0.45818705779529634,-0.40302745718758015,83974.15197244409,-1.4841689127296926,-0.935491446197859,-1.0374499760781026,155581.1992727754
251.35,-0.4209773076922897,-0.8719703469850612,-0.4306350535537692,-0.45099303929277146,74178.61973970306,-1.5297328300247959,-0.8868383719436831,-1.108755522332506,139819.07519141733
251.4,-0.394014333333339,-0.8927966733411561,-0.4022892482934438,-0.49878234000781707,64734.65571700163,-1.5728307342231396,-0.8368640912306535,-1.1788164008898006,124505.15683401024
251.45,-0.3644559999999832,-0.9121867806508106,-0.3731937179107802,-0.5477307806508274,55709.4204352284,-1.6133985289207735,-0.7856469187575061,-1.2489425289207903,109731.74772500683
251.5,-0.334897666666678,-0.9301043048938616,-0.34339351642247207,-0.5952066382271837,47167.64284839624,-1.6513759964758903,-0.7332636835594789,-1.3164783298092124,95586.77860039388
251.55,-0.305339333333339,-0.946515159600537,-0.31293469861617546,-0.641175826267198,39171.25023919863,-1.6867067234941333,-0.6797897350082374,-1.3813673901607944,82153.61490179015
251.6,-0.2757809999999818,-0.961387587145218,-0.2818643740370304,-0.6856065871452361,31779.01014051479,-1.7193380288028925,-0.6252990337825532,-1.4435570288029107,69510.91229322572
251.65,-0.243711495495508,-0.9746922132157237,-0.2502307778665594,-0.7309807177202158,25046.17687668136,-1.7492208977755603,-0.5698643124676119,-1.5055094022800524,57732.50393318827
251.7,-0.2112995585585465,-0.9864021049173538,-0.2180833422718055,-0.7751025463588073,19024.137670576587,-1.7763099260492787,-0.5135572870203597,-1.5650103674907323,46887.30436474883
251.75,-0.17888762162164,-0.9964928320852954,-0.18547275095546187,-0.8176052104636554,13760.056538794714,-1.8005632746409983,-0.45644889806906463,-1.6216756530193583,37039.21716417126
251.8,-0.146475684684697,-1.0049425306053743,-0.1524509628339384,-0.8584668459206773,9296.518427597948,-1.8219426374741579,-0.3986095630311721,-1.6754669527894608,28247.03710931591
251.85,-0.1132948687782675,-1.0117319659332478,-0.11907119533934504,-0.8984370971549802,5671.1798238161855,-1.8404132214483284,-0.34010942374710573,-1.7271183526700609,20564.341354949036
251.9,-0.0791354796380274,-1.0168445947243294,-0.0853878661483943,-0.9377091150863021,2916.435074150441,-1.8559437386040523,-0.28101858221891884,-1.7768082589660248,14039.367742636667
251.95,-0.0449760904977292,-1.02026662261151,-0.05145649845210477,-0.9752905321137808,1059.1084931805842,-1.868506409748736,-0.22140732340120298,-1.8235303192510068,8714.880507677313
252.0,-0.0108167013574893,-1.0219870565467568,-0.01733360071416952,-1.0111703551892675,120.18148548730325,-1.8780769789883611,-0.16134633020587072,-1.8672602776308718,4628.024581493666
252.05,0.0233493265765603,-1.021997750792877,0.01692346498049977,-1.0453470773694373,114.56146677848085,-1.8846347390064486,-0.100906899693997,-1.907984065583009,1810.1693165963325
252.1,0.0578406554054197,-1.0202934463783409,0.05125660953840846,-1.0781341017837605,1050.896008549146,-1.8881625674196676,-0.04016117249227929,-1.9460032228250872,286.7412935030419
252.15,0.0923319842342203,-1.0168718046828686,0.08560712334865256,-1.109203788917089,2931.4318272125656,-1.8886469751924946,0.02081761316600815,-1.9809789594267149,77.04409207636549
252.2,0.1268233130630796,-1.0117334364058868,0.11991575308592692,-1.1385567494689663,5751.9151352659965,-1.8860781685060848,0.08195483644344728,-2.0129014815691644,1194.0613718172792
252.25,0.16131464189188,-1.0048819275339824,0.15412274520121333,-1.1661965694258625,9501.52823534325,-1.8804501256840704,0.1431741774011566,-2.0417647675759505,3644.239124355175
252.3,0.195442398190042,-0.9963238639011348,0.18816785966961144,-1.1917662620911769,14162.857365057032,-1.871760690597144,0.20439727589092224,-2.067203088787186,7427.2438029564055
252.35,0.2293068778280782,-0.9860688556293933,0.22199036302800262,-1.2153757334574715,19711.88851092176,-1.8600116834837226,0.26554337873166356,-2.0893185613118006,12535.695286796039
252.4,0.263171357466056,-0.9741295621316854,0.2555290157469825,-1.2373009195977414,26118.03115544865,-1.84520902930598,0.32652899486726517,-2.108380386772036,18954.877242493596
252.45,0.2970358371040911,-0.9605217175227186,0.28872207126863186,-1.2575575546268096,33344.17377505958,-1.8273629026694105,0.38726758140185735,-2.1243987397735014,26662.431929750084
252.5,0.330580932126685,-0.9452641554229577,0.32150730416328327,-1.2758450875496428,41346.77865213678,-1.8064878871736554,0.44766928435506315,-2.13706881930034,35628.051227551005
252.55,0.362449257918547,-0.9283788313316267,0.35382208053146896,-1.2908280892501738,50076.025868646924,-1.7826031459172127,0.5076407542596875,-2.1450524038357597,45813.179624061224
252.6,0.3943175837104271,-0.9098908402600864,0.38560347831095965,-1.3042084239705134,59476.01699420429,-1.755732599038145,0.5670850514309583,-2.150050182748572,57170.74765448048
252.65,0.426185909502253,-0.889828427048857,0.4167884589500484,-1.31601433655111,69485.04780558246,-1.7259051035503175,0.6259016493032816,-2.1520910130525706,69644.95548454544
252.7,0.4580542352941306,-0.8682229869330763,0.4473140845149886,-1.326277222227207,80035.95608219295,-1.6931546305461107,0.683986536094221,-2.1512088658402413,83171.12561034152
252.75,0.487383666666653,-0.8451090543548029,0.47711776801087913,-1.3324927210214559,91056.54582067323,-1.657520434987626,0.7412324076226453,-2.144904101654279,97675.64126401127
252.8,0.515821054054046,-0.820524278779738,0.506137540115587,-1.336345332833784,102470.08380570298,-1.6190472138514416,0.7975289380367052,-2.1348682679054876,113075.9834677253
252.85,0.5442584414414552,-0.7945093871225031,0.5343123153856575,-1.3387678285639582,114195.86014911291,-1.5777852491010518,0.8527631134484012,-2.122043690542507,129280.87602812637
252.9,0.572695828828815,-0.7671081332117006,0.5615821420360061,-1.3398039620405156,126149.80090149956,-1.5337905327315557,0.90681961291888,-2.106486361560371,146190.54406655065
252.95,0.5997831312217267,-0.7383672354323167,0.5878884237724562,-1.3381503666540433,138245.11952226522,-1.487124871857354,0.9595812241762622,-2.0869080030790808,163697.08902962029
253.0,0.623720235294102,-0.7083363041057467,0.6131741078966415,-1.3320565393998487,150392.99463793688,-1.4378559723210598,1.0109292860450303,-2.061576207615162,181684.98157929152
253.05,0.647657339366506,-0.6770677602975717,0.6373838411349154,-1.3247250996640778,162503.26437595964,-1.386057499565776,1.0607441559729993,-2.033714838932282,200031.67367659925
253.1,0.6715944434389226,-0.6446167474816832,0.6604641010869388,-1.3162111909206058,174485.13152983124,-1.3318091154176335,1.1089057070142705,-2.003403558856556,218608.33191979007
253.15,0.695531547511299,-0.6110410369964404,0.682363315521223,-1.3065725845077394,186247.87774764645,-1.2751964891165355,1.1552938627028169,-1.9707280366278344,237280.69496867468
253.2,0.7142947387387442,-0.576400927530948,0.70303198419008,-1.2906956662696922,197701.58831769633,-1.216311280428319,1.1997891805755172,-1.930606019167063,255910.0582801904
253.25,0.732352396396387,-0.5407591381686065,0.7224228167879564,-1.2731115345649937,208757.8904863381,-1.155251092159906,1.2422734938917896,-1.8876034885562931,274354.3882001981
253.3,0.75041005405405,-0.5041806938884095,0.7404908981866191,-1.2545907479424594,219330.70811889035,-1.092119388983292,1.2826306182892622,-1.8425294430373422,292469.5649729947
253.35,0.7684677117117226,-0.46673280200018485,0.7571938858928665,-1.2352005137119075,229337.03233341576,-1.027025379282561,1.320747123359198,-1.7954930909942837,310110.74913095054
253.4,0.783561556561084,-0.4284847179381072,0.7724922373919475,-1.2120462744991911,238697.7027323268,-0.9600838569556963,1.3565131609362655,-1.7436454135167803,327133.85880769754
253.45,0.7948832760181065,-0.38950759910865856,0.7863494586012324,-1.184390875126765,247338.18841698053,-0.8914150006966364,1.3898233342860673,-1.686298276714743,343397.13787129626
253.5,0.806204995475109,-0.34987434607486784,0.7987323594060876,-1.1560793415499768,255189.35278496615,-0.8211441292541095,1.4205775857697596,-1.6273491247292187,358762.78705625574
253.55,0.817526714932125,-0.30965943114837446,0.809611298629921,-1.1271861460804995,262188.18194769084,-0.7494014124074853,1.448682075581791,-1.5669281273396103,373098.623308794
253.6,0.8286977567567592,-0.26893871540289366,0.8189603991082087,-1.0976364721596528,268278.4541229906,-0.6763215388614175,1.4740500212443854,-1.5050192956181767,386279.72713432414
253.65,0.832485594594593,-0.22778925602934347,0.826757716866882,-1.0602748506239366,273411.3289595758,-0.6020433437411083,1.4966024699874874,-1.4345289383357014,398190.0361195819
253.7,0.8362734324324341,-0.1862891066250818,0.8329853529781326,-1.022562539057516,277545.83931044163,-0.5267093996468605,1.5162689803659548,-1.3629828320792945,408723.84370133554
253.75,0.840061270270269,-0.14451711343585918,0.8376295038425072,-0.9845783837061282,280649.2742829779,-0.45046557626063244,1.5329881968763308,-1.2905268465309014,417787.1665354923
253.8,0.843849108108107,-0.10255271057293533,0.8406804525437439,-0.9464018186810423,282697.4493156616,-0.3734605740802372,1.5467083091444074,-1.2173096821883442,425298.9499691292
253.85,0.8431134389140247,-0.06047571697450223,0.8421325098748358,-0.903589155888527,283674.86567523616,-0.2958454381232748,1.5573873946521142,-1.1389588770372994,431192.08835934225
253.9,0.839102126696834,-0.018366137269345342,0.8419839199067517,-0.8574682639661794,283574.7685526157,-0.21777305726629223,1.5649936521895502,-1.0568751839631263,435414.2455810821
253.95,0.8350908144796366,0.023696032112889766,0.8402367475233827,-0.8113947823667469,282399.1167554691,-0.13939765440016608,1.5695055380100607,-0.9744884688798027,437928.46823897783
254.0,0.831079502262446,0.06563099111653627,0.8368967647820754,-0.7654485111459097,280158.4779610818,-0.06087427192051324,1.570911818434734,-0.8919537741829592,438713.5895640751
254.05,0.825846684684689,0.10735931878955518,0.8319733481247156,-0.7184873658951338,276871.8607959397,0.017641743566372964,1.5692115500169403,-0.8082049411183161,437764.42465894547
254.1,0.8142009639639594,0.14880215132192096,0.8254793948303365,-0.6653988126420384,272566.49251578347,0.09599525392899455,1.5644139966539288,-0.7182057100349648,435091.76052030554
254.15,0.80255524324325,0.18988135644870735,0.8174312603615684,-0.6126738867945427,267277.5461665209,0.17403183658807997,1.5565384878984587,-0.62852340665517,430722.14476608357
254.2,0.7909095225225203,0.23051970513262524,0.807848711216266,-0.5603898173898951,261047.8160855128,0.25159828300549125,1.5456142168204525,-0.5393112395170291,424697.4768422224
254.25,0.779263801801811,0.2706410410618727,0.7967548820159663,-0.5086227607399383,253927.33680651058,0.3285430854336888,1.5316799706935547,-0.45072071636812217,417074.4057997882
254.3,0.762537045248879,0.3101704477898516,0.78417622193172,-0.4523665974590274,245972.93881724248,0.40471690830528595,1.514783784616846,-0.35782013694359305,407923.540291224
254.35,0.7438343303167383,0.34903441263813856,0.7701424164446831,-0.39479991767859973,237247.73664290225,0.4799730401970172,1.494982509451045,-0.2638612901197211,397328.4806336966
254.4,0.725131615384628,0.38716098580623654,0.7546862723065348,-0.33797062957839147,227820.54784317332,0.5541678219022025,1.4723412876626323,-0.17096379348242552,385384.6875299659
254.45,0.7064289004524863,0.4244799326417178,0.7378435581472066,-0.2819489678107685,217765.24651973209,0.6271610459529646,1.4469329357011143,-0.07926785449952167,372198.20807407016
254.5,0.68597422972975,0.46092287676865884,0.7196527983002251,-0.22505135296109113,207160.0600405378,0.6988163230008049,1.4188372372483697,0.0128420932710549,357884.2854760154
254.55,0.661431662162174,0.49642343185262483,0.7001550265662518,-0.16500823030954914,196086.82449039552,0.7690014109012768,1.388140161599829,0.10756974873910286,342565.885910471
254.6,0.636889094594585,0.5309173203219448,0.6793935128100723,-0.10597177427264015,184630.21809936396,0.837588503290847,1.3549330285809347,0.20069940869626202,326372.1799003563
254.65,0.612346527027038,0.564342478072266,0.6574134789892518,-0.04800404895477195,172876.99294270057,0.9044544756003216,1.3193116460391143,0.2921079485732836,309437.01677767775
254.7,0.5878039594594455,0.596639145091271,0.6342618224255759,0.008835185631825504,160915.22375464512,0.9694810878530902,1.2813754480038924,0.38167712839364465,291897.42911060905
254.75,0.558846624434403,0.6277499427870229,0.6099868638624291,0.06890331835261987,148833.58963388862,1.0325551449715422,1.241226661864115,0.4737085205371392,273892.2001995261
254.8,0.529170606334849,0.6576199396642884,0.58463813486289,0.12844933332943942,136720.69949438347,1.093568616722912,1.1989695301200194,0.5643980103880629,255560.52162777248
254.85,0.4994945882352781,0.6861967075230188,0.5582662122250739,0.18670211928774066,124664.46548485251,1.1524187205094534,1.1547096050459025,0.6529241322741752,237040.75946404695
254.9,0.469818570135758,0.7134303705856883,0.5309225999473852,0.24361180044993025,112751.52285395651,1.2090079709542205,1.1085531266055886,0.7391894008184625,218469.33946791576
254.95,0.438515495495483,0.7392736497678916,0.5026596513360047,0.30075815427240854,101066.69003249351,1.2632442004995397,1.0606064846510554,0.8247287050040566,199979.7538282435
255.0,0.405141621621641,0.7636819038241068,0.47353051986067907,0.3585402822024658,89692.46129580999,1.3150405551324351,1.0109757607167111,0.9098989335107941,181701.6868900858
255.05,0.37176774774776,0.786613168448093,0.4435891236332905,0.41484542070033303,78708.52424230026,1.3643154689867611,0.9597663390722262,0.9925477212390011,163760.25344286283
255.1,0.338393873873861,0.8080281935903785,0.41289010718077546,0.4696343197165175,68191.2962431009,1.4109926209443429,0.9070825735071636,1.0725987470704819,146275.34136184512
255.15,0.305020000000019,0.827890478481836,0.38148878550086673,0.522870478481817,58213.47738517052,1.455000875677297,0.85302749580212,1.149980875677278,129361.0504167886
255.2,0.2687589140271414,0.8461663032059278,0.34944106151231863,0.5774073891787863,48843.62218834242,1.4962742109350065,0.797702556407337,1.227515296907865,113125.22106645347
255.25,0.232497828054325,0.862824755426554,0.31680331455522776,0.630326927372229,40145.736045271435,1.534751632585286,0.7412073933171742,1.3022538045309608,97669.04887254049
255.3,0.196236742081466,0.8778377508730815,0.28363226368677946,0.6816010087916154,32178.904401634718,1.5703770788116171,0.683639630529213,1.3741403367301512,83086.78123202112
255.35,0.1599756561085871,0.8911800465669838,0.2499848158238725,0.7312043904583967,24996.96325699818,1.6030993151256487,0.6250947135364614,1.4431236590170617,69465.49349177435
255.4,0.123269501351373,0.9028292463526594,0.2159179124314345,0.7795597450012863,18648.217963499443,1.632871822301902,0.5656657929760275,1.5096023209505292,56884.940327679644
255.45,0.0862410554053944,0.9127657990735422,0.1814883913607244,0.8265247436681478,13175.214479481385,1.6596526799964941,0.5054436706867423,1.5734116245910998,45417.476308851205
255.5,0.0492126094594788,0.9209729905393409,0.14675287875651372,0.8717603810798621,8614.562969329607,1.6834044495051363,0.44451682098157463,1.6341918400456577,35128.03629076716
255.55,0.012184163513521,0.9274369310794224,0.11176772202245507,0.9152527675659013,4996.809474435515,1.704094059662096,0.38297149609221576,1.691909896148575,26074.162990064004
255.6,-0.0247578108597528,0.93214654087759,0.0765889679808828,0.9569043517373428,2346.348006550676,1.7216927001773554,0.3208919177139774,1.7464505110371082,18306.066285182944
255.65,-0.0611686027149226,0.9350935353119206,0.04127238441093051,0.9962621380268433,681.3638859854478,1.7361757266155233,0.2583605501104732,1.7973443293304459,11866.697573935351
255.7,-0.0975793945701546,0.9362724122993492,0.005873516400561878,1.0338518068695037,13.799277963067743,1.7475225808417147,0.19545844271852303,1.8451019754118694,6791.822725324471
255.75,-0.133990186425325,0.9356804430237132,-0.029552237157517904,1.0696706294490381,349.3338884056727,1.755716729938371,0.13226562303495726,1.889706916363696,3110.0791176578514
255.8,-0.170400978280536,0.9333176666364401,-0.06494954431174921,1.103718644916976,1687.3773225215498,1.7607456255517364,0.0688615167165417,1.9311466038322724,843.0059528004538
255.85,-0.2048890270270461,0.9291868886057079,-0.10026307605689659,1.134075915632754,4021.073768156412,1.7626006844010103,0.005325370084322378,1.9674897114280563,5.041700717332575
255.9,-0.23862934234233,0.9232936815706965,-0.13543747212823004,1.1619230239130265,7337.323542594037,1.7612772895010822,-0.05826334717122271,1.9999066318434122,603.4875775278978
255.95,-0.2723696576576702,0.9156463869391733,-0.1704173467420599,1.1880160445968435,11616.82882824139,1.7567748106326677,-0.12182457745512784,2.0291444682903377,2638.4404750436343
256.0,-0.306109972972954,0.906256115110938,-0.20514733760920367,1.212366088083892,16834.172051257836,1.7490966418220575,-0.18527736057641903,2.0552066147950114,6102.702283051447
256.05,-0.338778167420786,0.8951367422349488,-0.239572194581737,1.2339149096557347,22957.934566683864,1.7382502532071813,-0.24853957327542203,2.0770284206279674,10981.67457492069
256.1,-0.368689479638021,0.8823049017420685,-0.2736368976156633,1.2509943813800897,29950.860694689996,1.7242472546164451,-0.3115277199511771,2.092936734254466,17253.248052974053
256.15,-0.398600791855188,0.8677799695528507,-0.30728678942013576,1.2663807614080387,37770.06838085395,1.7071034685044453,-0.37415676621842886,2.105704260359633,24887.695236805695
256.2,-0.428512104072389,0.8515840426098051,-0.3404677071653771,1.280096146682194,46367.30384897959,1.6868390103543407,-0.43634000477394286,2.11535111442673,33847.57329175546
256.25,-0.45842341628959,0.8337419111702679,-0.37312609813471675,1.292165327459858,55689.23404369531,1.663478375216957,-0.49798894241898084,2.1219017915065472,44087.64209272445
256.3,-0.484210364864841,0.8142810259628902,-0.40520910815380173,1.2984913908277311,65677.76853231975,1.6370505295510511,-0.5590132000495757,2.121260894415892,55554.80139194078
256.35,-0.509325905405418,0.793231461732961,-0.43666463720081333,1.302557367138379,76270.40215268718,1.6075890078213362,-0.619320422291414,2.116914913226754,68188.05074972719
256.4,-0.534441445945938,0.7706258788034693,-0.46744136428613325,1.3050673247494073,87400.57161827262,1.5751320133097884,-0.6788162007639803,2.1095734592557265,81918.47723015901
256.45,-0.5595569864864849,0.7464994839909044,-0.4974887500287809,1.3060564704773894,98998.02256207954,1.539722522215093,-0.7374040212598066,2.099279508701578,96669.27832357926
256.5,-0.582817429864259,0.720889991691021,-0.5267570298258636,1.30370742155528,110989.1873883863,1.5014083894950894,-0.7949852497496634,2.0842258193593484,112355.83063458395
256.55,-0.603516072398177,0.6938375852069002,-0.5551972136437188,1.2973536576050773,123297.57841509965,1.4602424540570684,-0.8514591755149508,2.0637585264552456,128885.81823441773
256.6,-0.624214714932142,0.6653848775816288,-0.5827611086243681,1.2895995925137709,135844.20389004104,1.4162826399718838,-0.9067231300589832,2.0404973549040255,146159.43725937064
256.65,-0.644913357466059,0.6355768704381689,-0.6094013779397318,1.2804902279042278,148548.01577393754,1.3695920495047627,-0.9606726976543664,2.0145054069708217,164069.69458106978
256.7,-0.6656119999999957,0.6044609087999919,-0.6350716433297356,1.2700729087999876,161326.39686461238,1.3202390431139153,-1.0132020269784345,1.985851043113911,182502.81732857038
256.75,-0.682458396396397,0.5720866296618071,-0.6597266321672606,1.2545450260582043,174095.69167630238,1.2682973012825873,-1.064204245838468,1.9507556976789844,201338.78699744397
256.8,-0.699304792792776,0.538505902205403,-0.6833223629750166,1.237810694998179,186771.78069670414,1.2138458631484281,-1.1135719727833833,1.9131506559412041,220452.00685665355
256.85,-0.716151189189192,0.5037727580218456,-0.7058163573254734,1.2199239472110377,199270.69210728016,1.156969137406969,-1.1611979117430695,1.873120326596161,239712.1049309272
256.9,-0.732997585585571,0.46794331041555737,-0.7271678616306806,1.2009408960011285,211509.23959541466,1.097756881816406,-1.2069755095214671,1.8307544674019771,258984.8676594854
256.95,-0.7479772217194474,0.4310756627602463,-0.7473380602973025,1.1790528844796937,223405.67054757386,1.036304148758705,-1.2507996519688858,1.7842813704781524,278133.29233164195
257.0,-0.761490117647057,0.39322980676826885,-0.7662902636364909,1.154719924415326,234880.3072576331,0.9727111955329266,-1.2925673747427313,1.7342013131799836,297018.7410221007
257.05,-0.77500301357465,0.35446751225870415,-0.7839900585361798,1.1294705258333542,245856.16475342502,0.9070833591935883,-1.3321785676832723,1.6820863727682382,315502.1753234942
257.1,-0.788515909502273,0.3148522104700115,-0.8004054153877763,1.1033681199722845,256259.5315928315,0.8395308966846804,-1.3695366562685456,1.6280468061869535,333445.4493979073
257.15,-0.801460662162163,0.27444887313235167,-0.8155067514737253,1.0759095352945147,266020.50467969134,0.7701687917063622,-1.4045492497821144,1.5716294538685252,350712.6391224
257.2,-0.810915391891893,0.2333238893190218,-0.8292669580869689,1.0442392812109147,275073.4751099259,0.6991165300867423,-1.437128752880926,1.5100319219786353,367171.38708570413
257.25,-0.820370121621623,0.191544941593838,-0.8416614039964494,1.011915063215461,283357.5675909098,0.6264978454482449,-1.467192943038775,1.4468679670698679,382694.2457071612
257.3,-0.829824851351343,0.1491808822552557,-0.852667930682849,0.9790057336065987,290817.0400059887,0.55244043673054,-1.4946655199286096,1.382265288081883,397160.0029268375
257.35,-0.839279581081084,0.10630160970253935,-0.8622668545606652,0.9455811907836233,297401.6513895773,0.4770756588013798,-1.5194766335411212,1.3163552398824638,410454.9759782148
257.4,-0.845126158371038,0.06297794425374337,-0.8704409882053294,0.9081041026247814,303067.0055791482,0.4005381870879827,-1.5415633955919872,1.2456643454590206,422474.2582451729
257.45,-0.849426384615383,0.0192815022689804,-0.8771756876367864,0.8687078868843634,307774.87479242764,0.3229656570372897,-1.5608703746307253,1.1723920416526727,433122.90247108636
257.5,-0.853726610859727,-0.024715432782082207,-0.8824589269177446,0.8290111780776448,311493.50307872694,0.24449827931371534,-1.5773500701232444,1.0982248901734424,442317.02110538736
257.55,-0.858026837104067,-0.06894004355207772,-0.8862813938205824,0.7890867935519893,314197.88361302164,0.1652784320478088,-1.5909633537204966,1.0233052691518758,449984.78095672355
257.6,-0.860683702702702,-0.1133191171050536,-0.8886365940840069,0.7473645855976484,315869.99853808957,0.08545023220508137,-1.601679859948492,0.9461339349077834,456067.26644704374
257.65,-0.859114783783785,-0.1577791883091934,-0.8895209485717891,0.7013355954745917,316499.0071792222,0.005159089115045784,-1.6094783055528716,0.8642738728988308,460519.18507472763
257.7,-0.857545864864865,-0.20224668756570602,-0.8889338670052356,0.655299177299159,316081.36796355277,-0.07544875573843392,-1.6143467163851968,0.782097109126431,463309.3903473186
257.75,-0.855976945945946,-0.24664809132468357,-0.8868777835002754,0.6093288546212624,314620.88114654453,-0.1562266975552023,-1.6162825427947956,0.6997502483907436,464421.2014476818
257.8,-0.854408027027028,-0.2909100731870738,-0.88335814326108,0.5634979538399543,312128.6437062651,-0.23702823972930154,-1.6152926494435942,0.6173797872977265,463852.5054838233
257.85,-0.848151760180991,-0.3349596530230083,-0.8783833365282769,0.5131921071579828,308622.9143562193,-0.31770746156443136,-1.6113931734430156,0.5304442986165596,461615.63723000046
257.9,-0.841002665158374,-0.37872434152305867,-0.8719645830645575,0.4622783236353153,304128.89364757907,-0.3981194756427967,-1.604609253538208,0.44288318951557726,457737.04116274574
257.95,-0.833853570135748,-0.42213227794100705,-0.8641157776422183,0.41172129219474096,298678.43086808623,-0.47812086865804504,-1.5949746422188202,0.355732701477703,452256.73054596514
258.0,-0.826704475113122,-0.46511235944883744,-0.8548533116644499,0.3615921156642845,292309.67378547083,-0.5575701203099002,-1.5825312194803665,0.2691343548032218,445227.56633422506
258.05,-0.817445445945956,-0.5075943613325528,-0.8441958881464817,0.30985108461340327,285066.6790253708,-0.6363279959001567,-1.5673284312198759,0.18111745004579938,436714.3842329168
258.1,-0.80527269819819,-0.5495090481478796,-0.8321643479671748,0.25576365005031043,276999.00081105327,-0.7142579094990291,-1.5494226779317786,0.09101478869916091,426793.00175809494
258.15,-0.793099950450453,-0.5907882767937651,-0.8187815223263603,0.2023116736566879,268161.27252122876,-0.7912262558206025,-1.52887667804752,0.001873694629850542,415549.1371871325
258.2,-0.780927202702701,-0.6313650930686797,-0.8040721205464014,0.14956210963402128,258612.7900159947,-0.8671027100544587,-1.5057588256038952,-0.08617550735175772,403077.2694904927
258.25,-0.768754454954949,-0.6711738235519767,-0.7880626548202493,0.09758063140297224,248417.09916893576,-0.9417604957212291,-1.4801425549308547,-0.17300604076628012,389479.4636297312
258.3,-0.751585601809963,-0.7101501645628006,-0.7707813976048346,0.04143543724716248,237641.58515746484,-1.0150766210852629,-1.4521057190885636,-0.26349101927529983,374864.18122839363
258.35,-0.734314787330301,-0.7482312696067127,-0.7522583613552809,-0.013916482276411735,226357.05689157298,-1.0869320848553161,-1.4217299822430471,-0.35261729752501514,359345.09198378935
258.4,-0.717043972850679,-0.7853558360666455,-0.7325252863141439,-0.0683118632159665,214637.3180358474,-1.1572120517525462,-1.3891002212269534,-0.44016807890186715,343039.89770893706
258.45,-0.6997731583710338,-0.8214641911646149,-0.711615620771793,-0.12169103279358107,202558.7166905697,-1.2258059982432392,-1.3543039290803778,-0.5260328398722054,326069.17907956423
258.5,-0.679639882352932,-0.8564983764347098,-0.6895644793856397,-0.17685849408177778,190199.66849215532,-1.2926078283357991,-1.317430613305969,-0.6129679459828671,308555.2748223541
258.55,-0.657257529411777,-0.8904022293658252,-0.6664085706893496,-0.2331446999540483,177640.15323528872,-1.3575159590888057,-1.2785711860331235,-0.7002584296770288,290621.20493407076
258.6,-0.63487517647057,-0.9231214605731737,-0.6421860907556555,-0.28824628410260367,164961.19006401236,-1.4204333754587388,-1.237817348283943,-0.7855581989881688,272389.6511489231
258.65,-0.612492823529414,-0.9546037248695093,-0.6169365867521391,-0.34211090134009525,152244.30082935188,-1.4812676543743513,-1.1952609767597175,-0.8687748308449372,253982.00934481673
258.7,-0.5894415180180114,-0.9847986849408809,-0.5907007992245862,-0.3953571669228695,139570.97368182597,-1.5399309584847976,-1.1509935263886435,-0.9504894404667862,235517.5284957449
258.75,-0.562280932432429,-1.0136580669005284,-0.5635204981806576,-0.45137713446809935,127022.14074791063,-1.5963400008147168,-1.1051054680253518,-1.034059068382288,217112.55030391677
258.8,-0.535120346846872,-1.0411357078642554,-0.5354383302332154,-0.5060153610173833,114677.68219317353,-1.6504159826467666,-1.0576857829499269,-1.1152956357998947,198879.86052522663
258.85,-0.507959761261254,-1.0671875964880666,-0.5064976927171299,-0.5592278352268126,102615.96509111044,-1.7020845079685136,-1.0088215344259217,-1.1941247467072595,180928.1579238171
258.9,-0.480799175675698,-1.0917719081634596,-0.4767426470712106,-0.6109727324877616,90913.42061458595,-1.7512754787886118,-0.9585975327597147,-1.2704763031129138,163361.64085564663
258.95,-0.4507229457013765,-1.11484903700352,-0.44621787794536383,-0.6641260913021435,79644.15783922545,-1.797922976260582,-0.9070961039405308,-1.3472000305592053,146279.7052060605
259.0,-0.419397153846167,-1.136381626959577,-0.4149686986213104,-0.7169844731134101,68879.60833418558,-1.841965132920776,-0.8543969652454807,-1.422567979074609,129776.74208367772
259.05,-0.388071361990993,-1.1563346042311242,-0.38304109569598266,-0.7682632422401312,58688.192396791586,-1.8833440012819518,-0.8005772023859801,-1.4952726392909588,113942.01901869556
259.1,-0.356745570135747,-1.1746752126349043,-0.35048180021344566,-0.8179296424991573,49134.99691234306,-1.922005423573754,-0.7457113355898578,-1.565259853438007,98859.6259603928
259.15,-0.324623513513545,-1.1913730528305222,-0.3173383676063765,-0.8667495393169772,40281.4558220319,-1.9578989066245738,-0.6898714556269574,-1.6332753931110289,84608.46671801903
259.2,-0.29045391891893896,-1.2064001253989725,-0.2836592495951838,-0.9159462064800334,32185.02795236111,-1.9909775048714573,-0.6331274100336757,-1.7005235859525183,71262.27863750224
259.25,-0.256284324324334,-1.2197308770007895,-0.24949384284492787,-0.9634465526764555,24898.871047011824,-2.021197713537089,-0.575547020153064,-1.7649133892127549,58889.6662057016
259.3,-0.222114729729767,-1.2313422481330947,-0.2148925033221069,-1.0092275184033277,18471.51519361669,-2.04851937306923,-0.517196312729258,-1.826404643339463,47554.137937909414
259.35,-0.187945135135123,-1.241213720635768,-0.17990652120376388,-1.053268585500645,12946.542548656136,-2.0729055852928457,-0.45813975513900246,-1.8849604501577226,37314.13959801336
259.4,-0.15227148597287,-1.2493273629771506,-0.14458805859331175,-1.0970558770042806,8362.282675113182,-2.0943226413107747,-0.39844049057608794,-1.9420511553379047,28223.079916535757
259.45,-0.11631135022625698,-1.255667871690907,-0.10899005950207732,-1.1393565214646502,4751.533228106542,-2.1127399612390882,-0.3381605770119825,-1.9964286110128313,20329.346816902565
259.5,-0.0803512144796426,-1.260222607881696,-0.07316614522235157,-1.1798713934020535,2141.3139226792955,-2.128130046140721,-0.2773612379839517,-2.0477788316610783,13676.312237509383
259.55,-0.0443910787330696,-1.262981628464642,-0.037170510784193256,-1.2185905497315723,552.6587487831308,-2.1404684430324634,-0.21610313655674399,-2.096077364299394,8302.32277860671
259.6,-0.0084512621621499,-1.2639377125573115,-0.001057836694232761,-1.2554864503951615,0.44760738866611843,-2.1497337243946855,-0.15444668300472458,-2.1412824622325357,4240.671625095445
259.65,0.0274604945945772,-1.2630863840984596,0.035116771934221296,-1.2905468786930367,493.275068432045,-2.1559074841000916,-0.09245238519503558,-2.183367978694669,1519.5455161335528
259.7,0.06337225135134547,-1.2604259322535747,0.0712978129587378,-1.3237981836049202,2033.3512530796638,-2.1589743520149822,-0.030181244698742622,-2.2223466033663275,161.93911672273416
259.75,0.0992840081081136,-1.255957431258536,0.10742938258848399,-1.3552414393666496,4616.428897337147,-2.1589220294717077,0.03230480549856828,-2.2582060375798214,185.5289703645027
259.8,0.135195764864841,-1.2496847611478124,0.14345514686296626,-1.3848805260126533,8231.751664590087,-2.155741347443361,0.09494243351688925,-2.2909371123082023,1602.5005657082552
259.85,0.169757108108127,-1.241614630228521,0.17931830239945903,-1.411371738336648,12862.021430169534,-2.149426348469803,0.15766642887932195,-2.31918345657793,4419.324941432585
259.9,0.204290891891873,-1.2317565994631694,0.21496154243147017,-1.4360474913550423,18483.3858898067,-2.1399743924432766,0.2204092319400581,-2.3442652843351497,8636.485248783347
259.95,0.23882467567565896,-1.2201231080399375,0.2503270458970967,-1.4589477837155964,25065.451963026862,-2.1273862851857808,0.2831004965494891,-2.36621096086144,14248.158426056407
260.0,0.273358459459445,-1.2067294985933426,0.28535650453999495,-1.4800879580527875,32571.333873313662,-2.111666427594679,0.34566670811718564,-2.385024887054124,21241.861884546066
260.05,0.306460348416245,-1.1915940398914948,0.31999119822307154,-1.4980543883077397,40957.74677609482,-2.0928229821111404,0.40803087502502644,-2.3992833305273855,29598.079106433557
260.1,0.33834247511312,-1.174737944476631,0.3541721212871983,-1.513080419589751,50175.15659882958,-2.070868052543685,0.4701123041066484,-2.4092105276568048,39289.880617326555
260.15,0.370224601809923,-1.1561853787754777,0.3878401564159087,-1.5264099805854006,60167.994771486614,-2.0458178729211114,0.531826464214394,-2.4160424747310345,50282.557873561615
260.2,0.40210672850676243,-1.1359634635223204,0.4209362859727844,-1.5380701920290827,70874.94273942469,-2.0176930010137837,0.5930849346825656,-2.419799729520546,62533.287066208555
260.25,0.433534755656094,-1.1141022629856532,0.45340182598876805,-1.5476370186417472,82229.28632397964,-1.9865185124937663,0.6537954296365089,-2.4200532681498603,75990.83801130441
260.3,0.46163271945698,-1.0906347622864234,0.4851786654022392,-1.5522674817434035,94159.33494459919,-1.9523241922435708,0.7138618852726328,-2.413956911700551,90595.34066577736
260.35,0.48973068325793,-1.065596832983961,0.5162094937888894,-1.555327516241891,106588.89659111257,-1.9151447200183065,0.7731845965521881,-2.4048754032762365,106278.11917254576
260.4,0.517828647058816,-1.039027187833913,0.5464380050286559,-1.556855834892729,119437.79733587896,-1.8750198482641274,0.8316603927889354,-2.3928484953229434,122961.60158823935
260.45,0.5459266108597302,-1.0109673261326912,0.575809069533004,-1.5568939369924215,132622.43382258556,-1.8319945703291969,0.889182845837693,-2.377921181188927,140559.31259235885
260.5,0.570676878378387,-0.9814614712685726,0.6042688741232449,-1.5521383496469596,146056.3488936696,-1.7861192774726007,0.9456425103962225,-2.356796155850988,158975.9568832835
260.55,0.593992418918903,-0.9505565019832277,0.6317650352063267,-1.5445489209021308,159650.82388370048,-1.7374499029498438,1.000927202103791,-2.331442321868747,178107.60247312413
260.6,0.617307959459471,-0.9183018784083202,0.6582466969135039,-1.5356098378677911,173315.48559901532,-1.686048051017311,1.0549223249793978,-2.303356010476782,197841.97542043345
260.65,0.640623499999987,-0.8847495632690471,0.6836646286392433,-1.525373063269034,186958.92978097376,-1.631981108032862,1.1075112624572956,-2.272604608032849,218058.87937240046
260.7,0.6625852352941045,-0.8499539379217276,0.7079713364455547,-1.5125391732158322,200489.3652914019,-1.5753223321167764,1.1585758461676907,-2.237907567410881,238630.75401300986
260.75,0.680693832579181,-0.8139717122078965,0.7311212006471633,-1.4946655447870776,213815.28401429986,-1.5161509171759027,1.2079969141187858,-2.196844749755084,259423.38569253497
260.8,0.698802429864232,-0.776861826605565,0.753070647074001,-1.475664256469797,226846.15979378182,-1.454552026640325,1.2556549644431816,-2.153354456504557,280296.78039658803
260.85,0.716911027149324,-0.7386853449391383,0.7737783530000717,-1.4555963720884622,239493.1758286014,-1.3906167921345118,1.3014309032901021,-2.1075278192838356,301106.2037401762
260.9,0.735019624434375,-0.699505336045443,0.793205481293293,-1.434524960479818,251669.97422148986,-1.3244422725967524,1.3452068765265635,-2.0594618970311274,321703.3850052183
260.95,0.7480645405405338,-0.6593867432760345,0.8113159304516302,-1.4074512838165685,263293.4156018378,-1.2561313700823509,1.3868671672044868,-2.004195910622885,341937.87368351966
261.0,0.760144945945944,-0.6183962414407509,0.8280765838484792,-1.3785411873866948,274284.3314872669,-1.185792699545555,1.4262991344221072,-1.945937645491499,361658.5281516893
261.05,0.77222535135134,-0.5766020816891445,0.8434575401981748,-1.3488274330404844,284568.24884686223,-1.1135404112218026,1.4633941659072274,-1.8857657625731425,380715.1084108995
261.1,0.784305756756763,-0.5340739256982264,0.8574323080428753,-1.3183796824549894,294076.0651502929,-1.039493965633105,1.4980486156797082,-1.823799722389868,398959.93865598046
261.15,0.793795809954749,-0.49088267133780533,0.8699779505049169,-1.2846784812925542,302744.65374589426,-0.9637778626512111,1.5301647002000338,-1.75757367260596,416249.6017312461
261.2,0.799400334841628,-0.44710027249934836,0.88107517345489,-1.2465006073409763,310517.38451142574,-0.8865213272329164,1.5596513324919257,-1.6859216620745445,432446.62736779364
261.25,0.805004859728507,-0.40279955593937256,0.8907083574401888,-1.2078044156678795,317344.5512055197,-0.8078579552973987,1.5864248807357464,-1.6128628150259057,447421.138171987
261.3,0.81060938461538,-0.35805403779555195,0.8988655405046644,-1.168663422410932,323183.70396269695,-0.7279253237062999,1.61040984506466,-1.5385347083216798,461052.42116998794
261.35,0.816213909502265,-0.31293774195041524,0.9055383636124433,-1.1291516514526803,327999.89118956064,-0.6468645684709547,1.6315394518741329,-1.4630784779732198,473230.39698164375
261.4,0.81512218918919,-0.267525021732644,0.9107219947971853,-1.082647210921834,331765.8207229458,-0.5648199352126894,1.6497561707750297,-1.3799421244018792,483856.9640907181
261.45,0.813893810810811,-0.22189038558888194,0.9144150484214014,-1.035784196399693,334461.95231180557,-0.4819383055524743,1.6650121612940887,-1.2958321163632853,492847.19951239333
261.5,0.812665432432432,-0.17610832661886877,0.9166195137264518,-0.9887737590513007,336076.5331776468,-0.39836870278640946,1.6772696559711573,-1.2110341352188414,500130.399794063
261.55,0.811437054054055,-0.13025315523917916,0.9173407016999039,-0.9416902092932341,336605.5851981088,-0.31426177990922866,1.6865012830564505,-1.1256988339632836,505650.94715574296
261.6,0.806613452488681,-0.08439883399939743,0.9165872121047631,-0.8910122864880784,336052.8469575928,-0.2297692930602132,1.692690326288656,-1.0363827455488943,509368.98501532385
261.65,0.798727253393666,-0.03861881360478331,0.9143709169789397,-0.8373460669984494,334429.6695267628,-0.14504356368213608,1.6958309149520219,-0.9437708170758021,511260.88748569094
261.7,0.790841054298641,0.0070141304525504905,0.9107069508214217,-0.7838269238460905,331754.86010978057,-0.06023693316072809,1.695928132350489,-0.8510779874593691,511319.50757294527
261.75,0.782954855203617,0.052428060654436844,0.9056136935483651,-0.7305267945491801,328054.4647769248,0.02449878560891766,1.6929980275869585,-0.7584560695946994,509554.1904734812
261.8,0.774373054054062,0.09755203883654948,0.8991127293860788,-0.6768210152175125,323361.48005763366,0.10901285447011266,1.687067513442832,-0.6653601995839493,505990.54131807643
261.85,0.760690171171163,0.14231628460510976,0.8912287679225409,-0.6183738865660533,317715.4867090921,0.1931561480010106,1.6781741370936003,-0.5675340231701524,500669.94389508443
261.9,0.747007288288295,0.18665232865626002,0.8819895175854442,-0.560354959632035,311162.2036522418,0.27678167669555387,1.66636571557959,-0.4702256115927411,493648.83521050285
261.95,0.733324405405411,0.2304931584722042,0.8714255075578898,-0.5028312469332068,303752.96608901036,0.3597450884878457,1.6516998350264502,-0.3735793169175653,484997.75022691605
262.0,0.719641522522527,0.2737733538804373,0.8595698610665314,-0.4458681686420897,295544.13842157443,0.4419051419799707,1.634243221160142,-0.2777363805425563,474800.1610502893
262.05,0.702790692307716,0.31642921023245074,0.8464580291865381,-0.3863614820752652,286596.4780697433,0.5231241452776033,1.6140709966412108,-0.17966654703011264,463151.1435019291
262.1,0.684449063348416,0.3583988476089084,0.8321275009313838,-0.32605021573950765,276974.471122524,0.6032683553544168,1.5912658492537537,-0.08118070799399923,450155.91164467024
262.15,0.666107434389157,0.3996223053169275,0.8166175079814326,-0.2664851290722295,266745.66173672205,0.6822083341840827,1.565917139369599,0.016100899794925683,435928.26442159433
262.2,0.6477658054298762,0.44004162187645013,0.7999687423099193,-0.20772418355342603,255979.99546916565,0.7598192593531105,1.538119976544476,0.11205345392323429,420588.98884358746
262.25,0.628609031531541,0.4796009015236469,0.7822231010984961,-0.1490081300078941,244749.19195685923,0.8359811883079352,1.5079742923197548,0.2073721567763942,404264.26067506935
262.3,0.607132229729757,0.5182463688706813,0.763423469679884,-0.08888586085907568,233126.15762322908,0.9105792766503629,1.4755839331660874,0.30344704692060587,387084.0789009601
262.35,0.585655427927924,0.5559264137730536,0.7436135466210876,-0.029729014154870392,221184.44268735696,0.9835039519686996,1.4410557908329855,0.39784852404077553,369180.7630743611
262.4,0.56417862612614,0.5925916284361689,0.7228377072750125,0.028413002310028856,208997.74042343866,1.054651045314662,1.4044989788756148,0.490472419188522,350687.5345178035
262.45,0.5427018243243289,0.6281948384709037,0.701140895910678,0.08549301414657484,196639.42236737127,1.1239218827079125,1.3660240566933306,0.5812200583835836,331737.19528264954
262.5,0.519345045248871,0.6626911289775221,0.6785685324707624,0.1433460837286511,184182.10130380967,1.1912233389413227,1.325742296723427,0.6718782936924517,312460.91330160125
262.55,0.495575588235318,0.696037866028175,0.6551664192663168,0.20046227779285697,171697.21477369888,1.2564678556861788,1.2837649879011028,0.7608922674508608,292987.1189619056
262.6,0.471806131221711,0.7281947131864301,0.6309806338118965,0.25638858196471914,159254.62409826505,1.3195734255092615,1.2402027675808427,0.8477672942875505,273440.5163938101
262.65,0.448036674208159,0.7591236421046784,0.6060573978801227,0.3110869678965194,146922.22781009015,1.3804635430737764,1.1951649763520333,0.9324268688656174,253941.21256863227
262.7,0.4237681531531602,0.7887889358716477,0.5804429182466511,0.3650207827184875,134765.5925370754,1.439067124610162,1.148759034228438,1.015298971457002,234603.96777270283
262.75,0.398751036036036,0.8171571837372243,0.5541832023184616,0.41840614770118834,122847.608692778,1.4953183968223058,1.1010898434449086,1.0965673607862698,215537.5721488948
262.8,0.37373391891894,0.844197266188759,0.5273238585290165,0.47046334726981903,111228.1807095721,1.5491567568281923,1.0522592292245425,1.1754228379092524,196844.35297568503
262.85,0.348716801801786,0.869880329952215,0.4999098955449373,0.521163528150429,99963.96146550005,1.6005266053994471,1.00236543376978,1.251809803597661,178619.81561181854
262.9,0.32369968468469,0.8941797532664809,0.47198553670397747,0.5704800685817909,89108.13874309667,1.649377156597021,0.9515026810208478,1.325677471912331,160952.4181315309
262.95,0.29778157013574597,0.9170711026094438,0.44359406630851883,0.6192895324736978,78710.27826565063,1.6956622277858515,0.8997608298922863,1.3978806576501055,143923.4757348366
263.0,0.271825914027143,0.9385320828324369,0.41477772140680275,0.666706168805294,68816.22327016771,1.7393400148414864,0.847225130592965,1.4675141008143433,127607.18611702518
263.05,0.24587025791857,0.95854248319849,0.3855776369479425,0.71267222527992,59468.04564574374,1.7803728579417735,0.7939760925509194,1.5345026000232034,112070.76187420909
263.1,0.219914601809938,0.9770841220503023,0.3560338453257934,0.7571695202403643,50704.039606988394,1.8187270035847625,0.740089464976505,1.5988124017748244,97374.651763415
263.15,0.193995385135144,0.9941407926955644,0.32618532390586114,0.8001454075604204,42558.74621262862,1.8543723683149036,0.6856363227634351,1.6603769831797597,83572.82970534496
263.2,0.16810720945946692,1.0096982126260672,0.2960700785670993,0.8415910031666003,35062.996569091345,1.8872823090958162,0.6306832437221348,1.7191750996363493,70713.1295843331
263.25,0.14221903378379,1.0237439774880448,0.26572524731144254,0.8815249437042548,28243.96282349092,1.9174334044360775,0.5752925579149698,1.7752143706522874,58837.60483419536
263.3,0.116330858108142,1.0362675203630993,0.23518720623060246,0.9199366622549573,22125.208789822373,1.9448052493210213,0.5195226468678497,1.8284743912128794,47982.89433041358
263.35,0.0905180475113139,1.0472600760601969,0.20449166156402357,0.956742028548883,16726.73585968606,1.9693802658915276,0.4634282708223891,1.8788622183802137,38180.579946209706
263.4,0.0653835226244529,1.0567146494040036,0.17367371613304045,0.9913311267795507,12065.023870183964,1.9911435307969927,0.40706090600382955,1.92576000817254,29457.525546072633
263.45,0.040248997737563276,1.0646259860754452,0.1427679045749664,1.024376988337882,8153.069830690686,2.0100826193950407,0.3504690797005434,1.9698336216574774,21836.191257981485
263.5,0.0151144728506737,1.0709905444392485,0.11180819834054107,1.0558760715885747,5000.429286463108,2.026187466519042,0.2936986976011379,2.011072993668368,15334.919995129718
263.55,-0.0100200520361873,1.0758064670140732,0.08082798816026841,1.0858265190502605,2613.265468014596,2.0394502434408603,0.2367933650937567,2.0494702954770476,9968.195155986696
263.6,-0.0339640576576778,1.0790735507572837,0.049860056448190325,1.1130376084149616,994.4100916066902,2.049865250892344,0.1797947098209461,2.0838293085500217,5746.868920817461
263.65,-0.0573478189189139,1.0807932160324474,0.01893655483653155,1.1381410349513612,143.43724363078658,2.0574288284705315,0.1227427164892983,2.1147766473894456,2678.359902430624
263.7,-0.08073158018017651,1.0809684748975987,-0.011910998394880742,1.1617000550777752,56.748753105140636,2.0621392813367727,0.06567608548639128,2.142870861516949,766.8174586339157
263.75,-0.104115341441439,1.0796039000125146,-0.042651689401223686,1.1837192414539537,727.6666435113827,2.063996825640576,0.008632624485597935,2.1681121670820147,13.248392090550226
263.8,-0.127025280542962,1.076705595926963,-0.07325514202241307,1.2037308764699248,2146.5263330895636,2.063003554456183,-0.04835032252282249,2.190028834999145,415.600655655281
263.85,-0.148434782805434,1.0722811746571432,-0.10369141361483726,1.2207159574625772,4300.763702977303,2.0591634260744147,-0.10523541097640826,2.207598208879849,1968.798528599742
263.9,-0.169844285067858,1.0663397372703451,-0.13393086065063636,1.2361840223382032,7174.990173848069,2.052482276210689,-0.16198480549781452,2.222326561278547,4664.724837718187
263.95,-0.19125378733030596,1.058891862680402,-0.16394398721620115,1.250145650010708,10751.052377738371,2.042967855056276,-0.2185596794470742,2.234221642386582,8492.148174223612
264.0,-0.212663289592754,1.049949604104299,-0.19370129290007623,1.262612893697053,15008.07634846445,2.0306298891954415,-0.2749197242165241,2.2432931787881953,13436.596402362607
264.05,-0.232324900900879,1.0395264927716221,-0.22317313766335675,1.271851393672501,19922.49974980303,2.0154801673581115,-0.33102269017281893,2.2478050682589905,19480.18158386668
264.1,-0.251602828828835,1.027637547629752,-0.2523296393246699,1.279240376458587,25468.098752687198,1.9975326478938547,-0.3868239799361949,2.2491354767226897,26601.385147320478
264.15,-0.270880756756747,1.0142992891149047,-0.28114061486696007,1.2851800458716518,31616.018131108947,1.9768035849140848,-0.44227631073599727,2.2476843416708316,34774.81511791012
264.2,-0.29015868468468015,0.9995297546461896,-0.3095755702897922,1.2896884393308699,38334.81348810004,1.95331166935546,-0.4973294562059865,2.24347035404014,43970.94897958085
264.25,-0.308757904977377,0.9833485134534451,-0.33760373647499653,1.292106418430822,45590.51315275156,1.9270781808954918,-0.5519300703996564,2.2358360858728688,54155.87601979905
264.3,-0.326249760180981,0.9657766786359279,-0.36519414208540124,1.292026438816909,53346.704565396896,1.8981271466885405,-0.606021589639764,2.2243769068695216,65291.05193057894
264.35,-0.343741615384625,0.9468369149330316,-0.3923157097031706,1.2905785303176565,61564.646431960966,1.8664855032695369,-0.6595442019718206,2.2102271186541618,77333.0763297148
264.4,-0.361233470588228,0.9265534414453069,-0.41893735886656863,1.287786912033535,70203.40426163845,1.8321832585812214,-0.7124348702471951,2.1934167291694493,90233.50121673559
264.45,-0.37872532579185003,0.9049520293736592,-0.44502809991481773,1.2836773551655092,79220.0038855172,1.7952536518227318,-0.7646273938922388,2.1739789776145817,103938.67582052211
264.5,-0.394507810810813,0.882059995575566,-0.4705571056737028,1.276567806386379,88569.59588000491,1.7557333095186782,-0.8160524964705869,2.150241120329491,118389.63146593372
264.55,-0.410219072072061,0.8579061932643292,-0.49549375341035695,1.2681252653363901,98205.62386747345,1.7136623967528832,-0.866637930729357,2.123881468824944,133522.00941846432
264.6,-0.425930333333345,0.8325210013788352,-0.5198076365717401,1.2584513347121802,108079.99161531929,1.6690847627623955,-0.9163085994420935,2.0950150960957403,149266.03545093886
264.65,-0.441641594594594,0.805936314005823,-0.5434685524510848,1.247577908600417,118143.22700131101,1.6220480800062864,-0.9649866968708951,2.0636896746008806,165546.54669116458
264.7,-0.45651500000000206,0.7781855307917637,-0.5664464771204004,1.2347005307917658,128344.64457684493,1.57260397544212,-1.0125918810107788,2.029118975442122,182283.07866470172
264.75,-0.470615000000006,0.7493035486220913,-0.5887115424094237,1.2199185486220974,138632.5120664331,1.5208081521353967,-1.0590414905128602,1.9914231521354027,199390.0228671468
264.8,-0.484714999999993,0.7193267540591426,-0.6102340312526044,1.2040417540591357,148954.22915952187,1.4667204985773132,-1.1042508220244394,1.9514354985773061,216776.86718962668
264.85,-0.498815000000012,0.6882930152516241,-0.6309844052818857,1.1871080152516362,159256.52788357402,1.4104051823319732,-1.1481334813929773,1.9092201823319852,234348.53175032148
264.9,-0.512764751131221,0.6562416714577118,-0.650933373815007,1.1690064225889327,169485.7028584751,1.3519307240876972,-1.1906018172868418,1.8646954752189182,252005.81108030758
264.95,-0.52536226244344,0.6232135180133883,-0.6700520066819011,1.1485757804568282,179587.87666337698,1.2913700479182304,-1.2315674385377082,1.8167323103616704,269645.92989623675
265.0,-0.53795977375566,0.5892507846445418,-0.6883118865835486,1.127210558400202,189509.30128488154,1.2288005037060405,-1.2709418087950115,1.7667602774617004,287163.2144610019
265.05,-0.550557285067866,0.5543971053733885,-0.705685290645742,1.1049543904412547,199196.69177350617,1.1643038581681018,-1.308636904764848,1.714861143235968,304449.875291115
265.1,-0.5631547963801,0.5186974789311989,-0.722145385982886,1.081852275311299,208597.5833985486,1.0979662517931288,-1.344565917927697,1.6611210481732288,321396.8902493778
265.15,-0.574851621621619,0.48219821941066665,-0.7376664213670595,1.0570498410322857,217660.69968499368,1.029878120106287,-1.37864397532637,1.604729741727906,337894.9707917683
265.2,-0.586124594594592,0.4449468978011603,-0.7522238978711364,1.0310714923957522,226336.31701137836,0.9601340789504804,-1.410788854307414,1.5462586735450725,353835.5895889824
265.25,-0.597397567567566,0.40699227579350145,-0.7657947056937437,1.0043898433610674,234576.61250742702,0.8888327746461879,-1.440921669299191,1.486230342213754,369112.04569883866
265.3,-0.608670540540527,0.36838423376661905,-0.7783572192751254,0.977054774307146,242335.9843190822,0.8160767008931488,-1.4689675129146156,1.4247472414336757,383620.54293307575
265.35,-0.619638972972973,0.32917369509508615,-0.7898913498907913,0.9488126680680591,249571.3378529186,0.7419719850015957,-1.494856040567989,1.3616109579745688,397261.25902624085
265.4,-0.629643027027019,0.28941254877879846,-0.8003785615316069,0.9190555758058174,256242.3367037617,0.6666281463957241,-1.5185219947862396,1.2962711734227432,409939.386426592
265.45,-0.639647081081076,0.24915357196047436,-0.8098018620442602,0.8888006530415504,262311.6223081404,0.5901578303589916,-1.539905672387572,1.2298049114400675,421566.1297513636
265.5,-0.649651135135134,0.20845035318636176,-0.8181457846246689,0.8581014883214957,267745.0099596461,0.5126765196918265,-1.5589533420116102,1.1623276548269605,432059.64845674107
265.55,-0.659655189189179,0.16735721650412821,-0.8253963756339384,0.8270124056933073,272511.6707638566,0.4343022265382403,-1.5756176217013744,1.0939574157274192,441345.93596727034
265.6,-0.668144325791858,0.12592914570862604,-0.8315412025168235,0.794073471500484,276584.30859324994,0.35515516613329046,-1.5898578254244256,1.0232994919251484,449359.6275668059
265.65,-0.67625473303167,0.08422170749699072,-0.8365693906973071,0.7604764405286608,279939.33818066545,0.27535741388791224,-1.6016402837129773,0.9516121469195823,456044.7286066109
265.7,-0.684365140271491,0.042290971969228104,-0.8404716926974235,0.7266561122407191,282557.0664902689,0.19503254706152723,-1.6109386389537388,0.8793976873330183,461355.2530620666
265.75,-0.692475547511311,0.0001934289430676056,-0.8432405851857669,0.6926689764543786,284421.8738017739,0.11430527242304155,-1.6177341089961104,0.8067808199343526,465255.7595394559
265.8,-0.699313022522518,-0.04201410107674417,-0.8448703836442868,0.6572989214457738,285522.38606369775,0.03330104176292842,-1.622015707141817,0.7326140642854464,467721.76963818114
265.85,-0.70407360810811,-0.08427456179823781,-0.845357359715545,0.6197990463098723,285851.62625009497,-0.04785434216983793,-1.6237804021933904,0.6562192659382721,468740.05236396956
265.9,-0.708834193693692,-0.1265307616321703,-0.8446998449286902,0.5823034320615217,285407.1312090213,-0.12903512586513366,-1.6230332010659583,0.5797990678285584,468308.7594244287
265.95,-0.713594779279279,-0.1687254786992439,-0.8428983051373787,0.544869300580035,284191.0211213862,-0.21011600709575096,-1.6197871374047697,0.503478772183528,466437.3992003445
266.0,-0.718355364864866,-0.2108015685582935,-0.8399553735371154,0.5075537963065725,282210.01181354997,-0.2909725337639925,-1.6140631536831667,0.42738283110087344,463146.6425026933
266.05,-0.718564226244344,-0.2527020724141593,-0.8358758363348251,0.4658621538301847,279475.3655073773,-0.3714814940612481,-1.6058898712880412,0.34708273218309593,458467.9606587594
266.1,-0.718482552036199,-0.29437032342116437,-0.8306665716120145,0.42411222861503467,276002.7812774632,-0.4515212923574106,-1.5953032507193619,0.2669612596787884,452443.10431213566
266.15,-0.718400877828054,-0.33575004891410953,-0.8243364495285255,0.3826508289139444,271812.2328085181,-0.530972305567418,-1.5823461530875371,0.18742857226063592,445123.43967838713
266.2,-0.7183192036199066,-0.3767854669556164,-0.8168962071315398,0.34153373666429027,266927.7652903582,-0.6097172154919347,-1.567067820866008,0.10860198812797195,436569.16536777583
266.25,-0.715300235294116,-0.4174213763206717,-0.8083583139127095,0.2978788589734443,261377.26546871947,-0.6876413136377453,-1.5495233003995423,0.02765892165637074,426848.43706330494
266.3,-0.70956991855204,-0.4576032398878673,-0.7987368451644169,0.2519666786641727,255192.21912928228,-0.7646327762292416,-1.5297728311114913,-0.05506285767720165,416036.4292989987
266.35,-0.703839601809951,-0.49727726221238927,-0.7880473780761752,0.2065623395975617,248407.4680370937,-0.8405829083547252,-1.5078812254662002,-0.13674330654477418,404214.36268683546
266.4,-0.698109285067875,-0.5363904626986314,-0.7763069207046976,0.1617188223692435,241060.97405360386,-0.9153863573114247,-1.4839172597156485,-0.21727707224354975,391468.52154346654
266.45,-0.6918476756756715,-0.5748907461160213,-0.7635338764816805,0.1169569295596502,233193.59221405684,-0.9889412960417032,-1.4579530882168068,-0.2970936203660317,377889.28132283094
266.5,-0.68080443243243,-0.6127269721668286,-0.7497480409290271,0.06807746026560146,224848.84995076567,-1.0611495780179772,-1.4300636877787976,-0.3803451455855471,363570.16019617673
266.55,-0.669761189189196,-0.6498490255093263,-0.7349706208453809,0.0199121636798697,216072.72540233785,-1.131916865100078,-1.4003263313058836,-0.4621556759108819,348606.90384863917
266.6,-0.658717945945936,-0.6862078870079984,-0.7192242619676152,-0.027489941062062373,206913.41560114434,-1.2011527296787652,-1.368820084557359,-0.5424347837328292,333096.60869113164
266.65,-0.647674702702702,-0.7217557062516236,-0.702533069073843,-0.07408100354892155,197421.08525692526,-1.2687707320457593,-1.3356253164553678,-0.6210960293430573,317136.8863922669
266.7,-0.6336365429864192,-0.7564458745528652,-0.684922603103615,-0.12280933156644591,187647.58889689285,-1.3346884733910702,-1.300823212565788,-0.701051930404651,300825.07206221815
266.75,-0.618055547511304,-0.7902330969968314,-0.6664198446052962,-0.17217754948552744,177646.16371349889,-1.3988276244028297,-1.2644952848771558,-0.7807720768915257,284257.48008472164
266.8,-0.602474552036206,-0.8230734616970161,-0.6470531183356244,-0.22059890966081008,167471.09517914223,-1.461113929201187,-1.22672287555536,-0.858639377164981,267528.7134952554
266.85,-0.586893556561071,-0.8549245043325082,-0.6268519807685139,-0.2680309477714372,157177.36231736373,-1.521477184379072,-1.1875866586680097,-0.934583627818001,250731.0349948885
266.9,-0.570455783783784,-0.8857452662781435,-0.6058470778518498,-0.3152894824943595,146820.27269665012,-1.579851193264011,-1.1471661491720553,-1.0093954094802269,233953.8086766653
266.95,-0.551304882882882,-0.9154963451536233,-0.5840699870225475,-0.3641914622707413,136455.09989620754,-1.6361736961257787,-1.1055392351135558,-1.0848688132428967,217283.02228897173
267.0,-0.53215398198198,-0.9441399374393014,-0.5615530603217873,-0.4119859554573213,126136.73582270597,-1.6903862779779417,-1.0627817520210732,-1.1582322959959617,200800.89820959678
267.05,-0.5130030810811,-0.9716398736188787,-0.5383292852848317,-0.45863679253777867,115919.3677581111,-1.7424342565454063,-1.0189671184772255,-1.2294311754643061,184585.59796227203
267.1,-0.493852180180176,-0.9979616471167917,-0.5144321773491988,-0.5041094669366157,105856.186036895,-1.7922665538958746,-0.9741660489987681,-1.2984143737156986,168711.0206261103
267.15,-0.472221095022641,-1.023072438831177,-0.48989571257221126,-0.550851343808536,95999.12367865385,-1.839835555881419,-0.9284463551904306,-1.367614460858778,153246.6905718036
267.2,-0.449969963800917,-1.0469411393949013,-0.4647543036961205,-0.5969711755939843,86398.62512162632,-1.885096963966023,-0.8818728399072499,-1.4351270001651062,138257.72546952497
267.25,-0.427718832579193,-1.0695383712370794,-0.43904281489848634,-0.6418195386578864,77103.43732559461,-1.928009644020277,-0.8345072806284346,-1.500290811441084,123804.8713638871
267.3,-0.405467701357494,-1.0908365121373085,-0.41279660443530575,-0.6853688107798145,68160.41465332732,-1.9685354763009866,-0.786408491019226,-1.5630677749434927,109944.58928837976
267.35,-0.382294216216213,-1.1108097212856052,-0.38605157941417323,-0.7285155050693921,59614.32878727108,-2.0066392101111763,-0.7376324434095226,-1.6243449938949632,96729.17716805381
267.4,-0.357615837837854,-1.1294339680407766,-0.3588442465353102,-0.7718181302029226,51507.6773085978,-2.0422883257076845,-0.6882324332316384,-1.6846724878698305,84206.9123825674
267.45,-0.332937459459468,-1.1466870628068482,-0.33121174358609334,-0.8137496033473801,43880.48763573602,-2.0754529050820034,-0.6382592662962742,-1.7425154456225354,72422.20284676591
267.5,-0.308259081081082,-1.1625486887425371,-0.30319183998066507,-0.8542896076614551,36770.11673234449,-2.1061055123172188,-0.5877614524336,-1.7978464312361369,61415.737771885346
267.55,-0.283580702702724,-1.1770004325828145,-0.27482289994588754,-0.8934197298800906,30211.050533866928,-2.134221083536601,-0.536785393878543,-1.850640380833877,51224.632725572
267.6,-0.257080687782792,-1.1900258126892276,-0.24614380970755645,-0.9329451249064356,24234.710022939904,-2.1597768260327537,-0.4853755644800059,-1.9026961382499616,41882.56686120611
267.65,-0.230464398190057,-1.2016103027284393,-0.21719387691663244,-0.9711459045383822,18869.272068030914,-2.1827521261940706,-0.4335746831135153,-1.9522877280040136,33419.912148797375
267.7,-0.20384810859729097,-1.2117413498779752,-0.18801271492007088,-1.0078932412806842,14139.512388646335,-2.203128466118032,-0.3814238897302596,-1.9992803575207412,25863.854872348664
267.75,-0.177231819004525,-1.2204083871945501,-0.15864012742594982,-1.0431765681900251,10066.67601188864,-2.2208893493504753,-0.3289629363092069,-2.0436575303459503,19238.509060475615
267.8,-0.150196358558583,-1.2276028405462596,-0.12911600891522992,-1.0774064819876765,6668.377503279094,-2.236020236814068,-0.27623040566265916,-2.0858238782554848,13565.01991334351
267.85,-0.122773971171155,-1.23331813125092,-0.09948027431117362,-1.110544160079765,3958.52999081054,-2.2485084946298928,-0.22326396996262618,-2.1257345234587377,8861.653383728435
267.9,-0.0953515837837905,-1.2375496761075018,-0.0697728256857482,-1.1421980923237114,1947.298881669522,-2.2583433560119155,-0.17010069560129717,-2.162991772228125,5143.866070052473
267.95,-0.06792919639639439,-1.2402948867258763,-0.040033557172454354,-1.172365690329482,641.0742799520685,-2.2655158995780296,-0.1167773944827867,-2.197586703181635,2424.3484199446016
268.0,-0.0405118723981796,-1.2415531699433864,-0.010302391746706906,-1.2010412975452067,42.455710281045825,-2.2700190462454155,-0.06333101404565131,-2.229507173847236,713.0341937867526
268.05,-0.0131527773755804,-1.2413259306419746,0.019380661453998877,-1.2281731532663942,150.24401535780714,-2.2718475763200705,-0.009799052682441738,-2.2586947989444903,17.07047706191442
268.1,0.0142063176470808,-1.239616577636136,0.04897544470459455,-1.2538228952832169,959.4376736051194,-2.2709981676265913,0.043780017710013386,-2.285204485273672,340.7448801225041
268.15,0.0415654126696799,-1.2364305324373408,0.07844160164783404,-1.2779959451070206,2461.2339476309917,-2.267469454494363,0.09736634331884683,-2.3090348671640433,1685.3697442281866
268.2,0.068924507692309,-1.231775239880448,0.10773855535103034,-1.300699747572757,4643.038523650812,-2.261262106385233,0.15091831448870086,-2.330186614077542,4049.1266929974067
268.25,0.0953486054054106,-1.2256601788860557,0.13682552605944998,-1.3210087842914664,7488.48983257809,-2.2523789239879335,0.20439224312924392,-2.347727529393344,7426.878053582926
268.3,0.121291037837815,-1.2180968712280664,0.1656615935366802,-1.3393879090658813,10977.505429244897,-2.2408249499291975,0.2577421018544772,-2.3621159877670124,11809.953967709105
268.35,0.147233470270279,-1.2090988860847534,0.19420580260327952,-1.3563323563550322,15086.35750591359,-2.2266075908869296,0.3109193288372017,-2.3738410611572087,17185.92516348017
268.4,0.173175902702683,-1.1986818383928042,0.22241730353204395,-1.371857741095487,19787.782764186148,-2.209736747874728,0.3638726948965649,-2.3829126505774108,23538.371216229083
268.45,0.19857547511310483,-1.1868633795827497,0.2502555140263221,-1.3854388546958545,25051.128920231487,-2.190224951802682,0.4165482235776785,-2.388800426915787,30846.65290057238
268.5,0.22205036199094,-1.173663180014833,0.27768028622738106,-1.395713542005773,30842.536543728103,-2.1680875019827233,0.46888915071144677,-2.3901378639736635,39085.695227538105
268.55,0.245525248868746,-1.1591029032917732,0.3046520623010112,-1.4046281521605193,37125.15162570369,-2.1433426059781953,0.5208359090129295,-2.388867854846941,48225.785620857714
268.6,0.269000135746606,-1.1432061733600407,0.3311320053798369,-1.4122063091066468,43859.36199474893,-2.116011519854727,0.5723261256334535,-2.385011655601333,58232.390059128826
268.65,0.292475022624412,-1.1259985358715137,0.35708209742833424,-1.4184735584959256,51003.04972152736,-2.0861186884095617,0.6232946247509817,-2.378593711033974,69065.98919883861
268.7,0.3130645945945812,-1.1075074155294686,0.3824652022278676,-1.4205720101240498,58511.852366081475,-2.0536918851910975,0.6736734336362544,-2.366756479785679,80681.93692217972
268.75,0.332932837837831,-1.087762071074173,0.40724509810417925,-1.420694908912004,66339.42797195303,-2.018762352039537,0.7233917971160213,-2.351695189877368,93030.34526839945
268.8,0.352801081081058,-1.0667935491695648,0.4313864914631438,-1.4195946302506228,74437.7220067524,-1.9813649374631506,0.7723762121448692,-2.3341660185442086,106056.00232662329
268.85,0.37266932432433,-1.044634637788358,0.4548550257552094,-1.417303962112688,82757.23778190889,-1.9415382324554058,0.8205504982788245,-2.3142075567797358,119698.33248455595
268.9,0.39109311764705,-1.0213198189403205,0.4776173013479862,-1.4124129365873705,91247.31461877322,-1.8993247015337262,0.8678359212181562,-2.2904178191807762,133891.4108722784
268.95,0.40694899999999395,-0.9968852198333773,0.49964092028040874,-1.4038342198333713,99856.4196874615,-1.8547708059310497,0.9141513854469683,-2.2617198059310435,148564.04542481984
269.0,0.422804882352939,-0.9713685609616604,0.5208945655970495,-1.3941734433145994,108532.45938741555,-1.8079271151701883,0.9594137077782142,-2.2307319975231272,163639.94003070943
269.05,0.438660764705865,-0.9448090992683083,0.5413481190434775,-1.3834698639741734,117223.11439676443,-1.758848402806005,1.0035379773506916,-2.19750916751187,179037.95057513195
269.1,0.454516647058828,-0.9172475645271938,0.5609728133166146,-1.3717642115860218,125876.19891214295,-1.7075937220465496,1.0464379992403445,-2.1621103691053776,194672.44200073517
269.15,0.46621448648648,-0.8887260874483293,0.5797414088917296,-1.3549405739348093,134440.04047350705,-1.6542264573055168,1.0880268114542009,-2.120440943791997,210453.74976767914
269.2,0.4776469189189159,-0.8592881186297717,0.59762838042555,-1.3369350375486877,142863.87243602637,-1.5988143484059332,1.1282172585419157,-2.076461267324849,226288.74355054856
269.25,0.489079351351352,-0.8289783383128956,0.6146100955433184,-1.3180576896642475,151098.22781750676,-1.5414294851189787,1.1669226011907654,-2.0305088364703305,242081.48571907947
269.3,0.500511783783775,-0.7978425577435839,0.6306649689761644,-1.298354341527359,159095.32123748257,-1.4821482707806855,1.2040571397064235,-1.9826600545644606,257733.97256498024
269.35,0.509802208144801,-0.7659276137584216,0.6457735775807356,-1.2757298219032225,166809.40540056894,-1.4210513548362247,1.2395368304039371,-1.9308535629810257,273146.94292050466
269.4,0.516950624434387,-0.7332812587846774,0.6599187279478748,-1.2502318832190644,174197.09099853647,-1.358223535085069,1.2732798790403375,-1.8751741595194562,288220.73784337356
269.45,0.524099040723982,-0.6999520486910313,0.6730854751384833,-1.2240510894150134,181217.6227369591,-1.2937536310444628,1.3052073016419765,-1.8178526717684447,302856.1956016941
269.5,0.531247457013576,-0.6659892308215793,0.68526109805282,-1.1972366878351552,187833.10900182262,-1.2277343301586878,1.335243449914542,-1.7589817871722637,316955.56809594453
269.55,0.53807052252252,-0.6314426341312657,0.6964350420073472,-1.1695131566537857,194008.70709431017,-1.1602620085775384,1.36331650377422,-1.6983325311000583,330423.44701567345
269.6,0.541152054054056,-0.5963625627044088,0.7065988437787037,-1.1375146167584647,199712.7704117604,-1.0914365279792089,1.3893589388080678,-1.6325885820332648,343167.6908170454
269.65,0.544233585585585,-0.5607996931068021,0.7157460556198657,-1.105033278692387,204916.96645415836,-1.0213610094348533,1.4133079785053708,-1.5655945950204382,355100.3452634556
269.7,0.547315117117118,-0.5248049752540063,0.72387218292894,-1.0721200923711243,209596.37488732347,-0.950141584857856,1.4351060400458318,-1.497456701974974,366138.550431294
269.75,0.55039664864865,-0.48842953582268106,0.7309746458251788,-1.0388261844713311,213729.57313569824,-0.8778871262025777,1.454701178662374,-1.4282837748512276,376205.42563585786
269.8,0.551138941176471,-0.4517245828971985,0.7370527683666049,-1.0028635240736694,217298.71334275047,-0.8047089524935584,1.4720475294724846,-1.3558478936700293,385230.92071574146
269.85,0.550565411764705,-0.4147413104963738,0.7421077931710448,-0.9653067222610787,220289.59067407929,-0.7307205149559581,1.487105739854039,-1.281285926720663,393152.61893454735
269.9,0.549991882352941,-0.37753080190255933,0.7461429128545313,-0.9275226842555004,222691.69856121787,-0.656037061030728,1.4998433790218797,-1.206028943383669,399916.4731725813
269.95,0.5494183529411752,-0.3401439312732972,0.7491633047355147,-0.8895622842144724,224498.2628648951,-0.5807752788587489,1.5102353062871279,-1.1301936317999242,405477.4542855422
270.0,0.548135099099097,-0.3026312637786662,0.7511761523112633,-0.8507663628777632,225706.24472046172,-0.5050529248352696,1.5182639763162162,-1.0531880239343665,409800.08920524945
270.05,0.544335549549552,-0.265042955317866,0.7521906385859185,-0.809378504867418,226316.30271051676,-0.4289884379086655,1.5239196612105137,-0.9733239874582175,412858.8682353719
270.1,0.540535999999998,-0.2274286535183812,0.7522178997883835,-0.7679646535183793,226332.70750481862,-0.352700545205204,1.5272005729485012,-0.893236545205202,414638.50489141874
270.15,0.536736450450452,-0.18983740218812367,0.7512709331819173,-0.7265738526385757,225763.20601761152,-0.27630786426414017,1.5281128755347846,-0.8130443147145923,415134.03740003344
270.2,0.5329369009009004,-0.15231755152817894,0.7493644593516945,-0.6852544524290793,224618.83717578294,-0.19992850749713487,1.5266705839738341,-0.7328654083980353,414350.76835040137
270.25,0.526921764705884,-0.11491667623431276,0.7465147462346112,-0.6418384409401968,222913.70653829043,-0.12367969443436291,1.5228953555483065,-0.6506014591402469,412304.0469245516
270.3,0.520281719457022,-0.07768150307984145,0.7427394083691286,-0.5979632225368634,220664.73149780923,-0.047677376829001084,1.5168161869106622,-0.567959096286023,409018.9057554135
270.35,0.513641674208144,-0.04065784880455383,0.7380571984139402,-0.5542995230126978,217891.37125225374,0.027964119126636433,1.5084690360362016,-0.48567755508150756,404529.57025422
270.4,0.507001628959281,-0.00389056824749872,0.7324878085922047,-0.5108921972067797,214615.35589448415,0.10313243025596532,1.4978963906340776,-0.4038691987033157,398878.8617021506
270.45,0.49955951351351635,0.03257648816501164,0.7260516972210966,-0.4669830253485047,210860.426815054,0.17771747137404062,1.4851468038201483,-0.32184204213947576,392117.5162483915
270.5,0.490691495495497,0.0687005091295953,0.7187699515453088,-0.4219909863659017,206652.0972977782,0.25161172661648074,1.470274415242473,-0.23907976887901627,384303.4410873948
270.55,0.481823477477487,0.10443975134763211,0.7106641919646461,-0.3773837261298549,202017.43749630539,0.3247105167455874,1.4533384705799317,-0.15711296073189962,375500.92623424274
270.6,0.472955459459456,0.139753564618908,0.7017565152953101,-0.33320189484054796,196984.88270376672,0.39691224252637836,1.4344028452074438,-0.07604321693307764,365779.82619363733
270.65,0.464087441441445,0.17460241489918743,0.6920694681374313,-0.28948502654225755,191584.05949121082,0.46811860438237707,1.4135355710793531,0.004031162940932087,355214.7219034014
270.7,0.45362724886877975,0.20894790650334139,0.6816260368889459,-0.24467934236543837,185845.62166597223,0.5382347983566786,1.3908083607870594,0.08460754948789889,343884.0704773666
270.75,0.443028606334841,0.24275280389990503,0.6704496387698994,-0.20027580243493595,179801.08725067542,0.6071696880195804,1.3662961197745742,0.1641410816847394,331869.34878418804
270.8,0.432429963800914,0.27598105276407775,0.6585640989410736,-0.15644891103683622,173482.66896562726,0.6748359514944113,1.3400764375473746,0.24240598769349736,319254.1970612734
270.85,0.421831321266963,0.30859779928634323,0.6459936020578881,-0.11323352198061976,166923.09355989005,0.7411502023709405,1.3122290511931964,0.31931888110397755,306123.5702747372
270.9,0.410751369369374,0.340569406269427,0.6327626117143138,-0.07018196309994701,160155.40911340778,0.8060330830449071,1.2828352790776179,0.39528171367553305,292562.90724375995
270.95,0.39919010810810895,0.37186346438851,0.6188957582561858,-0.027326643719598975,153212.7838349997,0.8694093290764054,1.2519774293153971,0.4702192209682965,278657.33040270046
271.0,0.387628846846844,0.4024487971955067,0.6044177024721971,0.01481995034866268,146128.3036247077,0.9312078035710601,1.2197381946618238,0.5435789567242162,264490.8912918907
271.05,0.376067585585593,0.4322954589604852,0.5893529877481825,0.05622787337489221,138934.77766708372,0.991361501312294,1.1862000507843105,0.615293915726701,250145.87741879126
271.1,0.36448278280542,0.4613747251580519,0.5737258964758177,0.09689194235263188,131664.56171479227,1.0498075233148032,1.1514446784194017,0.6853247405093832,235702.1951040639
271.15,0.352529162895928,0.48965907622875,0.5575603272241921,0.13712991333282198,124349.40739773927,1.106487023535557,1.115552430951683,0.7539578606396291,221236.8402137262
271.2,0.340575542986424,0.5171221760242668,0.5408797069468517,0.1765466330378428,117020.34295476488,1.1613451305132492,1.0786018668539537,0.8207695875268252,206823.46438770383
271.25,0.328621923076919,0.5437388469498923,0.5237069476711604,0.21511692387297326,109707.58681561743,1.2143308475676855,1.0406693614485132,0.8857089244907665,192532.03908580553
271.3,0.316668303167428,0.5694850441304842,0.5060644506850098,0.2528167409630562,102440.4912988483,1.2653969357424995,1.0018288054924234,0.9487286325750715,178428.61431366683
271.35,0.304854225225217,0.5943378309003842,0.48797415395498944,0.2894836056751672,95247.50997123511,1.3144997838521508,0.962151389907783,1.009645558626934,164575.16392915178
271.4,0.293118639639644,0.6182753575367079,0.4694576124058434,0.3251567178970639,88156.17993831803,1.3615992697628057,0.9217054686432298,1.0684806301231617,151029.5059425486
271.45,0.281383054054058,0.6412768445282342,0.45053609630673214,0.3598937904741762,81193.10963012361,1.4066586164923474,0.8805564858492193,1.1252755624382893,137845.2844037558
271.5,0.269647468468472,0.6633225708571925,0.43123069058591224,0.3936751023887205,74383.9634012811,1.449644245909544,0.8387669496437561,1.179996777441072,125071.9992559451
271.55,0.257966556561101,0.6843938669251401,0.4115623788426825,0.42642731036403914,67753.43667145907,1.4905256319040572,0.7963964343267587,1.232559075342956,112755.0721081556
271.6,0.246504339366516,0.7044731110234291,0.3915520995092589,0.45796877165691313,61325.21865204343,1.5292751540440277,0.7535015954921793,1.2827708146775116,100935.9385616462
271.65,0.235042122171956,0.7235437277613441,0.3712207674617097,0.48850160558938815,55121.943277944294,1.565867952081041,0.7101361876309326,1.330825829909085,89652.16088586579
271.7,0.22357990497738395,0.7415901866924992,0.35058926081415887,0.5180102817151153,49165.13191928733,1.600281781296133,0.6663510799907595,1.376701876318749,78937.55765419583
271.75,0.212117687782811,0.7585979995326476,0.3296783794516556,0.5464803117498366,43475.133551147934,1.6324968686369337,0.6221942734374948,1.4203791808541226,68822.34913749548
271.8,0.200714189189204,0.774553714844098,0.30850878743976295,0.5738395256548939,38071.068771021135,1.6624957698992966,0.5777109271633741,1.4617815807100927,59333.31828692718
271.85,0.189327252252251,0.789444909754618,0.2871009547058831,0.600117657502367,32970.78327721181,1.6902632287525368,0.5329434080761895,1.5009359765002857,50493.986882109115
271.9,0.177940315315323,0.8032601790772409,0.26547511379089805,0.625319863761918,28190.81441691611,1.7157860390978565,0.4879313769007457,1.5378457237825336,42324.80507809023
271.95,0.16655337837838263,0.8159891229278262,0.24365124485566225,0.6494357445494436,23746.371647885553,1.7390529129092922,0.4427119230854726,1.5724995345309096,34843.35054969553
272.0,0.154943692307693,0.8276223344911974,0.2216490975125936,0.6726786421835044,19651.32897125889,1.7600543562179207,0.3973197564248321,1.6051106639102277,28064.531350308956
272.05,0.142901610859741,0.8381513898615084,0.1994882517733363,0.6952497790017673,15918.225038232802,1.778782556145843,0.35178745712698617,1.635880945286102,22000.78488744376
272.1,0.130859529411774,0.847568841825514,0.17718821346647207,0.7167093124137399,12558.265196576029,1.7952312818062965,0.3061457788566766,1.6643717523945225,16662.264517646425
272.15,0.118817447963808,0.8558682190596387,0.15476853312912575,0.7370507710958307,9581.319538776519,1.8093958014336795,0.26042399234275815,1.6905783534698715,12057.00547337617
272.2,0.10677536651584069,0.8630440315415633,0.13224893290786116,0.7562686650257227,6995.912102107185,1.8212728173466466,0.21465025185682501,1.714497450830806,8191.063221724162
272.25,0.0935747719457036,0.8690917821556091,0.10964942479074617,0.7755170102099055,4809.1985427766,1.8308604193922209,0.16885196476606054,1.7372856474465173,5068.619734286036
272.3,0.080273437104087,0.8740079836609984,0.08699040441813352,0.7937345465569114,3026.9321843321695,1.838158056532278,0.12305614449717314,1.757884619428191,2692.055946401628
272.35,0.0669721022624552,0.8777901794732067,0.06429270836294748,0.8108180772107515,1653.4209394572067,1.8431665253036746,0.07728973031176872,1.7761944230412194,1061.9915398517228
272.4,0.0536707674208234,0.88043696625387,0.041577628629279315,0.8267661988330466,691.4796809737068,1.8458879731967512,0.03157986292327389,1.7922172057759278,177.29559862271444
272.45,0.039596901801807,0.8819480161532335,0.018866885076177238,0.8423511143514265,142.38374099107176,1.8463259146117503,-0.014045887901760944,1.8067290128099434,35.07323856868168
272.5,0.0247505054054067,0.8823240967727694,-0.0038174364760490756,0.8575735913673627,5.829128499467994,1.8444852570604253,-0.05955934001419673,1.8197347516550186,630.6337747425237
272.55,0.0099041090090225,0.8815670874316782,-0.02645296780370492,0.8716629784226557,279.90380224953964,1.8403723356156465,-0.10493155034289339,1.830468226606624,1957.445379086786
272.6,-0.0049422873873785,0.8796799910462016,-0.04901714736927609,0.8846222784335801,961.0722944885322,1.8339949542032141,-0.1501326871776577,1.8389372415905927,4007.079779410565
272.65,-0.0198763932432385,0.8766669417554864,-0.07148729907800848,0.896543334998725,2044.1735717874526,1.8253624330725833,-0.1951319085529864,1.8452388263158217,6769.148752983297
272.7,-0.03618461396396016,0.8725332091631592,-0.09384068665532086,0.9087178231271194,3522.4297887768457,1.8144856624835923,-0.2398972329791208,1.8506702764475524,10231.232425073522
272.75,-0.0524928346846819,0.8672852006765247,-0.11605453473844965,0.9197780353612066,5387.462013343207,1.8013771632608246,-0.284395393306384,1.8538699979455064,14378.798174914285
272.8,-0.0688010554053851,0.8609304636768649,-0.1381060144969039,0.9297315190822499,7629.308496087612,1.7860511551405605,-0.3285916710398861,1.8548522105459455,19195.1086714284
272.85,-0.0851092761261068,0.8534776892195459,-0.1599721983803214,0.9385869653456527,10236.441701853162,1.7685236338226686,-0.3724497153748365,1.8536329099487754,24661.11830805275
272.9,-0.101934434389125,0.8449367185493138,-0.18162999469928126,0.9468711529384388,13195.781989784375,1.7488124572307364,-0.4159313578630299,1.8507468916198615,30755.35901400602
272.95,-0.11907642533935991,0.8353185530992212,-0.2030560764315832,0.9543949784385811,16492.70807031558,1.7269374408389417,-0.458996438034288,1.8460138661783017,37453.81868945138
273.0,-0.136218416289594,0.8246353678426054,-0.2242268209835895,0.9608537841321994,20111.06689936268,1.7029204610582003,-0.5016026584501305,1.8391388773477944,44729.818126975704
273.05,-0.153360407239809,0.81290052706399,-0.24511827578676545,0.966260934303799,24033.187649870724,1.6767855647644536,-0.5437054865341726,1.8301459720042625,52553.89441553091
273.1,-0.170481058823526,0.8001286009557536,-0.2657061612683845,0.9706096597792795,28239.905654392296,1.6485590822570197,-0.5852581176408019,1.8190401410805457,60893.70031368084
273.15,-0.187516352941177,0.786335381007798,-0.28596591612942013,0.973851733948975,32710.60207509542,1.6182697403447028,-0.6262115073278327,1.8057860932858798,69713.92922840822
273.2,-0.20455164705882792,0.7715378921035677,-0.30587278326432527,0.9760895391623956,37423.26381674596,1.585948772058665,-0.666514473859508,1.790500419117493,78976.27446474964
273.25,-0.221586941176478,0.7557543994539612,-0.3254019282265657,0.9773413406304392,42354.56595742681,1.551630019590737,-0.7061138648335978,1.773216960767215,88639.42935293165
273.3,-0.238622235294109,0.7390044090725337,-0.34452857684670846,0.9776266443666427,47479.97610560732,1.51535002755331,-0.7449547754835604,1.753972262847419,98659.13200280211
273.35,-0.254816797297291,0.7213086612221791,-0.36322815575161993,0.9761254585194701,52773.877252289225,1.4771481243660005,-0.7829808021542181,1.7319649216632915,108988.2553852556
273.4,-0.270774229729725,0.7026891171225331,-0.3814764189724498,0.9734633468522581,58209.70329281763,1.4370664904770116,-0.820134312652837,1.7078407202067365,119576.94058498515
273.45,-0.28673166216215795,0.6831689399616268,-0.39924954731529333,0.9699006021237847,63760.08041258666,1.39515021298319,-0.8563567176049381,1.681881875145348,130372.76938437401
273.5,-0.302689094594591,0.6627724718126462,-0.4165242118709457,0.9654615664072372,69396.96762988498,1.351447326917884,-0.8915887308804136,1.654136421512475,141320.9715614127
273.55,-0.318056384615367,0.6415252083274079,-0.4332775997694221,0.9595815929427749,75091.7913847806,1.3060088439234727,-0.9257706134921865,1.6240652285388397,152364.662898791
273.6,-0.332278104072384,0.6194537730000876,-0.4494874068125172,0.9517318770724716,80815.57155321653,1.2588887691338604,-0.958842401905792,1.5911668732062445,163445.11141199438
273.65,-0.3464998235294,0.5965858924131423,-0.46513180791899505,0.9430857159425423,86539.03949519717,1.2101441068880865,-0.9907441283408607,1.5566439304174864,174502.03161633632
273.7,-0.36072154298641695,0.5729503732023361,-0.4801894204436743,0.933671916188753,92232.75180241272,1.1598348553746216,-1.0214160453687111,1.5205563983610386,185473.90893096125
273.75,-0.374943262443434,0.5485770806951826,-0.49463927666807084,0.9235203431386166,97867.20560908492,1.1080239896445758,-1.0507988690092376,1.48296725208801,196298.3578864165
273.8,-0.386930576576562,0.5234969183752299,-0.5084608203324794,0.9104274949517919,103412.96232527118,1.0547774317193732,-1.0788340536973124,1.4417080082959353,206912.51829635122
273.85,-0.398723594594584,0.49774180668904244,-0.5216339377108739,0.8964654012836264,108840.78598870072,1.0001640059477253,-1.1054641084774368,1.3988876005423092,217253.49246787807
273.9,-0.410516612612606,0.4713446593168779,-0.5341390282772999,0.8818612719294839,114121.80061160726,0.944255377425576,-1.1306329583744763,1.354771990038182,227258.82427779914
273.95,-0.4223096306306265,0.44433935494737575,-0.5459571128825547,0.8666489855780022,119227.66764282182,0.8871259712734049,-1.1542863474443366,1.3094356019040314,236867.01722602447
274.0,-0.432815429864254,0.4167607028806829,-0.5570699705103939,0.8495761327449369,124130.78081778044,0.8288528709353428,-1.176372272501804,1.2616683007995968,246018.08417974375
274.05,-0.44192674208144,0.38864440136230016,-0.5674602896894178,0.8305711434437402,128804.47214975917,0.769515694367546,-1.1968414306421544,1.211442436448986,254654.11735138824
274.1,-0.451038054298636,0.3600269883211786,-0.5771118182097191,0.8110650426198146,133223.22028693117,0.7091964479267703,-1.2156476602772202,1.1602345022254064,262719.8638111075
274.15,-0.460149366515833,0.3309457850069269,-0.58600949488339,0.7910951515227599,137362.85123739438,0.6479793588103773,-1.2327483546239153,1.1081287253262102,270163.2899249725
274.2,-0.46908254054053583,0.3014388337846745,-0.5941395495966826,0.7705213743252104,141200.72175797954,0.5859506879198197,-1.2481048284609495,1.0550332284603556,276936.11783600645
274.25,-0.475224882882883,0.2715448319081612,-0.6014895633430455,0.7467697147910441,144715.87792424302,0.5231985258613547,-1.2616826241601715,0.9984234087442377,282994.3189524794
274.3,-0.48136722522522,0.24130306334118098,-0.6080484865138522,0.722670288566401,147889.18478071454,0.45981257532806286,-1.273451749798176,0.9411798005532829,288298.5527224954
274.35,-0.487509567567565,0.21075333061084264,-0.6138066208590012,0.6982628981784077,150703.42712413825,0.395883923279309,-1.2833868499554548,0.883393490846874,292814.5434024151
274.4,-0.493651909909909,0.1799358882451165,-0.6187555762656269,0.6735877981550255,153143.38526392324,0.3315048061177208,-1.2914673166124753,0.8251567160276299,296513.3919783515
274.45,-0.49795821719456873,0.1488913787012538,-0.6228882169748438,0.6468495958958225,155195.89233844003,0.2667683705728387,-1.297677352330382,0.7647265877674074,299371.8241335449
274.5,-0.501139212669684,0.11766077090694341,-0.6261986134839466,0.6187999835766274,156849.88141168683,0.20176843230243613,-1.3020060009352203,0.7029076449721201,301372.37803934666
274.55,-0.504320208144794,0.08628530074674731,-0.6286820150074189,0.5906055088915413,158096.43039751542,0.13659923345075542,-1.3044471608781159,0.6409194415955494,302503.53698186256
274.6,-0.507501203619908,0.05480641218013372,-0.6303348529313683,0.5623076158000417,158928.81072800385,0.07135519971319043,-1.3049995930951734,0.5788564033330985,302759.81119618996
274.65,-0.510097306306306,0.023265697316225485,-0.6311547791249069,0.5333630036225315,159342.54208488401,0.006130697006491381,-1.303666929346035,0.5162280033127974,302141.77114142576
274.7,-0.510353837837838,-0.008295166257563054,-0.6311407365856945,0.502058671580275,159335.45175117318,-0.05898021229989134,-1.3004576809504345,0.4513736255379467,300656.0319898635
274.75,-0.510610369369369,-0.0398344823153021,-0.6302930535030915,0.47077588705406687,158907.7333177004,-0.12388401347790574,-1.2953852414178377,0.38672635589146326,298315.1864325599
274.8,-0.510866900900901,-0.07131060783596843,-0.6286135468487896,0.4395562930649326,158061.99651272615,-0.18848798327330263,-1.2884678711655613,0.3223789176275984,295137.68089349574
274.85,-0.511123432432432,-0.10268202992243484,-0.6261056189288344,0.4084414025099971,156803.29842170354,-0.25270043221873617,-1.2797286493748725,0.2584230002136958,291147.62951659295
274.9,-0.509242185520364,-0.13390744702391907,-0.6227743305628879,0.37533473849644494,155139.14672322126,-0.3164309433944187,-1.2691953777889886,0.19281124212594536,286374.5612446104
274.95,-0.506685850678735,-0.16494585295585326,-0.618626438081539,0.34173999772288166,153079.4679573809,-0.3795906049174784,-1.2569004244731141,0.12709524576125653,280853.0981405679
275.0,-0.504129515837105,-0.19575662169720975,-0.613670386800075,0.3083728941398952,150636.53745414148,-0.44209223296654876,-1.2428805009895298,0.06203728287055621,274622.56706488616
275.05,-0.501573180995479,-0.226299590741779,-0.6079162600740895,0.2752735902537,147824.87170498722,-0.5038505819904181,-1.2271763731867436,-0.002277400994939116,267726.5512724924
275.1,-0.498097477477484,-0.25653514089517054,-0.6013756895454234,0.24156233658231346,144661.0879904934,-0.5647825389336022,-1.2098325129150587,-0.06668506145611819,260212.39276557614
275.15,-0.492837117117122,-0.28642427085452377,-0.5940617386752937,0.20641284626259826,141163.73974316515,-0.6248072988629196,-1.1908967053365846,-0.1319701817457976,252130.66005005015
275.2,-0.48757675675676,-0.3159286656270603,-0.5859887754598634,0.1716480911296997,137353.13798598008,-0.6838465202519067,-1.1704196313059632,-0.19626976349514674,243534.59792824654
275.25,-0.482316396396398,-0.3450107586632668,-0.5771723510057442,0.1373056377331312,133251.16910619917,-0.7418244592032632,-1.1484544460454211,-0.2595080628068652,234479.5759362658
275.3,-0.477056036036042,-0.3736337883789035,-0.5676290984918241,0.10342224765713853,128881.11738185637,-0.7986680829356284,-1.1250563739561272,-0.3216120468995864,225022.55014743275
275.35,-0.469400859728513,-0.40176185036538464,-0.5573766631896869,0.06763900936312833,124267.4978673879,-0.8543071637643735,-1.1002823359824674,-0.38490630403586057,215221.55002222848
275.4,-0.461479592760186,-0.42935994699246116,-0.5464336681585565,0.03211964576772486,119435.90147888618,-0.9086743555003483,-1.0741906199227862,-0.44719476274016223,205135.19785423996
275.45,-0.453558325791858,-0.45639403614684526,-0.5348197131275378,-0.002835710354987253,114412.85021992875,-0.9617052545101498,-1.0468405965459986,-0.5081469287182918,194822.26392476127
275.5,-0.445637058823531,-0.4828310805705829,-0.5225553975057367,-0.037194021747051886,109225.65738495138,-1.0133384476499052,-1.0182924769792352,-0.5677013888263742,184341.25665289
275.55,-0.436491405405417,-0.5086390986641934,-0.5096623534991671,-0.07214769325877646,103902.28582972399,-1.0635155488845653,-0.9886071007352941,-0.6270241434791484,173750.04437764338
275.6,-0.426019333333341,-0.53378721687198,-0.4961632736734257,-0.10776788353863903,98471.1976569323,-1.1121812257952697,-0.9578457408504781,-0.6861618924619286,163105.5045805158
275.65,-0.415547261261266,-0.5582457229803964,-0.4820819175385629,-0.14269846171913042,92961.19008706309,-1.1592832164663431,-0.9260699116163014,-0.7437359552050771,152463.19665795987
275.7,-0.4050751891891898,-0.5819861189536143,-0.4674430848714078,-0.17691092976442452,87401.21503763925,-1.2047723365549776,-0.8933411664853129,-0.7996971473657879,141877.0559533048
275.75,-0.394499963800903,-0.6049811714378605,-0.45227254834779096,-0.21048120763695743,81820.18319560196,-1.248602475827673,-0.8597208778593243,-0.85410251202677,131399.10894705905
275.8,-0.381449058823539,-0.6272049578640357,-0.43659694576233876,-0.24575589904049672,76246.75721960103,-1.290730583191669,-0.8252699978204243,-0.9092815243681298,121079.21232044857
275.85,-0.368398153846161,-0.6486329062900473,-0.420443638759843,-0.28023475244388635,70709.14134944693,-1.3311166394010088,-0.7900488055849091,-0.9627184855548478,110964.82048109183
275.9,-0.355347248868782,-0.6692418275814097,-0.4038405502269945,-0.3138945787126277,65234.87600305666,-1.3697236170246618,-0.7541166530410769,-1.01437636815588,101100.78691446682
275.95,-0.3422963438914024,-0.6890099392570797,-0.3868159960056595,-0.34671359536567725,59850.64590634016,-1.4065174279670878,-0.7175317238226928,-1.0642210840756854,91529.20438968268
276.0,-0.32790825225225,-0.7079168811211675,-0.36939852747210894,-0.38000862886891745,54582.10883942497,-1.4414668596300326,-0.6803508228553757,-1.1135586073777826,82289.28749510879
276.05,-0.312700594594604,-0.725943723621999,-0.3516168000758914,-0.413243129027395,49453.74963824375,-1.4745435016586277,-0.6426292123874174,-1.1618429070640237,73417.29859798621
276.1,-0.297492936936942,-0.7430729705077952,-0.33349947786281553,-0.4455800335708532,44488.76069390823,-1.5057216658964832,-0.6044205057129108,-1.2082287289595413,64946.51515133349
276.15,-0.282285279279279,-0.7592885577052146,-0.31507517791400724,-0.47700327842593565,39708.94709501733,-1.5349783025904047,-0.5657766236359076,-1.2526930233111258,56907.233396061776
276.2,-0.26676163800904334,-0.7745758503584129,-0.29637245106960536,-0.5078142123493696,35134.65190120225,-1.5622929159432664,-0.5267478107263774,-1.295531277934223,49326.80108533894
276.25,-0.249798515837096,-0.7889216396291556,-0.2774197899781191,-0.5391231237920596,30784.695948601486,-1.587647481792516,-0.48738270232797,-1.3378489659554198,42229.670849513706
276.3,-0.232835393665166,-0.8023141403067623,-0.25824565061191834,-0.5694787466415963,26676.326423989198,-1.6110263696128893,-0.4477284274273529,-1.3781909759477233,35637.46572916808
276.35,-0.215872271493216,-0.814742989483835,-0.23887847091342168,-0.598870717990619,22825.16954637378,-1.6324162701709337,-0.40783072895338224,-1.4165439986777177,29569.049507315045
276.4,-0.198909149321267,-0.826199245766267,-0.21934667094168794,-0.627290096445,19245.184821280454,-1.6518061292420099,-0.36773408282066644,-1.452896979920743,24040.596563192314
276.45,-0.18133310810810568,-0.8366753877585981,-0.19967862241790077,-0.6553422796504924,15948.620900284233,-1.6691870869002843,-0.32748179981208675,-1.4878539787921785,19065.658525895764
276.5,-0.163563513513511,-0.8461653101243225,-0.1799025815589878,-0.6826017966108116,12945.975540635305,-1.6845524212497318,-0.28711610001834337,-1.5209889077362209,14655.227535954373
276.55,-0.145793918918935,-0.8546643153566374,-0.16004658536783153,-0.7088703964377024,10245.963795161035,-1.697897495090374,-0.2466781558534515,-1.552103576171439,10817.79779115728
276.6,-0.12802432432434,-0.862169099588259,-0.14013831855982897,-0.7341447752639191,7855.499331510442,-1.7092197040088348,-0.2062081071063771,-1.5811953796844949,7559.428166470239
276.65,-0.110271323981914,-0.8686777312623125,-0.12020496343445033,-0.7584064072803985,5779.693293711017,-1.7185184247073648,-0.1657450573667662,-1.6082471007254509,4883.808718491132
276.7,-0.09255358642534883,-0.8741896222046873,-0.10027304900449781,-0.7816360357793385,4021.873742663368,-1.7257949629784077,-0.12532706611179228,-1.633241376553059,2792.333066700365
276.75,-0.0748358488687841,-0.8787054914913304,-0.08036831615860893,-0.8038696426225462,2583.6264968680484,-1.7310525015088014,-0.08499115220408476,-1.6562166526400173,1284.1770583071827
276.8,-0.0571181113122394,-0.8822273232808274,-0.06051561326706326,-0.825109211968588,1464.8557796355053,-1.7342960484455021,-0.04477332303868182,-1.6771779371332627,356.38230327576105
276.85,-0.0394003737556746,-0.8847583204094553,-0.04073883208966198,-0.8453579466537807,663.8609760118691,-1.7355323882892804,-0.004708639626698159,-1.6961320145336058,3.9415621571754986
276.9,-0.0227919371040861,-0.8863028558735765,-0.02106088743183432,-0.8635109187694904,177.4243917665587,-1.7347700370393708,0.03516867827671275,-1.7119780999352847,219.88194341883153
276.95,-0.006306756108607443,-0.8868664243370562,-0.0015037373597966072,-0.8805596682284488,0.9044904188992284,-1.7320192035559179,0.07482510966928047,-1.7257124474473104,995.3416954701954
277.0,0.010178424886871,-0.8864555954700707,0.01791156582963181,-0.8966340203569417,128.3296761876935,-1.727291758790722,0.11422766219973354,-1.737470183677593,2319.637122065144
277.05,0.0266636058823308,-0.88507797031526,0.03716480800005245,-0.9117415761975909,552.4891814723051,-1.720601213910037,0.15334368929180703,-1.747264819792368,4180.317696999512
277.1,0.0421557270270115,-0.8827421411140816,0.056236545098752075,-0.9248978681410931,1265.0196018575903,-1.7119627075140054,0.19214071220120785,-1.7541184345410168,6563.209472922201
277.15,0.0565720333333224,-0.8794576542213585,0.07510804993408246,-0.9360296875546809,2256.48766596025,-1.7013930012559102,0.23058626462872517,-1.7579650345892326,9452.448966298396
277.2,0.0709883396396332,-0.8752349750551136,0.0937612855295464,-0.9462233146947469,3516.4714656612514,-1.6889104823538168,0.26864777445131294,-1.75989882199345,12830.511416469957
277.25,0.0854046459459442,-0.8700854535670484,0.11217891143976375,-0.9554900995129926,5033.643268724143,-1.6745351708767402,0.30629249200437075,-1.7599398168226843,16678.238339244002
277.3,0.0997208558558446,-0.864021288574931,0.1303443221391096,-0.9637421444307755,6795.85692556159,-1.6582887293939776,0.34348746688582454,-1.7580095852498223,20974.86931691385
277.35,0.111634752252245,-0.8570554895138025,0.14824171036052913,-0.9686902417660475,8790.241876246004,-1.64019447266208,0.3801995684353262,-1.751829224914325,25698.082104605917
277.4,0.123548648648645,-0.8492018346459904,0.16585614284444616,-0.9727504832946354,11003.304047694932,-1.620277375413976,0.4163955387536871,-1.743826024062621,30824.043501150816
277.45,0.13546254504504496,-0.8404748255017129,0.18317363284639962,-0.9759373705467579,13421.031908059045,-1.5985640770025227,0.4520420629516497,-1.7340266220475677,36327.47140934813
277.5,0.147376441441445,-0.8308896381126184,0.20018119318814895,-0.9782660795540634,16029.004042492403,-1.5750828824511225,0.48710583969108,-1.7224593238925674,42181.70649976038
277.55,0.157759058823524,-0.8204620723829489,0.21686685593109767,-0.9782211312064729,18812.49328057579,-1.5498637603068155,0.5215536364389167,-1.7076228191303395,48358.7903435836
277.6,0.167120823529409,-0.809208501502132,0.23321965006045572,-0.976329325031541,21756.56206972857,-1.5229383383504613,0.5553523185353423,-1.6900591618798704,54829.54625823649
277.65,0.176482588235293,-0.7971458235883155,0.2492295348186842,-0.9736284118236085,24846.14441037509,-1.4943398986268184,0.5884688471671999,-1.6708224868621113,61563.65939311881
277.7,0.18584435294117646,-0.7842914176877771,0.2648872934679943,-0.9701357706289535,28066.11129631973,-1.4641033733181343,0.6208702486224666,-1.6499477262593107,68529.75388880419
277.75,0.194794500000002,-0.7706631058685355,0.2801843977975079,-0.9654576058685375,31401.318707660863,-1.432265342707423,0.652523563226101,-1.627059842707425,75695.46676716223
277.8,0.201869499999994,-0.7562791225092531,0.2951128587728819,-0.9581486225092471,34836.639765241176,-1.398864035918851,0.6833957881615722,-1.6007335359188448,83027.52058257359
277.85,0.208944499999995,-0.7411580910374044,0.3096650805324797,-0.9501025910373994,38356.984840474855,-1.3639393343141883,0.7134538310313399,-1.5728838343141833,90491.79893569699
277.9,0.216019499999995,-0.7253190075472408,0.3238337337696609,-0.9413385075472358,41947.31485087985,-1.3275327765990945,0.7426644905893472,-1.5435522765990894,98053.43032574838
277.95,0.22309449999999445,-0.7087812299938074,0.33761166066230053,-0.9318757299938019,45592.65336606255,-1.2896875639244756,0.7709944777348929,-1.51278206392447,105676.88616848005
278.0,0.228862361990948,-0.6915644712101278,0.3509918176857432,-0.9204268332010758,49278.1024329368,-1.2504485627667608,0.7984104842031928,-1.4793109247577088,113326.09800632477
278.05,0.234170959276011,-0.6736887938195418,0.3639672562991893,-0.9078597530955528,52988.8654631839,-1.2098623031441988,0.8248792998457971,-1.44403326242021,120964.59721139423
278.1,0.23947955656108,-0.655174605299208,0.37653113466962623,-0.894654161860288,56710.27815023848,-1.1679769698782057,0.8503679719884315,-1.4074565264392858,128555.67782821649
278.15,0.244788153846149,-0.6360426519249274,0.3886767482940634,-0.8808308057710763,60427.84586577868,-1.12484238508738,0.8748439941896091,-1.369630538933529,136062.5802968229
278.2,0.249709711711708,-0.6163140110363532,0.40039756389737685,-0.8660237227480612,64127.283669981596,-1.080509980862843,0.898275507216272,-1.3302196925745509,143448.69099816016
278.25,0.253808810810809,-0.5960100818532258,0.41168724117013966,-0.8498188926640349,67794.55381691229,-1.0350327619688204,0.9206314942334927,-1.2888415727796294,150677.75078659438
278.3,0.257907909909905,-0.5751525757844722,0.4225396295084246,-0.8330604856943772,71415.89540204669,-0.988465259273334,0.941881953991179,-1.246373169183239,157714.0649340874
278.35,0.262007009009005,-0.5537635077090205,0.43294873160686326,-0.8157705167180255,74977.84167999668,-0.9408634753338531,0.9619980399784733,-1.2028704843428581,164522.70736398656
278.4,0.266106108108106,-0.5318651899556784,0.44290863218153936,-0.7979712980637844,78467.22258436885,-0.8922848240095201,0.9809521598426776,-1.158390932117626,171069.71376000252
278.45,0.2696877556561069,-0.5094802306277917,0.4524133968371689,-0.7791679862838986,81871.15265509827,-0.8427880660826544,0.9987180364230174,-1.1124758217387614,177322.260671404
278.5,0.273198841628959,-0.48663153750745425,0.4614569523022458,-0.7598303791364133,85177.00753123086,-0.7924332426287833,1.015270738640329,-1.0656320842577425,183248.8307092052
278.55,0.276709927601806,-0.46334232809611536,0.47003296347615625,-0.7400522556979214,88372.39470167106,-0.741281607322985,1.0305866956395846,-1.017991534924791,188819.36661854538
278.6,0.280221013574658,-0.43963614552856617,0.47813472418786823,-0.7198571591032241,91445.12578968353,-0.6893955581271458,1.044643710065296,-0.9696165717018038,194005.4188407087
278.65,0.283695608108106,-0.415536879276726,0.4857550770901057,-0.699232487384832,94383.1979675258,-0.6368385680087436,1.057420985823982,-0.9205341761168496,198780.2917797266
278.7,0.287127364864864,-0.39106878888189583,0.49288637403253416,-0.6781961537467598,97174.79108277567,-0.5836751136483224,1.068899182326037,-0.8708024785131864,203119.19324040363
278.75,0.290559121621622,-0.36625652852054325,0.4995204828299664,-0.6568156501421653,99808.28510667311,-0.5299706006156415,1.0790605021589394,-0.8205297222372635,206999.38974568935
278.8,0.293990878378376,-0.341125170083944,0.505648838948194,-0.63511604846232,102272.29933186265,-0.4757912833159782,1.0878888117638403,-0.7697821616943542,210400.3674241672
278.85,0.297430009049772,-0.31570022270646414,0.5112625343073538,-0.6131302317562362,104555.75159455124,-0.42120417821790324,1.095369787998861,-0.7186341872676753,213303.9951041191
278.9,0.301230461538461,-0.2900076471910289,0.5163524297966186,-0.5912381087294899,106647.93270274875,-0.36627696936790466,1.101491077252377,-0.6675074309063657,215694.68324739588
278.95,0.305030914027149,-0.26407386456287124,0.5209092750940858,-0.5691047785900203,108538.58915161838,-0.3110779059955996,1.106242449989281,-0.6161088200227486,217559.53033925098
279.0,0.308831366515838,-0.2379257587862484,0.5249238196404926,-0.5467571253020864,110218.00657038577,-0.2556756928708896,1.109615933149895,-0.5645070593867276,218888.44784001992
279.05,0.312631819004522,-0.21159067445110807,0.5283869011637934,-0.5242224934556301,111677.08692859055,-0.20013937493288375,1.1116059048231297,-0.5127711939374058,219674.25558002648
279.1,0.316714837837836,-0.18509641078574746,0.5312895030158781,-0.5018112486235835,112907.41440594349,-0.14453821836508005,1.1122091402657417,-0.461253056202916,219912.74163389517
279.15,0.320986234234233,-0.15847121365503258,0.5336227776798533,-0.4794574478892656,113901.30754350487,-0.08894159070215743,1.1114248045866162,-0.40992782493639046,219602.68377784852
279.2,0.32525763063063096,-0.13174376714044495,0.5353780413369411,-0.4570013977710759,114651.85885831177,-0.03341884258000435,1.109254395506052,-0.3586764732106353,218745.8335910217
279.25,0.329529027027029,-0.10494318590909246,0.5365467497280946,-0.4344722129361215,115152.96585751302,0.021960806595776053,1.1057016458369047,-0.307568220431253,217346.8674855893
279.3,0.333853542986424,-0.07809900895814219,0.5371204700805383,-0.4119525519445662,115399.35975181538,0.07712837740547143,1.1007724009552295,-0.2567251655809526,215413.31176973166
279.35,0.338456936651583,-0.051241194528666344,0.5370908646244013,-0.3896981311802493,115386.63874519477,0.13201523278391725,1.0944744884339832,-0.20644170386766575,212955.44992583632
279.4,0.343060330316742,-0.024400115256978747,0.5364496999453898,-0.36746044557372076,115111.31222859952,0.18655317402512103,1.0868175967267317,-0.15650715629162096,209986.22018753225
279.45,0.347663723981902,0.002393448021017191,0.5351888924431739,-0.3452702759608848,114570.86023782047,0.2406745312506804,1.0778131765696903,-0.1069891927312216,206521.10997106606
279.5,0.352267117647061,0.0291083157386459,0.5333005942300346,-0.32315880190841506,113763.8095224432,0.29431224969189496,1.0674743731858187,-0.05795486795516602,202578.0510948367
279.55,0.356636959276016,0.055712924341038285,0.5307773168786624,-0.3009240349349777,112689.82404516479,0.3473999733981858,1.0558159904140427,-0.009236985877830228,198177.31655359748
279.6,0.360924742081447,0.08217534796899933,0.5276120835059901,-0.27874939411244765,111349.80426461274,0.39987212782702275,1.042854480502802,0.03894738574557577,193341.41644529224
279.65,0.365212524886878,0.10846332817514773,0.5237985952683814,-0.25674919671173024,109745.98736205183,0.4516640023392452,1.0286079481653292,0.0864514774523672,188094.98862735796
279.7,0.3695003076923075,0.1345443119675209,0.5193313950994268,-0.23495599572478662,107882.03917436679,0.5027118329318822,1.0130961533516858,0.13321152523957464,182464.6783886191
279.75,0.37334673873874,0.16038549762096824,0.5142060122149211,-0.2129612411177718,105763.12919918864,0.5529528847442894,0.9963404969995368,0.17960614600554936,176479.0019486727
279.8,0.376255297297295,0.18595388693428028,0.5084190733853684,-0.19030141036301473,103395.98167281465,0.6023255331291995,0.9783639757898596,0.22607023583190444,170168.19006637172
279.85,0.379163855855854,0.21121634202561057,0.501968372533135,-0.16794751383024342,100788.89880942568,0.650769341483849,0.9591910970543227,0.271605485627995,163564.01078547112
279.9,0.382072414414413,0.2361396445151752,0.49485289667891796,-0.14593276989923779,97951.75574060634,0.6982251337694496,0.9388477513973428,0.31615271935503664,156699.57338735054
279.95,0.3849809729729683,0.26069055499753485,0.4870728131341076,-0.12429041797543344,94895.97011774933,0.7446350596833353,0.9173610477574953,0.359654086710367,149609.11856759636
280.0,0.385515755656109,0.2848358711323381,0.47862942914641166,-0.10067988452377091,91634.45217800797,0.7899426508805188,0.8947591225631584,0.40442689522440983,142327.80220622098
280.05,0.385726841628959,0.30854248332827927,0.4695251386277008,-0.07718435830067971,88181.54232134465,0.8340928673288956,0.87107093884456,0.44836602569993667,134891.48097769657
280.1,0.38593792760181,0.33177742778420893,0.45976337238411974,-0.05416049981760107,84552.9434344075,0.8770321337538844,0.8463260937767983,0.49109420615207444,127336.5079124434
280.15,0.38614901357466,0.3545079374416788,0.44934856635411,-0.03164107613298123,80765.65363379761,0.9187083670396172,0.8205546519082476,0.5325593534649572,119699.54431435831
280.2,0.3845281576576575,0.37670149202811043,0.43828615835937673,-0.007826665629547092,76837.90264376826,0.9590709962277604,0.7937870177393179,0.5745428385701028,112017.3919167076
280.25,0.380756761261262,0.39832586876303655,0.42658261797547603,0.01756910750177454,72789.09198352437,0.9980709773093782,0.7660538554767221,0.6173142160481162,104326.84613168902
280.3,0.376985364864869,0.41934919535050186,0.41424550723455983,0.04236383048563286,68639.73610560711,1.0356608052096599,0.7373860565430478,0.6586754403447909,96664.56824606346
280.35,0.373213968468471,0.4397400066144128,0.4012835637730102,0.06652603814594182,64411.39942174703,1.0717945252260457,0.7078147486157949,0.6985805567575747,89066.9721525406
280.4,0.369346635135139,0.45946730556943155,0.387706792416287,0.09012067043429256,60126.62275429035,1.1064277457005864,0.6773713333703463,0.7370811105654475,81570.11969278593
280.45,0.3607783918918929,0.47850062895159057,0.3735265496222575,0.11772223705969764,55808.833309083515,1.1395176529703153,0.6460875374182913,0.7787392610784223,74209.61884573012
280.5,0.352210148648647,0.4968101164693777,0.3587556051791406,0.1445999678207307,51482.23369898057,1.171023028853066,0.6139954598693044,0.818812880204419,67020.51995379885
280.55,0.343641905405411,0.5143665822948991,0.3434081688070039,0.17072467688948806,47171.66816135188,1.2009042701136214,0.5811276023220322,0.8572623647082105,60037.207143209605
280.6,0.335073662162165,0.5311415868529746,0.3274998744928062,0.19606792469080964,42902.46711712153,1.2291234087866982,0.5475168717523263,0.8940497466245332,53293.28441839171
280.65,0.323651692307693,0.5471075067329,0.3110477218383917,0.223455814425207,38700.2741043414,1.2556441318761902,0.5131965530460392,0.9319924395684972,46821.45814370419
280.7,0.310163230769229,0.5622376007263022,0.2940699812259926,0.2520743699570732,34590.86154330226,1.2804317990070455,0.47820025570756486,0.9702685682378165,40653.41947711652
280.75,0.296674769230765,0.576506070457269,0.27658607477809083,0.27983130122650396,30599.94270446066,1.3034534569682996,0.44256184501143814,1.0067786877375346,34819.73096176501
280.8,0.283186307692316,0.5898881147912485,0.25861644941472633,0.30670180709893247,26752.98716315188,1.3246778507394414,0.406315372966938,1.0414915430471254,29349.721299424342
280.85,0.269021405405412,0.6023599780421302,0.24018245805244337,0.3333385726367182,23075.04526244549,1.3440754313993408,0.36949502502647497,1.075054025993929,24271.390847878287
280.9,0.251305189189195,0.6138989927642277,0.22130626449606827,0.3625938035750327,19590.585082081492,1.3616183620962619,0.33213509865634494,1.110313172907067,19611.32866834844
280.95,0.23358897297297795,0.6244836186315806,0.2020107828353369,0.39089464565860266,16323.342552698261,1.3772805240149784,0.2942700256331429,1.1436915510420005,15394.639641978772
281.0,0.215872756756761,0.6340934792455937,0.18231965578933687,0.4182207224888327,13296.18275485691,1.3910375246715772,0.25593444363298395,1.1751647679148163,11644.878122262231
281.05,0.198156540540563,0.6427093988064534,0.16225726946154842,0.4445528582658904,10530.968597247012,1.4028667110121573,0.2171633154380068,1.2047101704715943,8383.983212804842
281.1,0.178068018099571,0.6503134402419912,0.1418487953268147,0.4722454221424202,8048.432294267425,1.4127471894776062,0.17799208677785308,1.2346791713780352,5632.210303206183
281.15,0.157056932126716,0.656888945856164,0.12112024632974702,0.49983201372944797,5868.045628391439,1.4206598546540112,0.13845686901820148,1.2636029225272951,3408.0541472574932
281.2,0.136045846153861,0.6624205807935674,0.10009853086283761,0.5263747346397063,4007.8863523593814,1.4265874273043015,0.09859462879632672,1.2905415811504406,1728.160147108526
281.25,0.115034760181006,0.6668943788262301,0.0788114892928995,0.5518596186452241,2484.500337825925,1.430514501679206,0.058443366671571316,1.3154797414982,607.2225969613747
281.3,0.0934384760181303,0.670297789247602,0.05728789985737565,0.5768593132294717,1312.7613880274805,1.4324276011348132,0.018042268276002638,1.3389891251166828,57.87083458546688
281.35,0.0704767294117847,0.6726197231372545,0.035557447364300526,0.6021429937254698,505.73282522600095,1.4323152403837798,-0.02256818235167897,1.361838510971995,90.54628527264606
281.4,0.0475149828054391,0.6738505971186832,0.013650654389425185,0.6263356143132441,74.53614610381322,1.430167992377496,-0.06334613128363997,1.3826530095720568,713.374639751849
281.45,0.024553236199093404,0.6739823728486405,-0.008401218786123738,0.649429136649547,28.232190836927362,1.4259785577539323,-0.10424832218562653,1.401425321554839,1932.0378095143453
281.5,0.0015914895927479,0.6730085909649636,-0.0305662938480688,0.6714171013722157,373.7193278425954,1.4197418351237014,-0.14523009374401719,1.4181503455309536,3749.649800692626
281.55,-0.0217993412612497,0.6709243988647867,-0.05281219857641479,0.6927237401260364,1115.6513273898672,1.411454991002037,-0.18624539362368603,1.4332543322632867,6166.639403740755
281.6,-0.0452486836035935,0.6677265725214189,-0.07510617875004169,0.7129752561250123,2256.3752345732855,1.401117528968226,-0.22724679304363207,1.4463662125718195,9180.640879753839
281.65,-0.0686980259459373,0.6634135333078005,-0.09741518391521495,0.7321115592537378,3795.8872228940613,1.3887313583770908,-0.2681854879905688,1.4574293843230282,12786.39217222036
281.7,-0.09214736828828074,0.657985361399875,-0.11970591739411365,0.7501327296881557,5731.8026636665445,1.3743008635716298,-0.30901127680040197,1.4664482318599106,16975.638967078157
281.75,-0.115341959276014,0.6514438076492721,-0.14194484762702583,0.7667857669252861,8059.335907143833,1.3578329749013889,-0.34967251033549607,1.473174934177403,21737.042574991574
281.8,-0.138212321266943,0.6437923057986951,-0.16409818407994672,0.782004627065638,10771.285607334432,1.3393372428758623,-0.3901160172834516,1.4775495641428054,27056.090122862628
281.85,-0.161082683257898,0.6350359865988524,-0.18613182751780286,0.7961186698567504,13858.022886046845,1.3188259164922256,-0.4302870141512305,1.4799085997501236,32915.00703061
281.9,-0.183953045248853,0.6251816947481671,-0.2080113093724907,0.8091347399970201,17307.481930743215,1.2963140261325892,-0.4701290151990325,1.480267071381442,39292.67394346882
281.95,-0.20678697747746594,0.6142380087875072,-0.22970173710101674,0.8210249862649732,21105.155210889843,1.27181947059075,-0.5095837605438615,1.478606448068216,46164.55271289307
282.0,-0.227835851351348,0.6022152632337662,-0.25116776152052905,0.8300511145851142,25234.097770893342,1.2453631068537017,-0.5485911805090637,1.4731989582050498,53502.62814796945
282.05,-0.248884725225205,0.5891255715329519,-0.2723735784000133,0.8380102967581569,29674.946484171276,1.2169688404417711,-0.5870894110884367,1.465853565666976,61275.373619940874
282.1,-0.269933599099085,0.5749828479099738,-0.2932829716467199,0.8449164470090588,34405.96058317229,1.186663713472696,-0.6250148706150593,1.456597312571781,69447.74906488166
282.15,-0.290982472972966,0.5598028259947582,-0.31385939853866385,0.8507852989677241,39403.08882042073,1.1544779872842077,-0.6623024005923923,1.4454604602571737,77981.23908096812
282.2,-0.3106869773755629,0.543603072256617,-0.3340661105835253,0.8542900496321799,44640.066496161664,1.1204452164914573,-0.6988854661201028,1.4311321938670203,86833.93684514015
282.25,-0.329417972850681,0.5264029927521637,-0.35386629768415234,0.8558209656028447,50088.54265467565,1.0846023117599024,-0.7346964044610773,1.4140202846105834,95960.67675165065
282.3,-0.348148968325777,0.508223832401172,-0.3732232403313632,0.856372800726949,55718.234849377004,1.0469895892692591,-0.7696667061518789,1.3951385575950361,105313.21574376583
282.35,-0.366879963800894,0.48908866678483054,-0.39210045388578324,0.8559686305857246,61497.106374974894,1.007650805670268,-0.8037273112034867,1.374530769471162,114840.46058211314
282.4,-0.385156738738733,0.469022387230752,-0.4104618109314392,0.8541791259694851,67391.55929324661,0.9666331782093557,-0.8368089037873195,1.3517899169480887,124488.73625915297
282.45,-0.401048855855855,0.4480516805389823,-0.42827163209124,0.8491005363948373,73366.63634163776,0.9239873904365786,-0.8688421924232429,1.3250362462924337,134202.08983730266
282.5,-0.416940972972977,0.42620500504391856,-0.44549474188776417,0.8431459780168955,79386.22601985824,0.8797675844337953,-0.8997581684562588,1.2967085574067723,143922.6243028909
282.55,-0.432833090090081,0.40351256468923985,-0.46209649354582494,0.8363456547793209,85413.26773893865,0.8340313406737908,-0.929488342919534,1.2668644307638717,153590.858599698
282.6,-0.448725207207204,0.38000628244237444,-0.47804277266840195,0.8287314896495784,91409.95700019738,0.7868396464526068,-0.9579649682821024,1.235564853659811,163146.11208101857
282.65,-0.462531579185521,0.35571977376790187,-0.493299993644795,0.8182513529534229,97337.95349198191,0.7382568533870532,-0.9851212561290529,1.2007884325725742,172526.91364929476
282.7,-0.475526828054302,0.3306883201349028,-0.5078351045406453,0.8062151481892048,103158.59736152324,0.6883506238474995,-1.0108916044402383,1.1638774519018016,181671.4374982683
282.75,-0.488522076923083,0.3049488417392077,-0.5216156159630112,0.7934709186622908,108833.14032658863,0.6371918654882919,-1.0352118485746546,1.125713942411375,190517.9682541073
282.8,-0.501517325791849,0.2785398679286841,-0.534609665434459,0.7800571937205332,114322.99775037766,0.5848546524007209,-1.0580195466209004,1.0863719781925698,199005.39751678144
282.85,-0.513632986486483,0.2515015033920954,-0.5467861228999724,0.7651344898785785,119590.0256783935,0.5314161310232651,-1.0792543040582063,1.0450491175097483,207073.7516138957
282.9,-0.523696274774772,0.2238753880543112,-0.5581147360899276,0.7475716628290832,124596.8234562918,0.4769564088624396,-1.0988581356177392,1.0006526836372116,214664.74706014112
282.95,-0.533759563063061,0.19570464885825087,-0.5685663080302746,0.729464211921312,129307.05865087087,0.4215584243680232,-1.1167758553070162,0.9553179874310842,221722.36639941644
283.0,-0.54382285135135,0.16703384213033826,-0.5781128935732414,0.7108566934816882,133685.80708625037,0.3653077969066711,-1.1329554794157526,0.909130648258021,228193.44326012052
283.05,-0.553886139639628,0.1379088859858635,-0.5867279985663095,0.6917950256254914,137699.89772065092,0.30829265666142874,-1.1473486232153913,0.8621787963010568,234028.24234564518
283.1,-0.561448085972843,0.10837698306772238,-0.5943867644894937,0.6698250690405654,141318.25032011553,0.2506034552872499,-1.1599108704892647,0.8120515412600929,239181.018218518
283.15,-0.568602837104067,0.07848653474046556,-0.601066123635411,0.6470893718445325,144512.1939928397,0.19233275918172923,-1.1706020966828854,0.7609355962857962,243610.5366681542
283.2,-0.57575758823529,0.0482870484710163,-0.606744915403336,0.6240446367063063,147255.7569471205,0.1335750280611802,-1.1793867317402824,0.7093326162964702,247280.54453422665
283.25,-0.582912339366513,0.017829040453135846,-0.6114039602066778,0.6007413798196488,149525.92102256353,0.07442638207971719,-1.1862339548305671,0.6573387214462302,250160.17699430542
283.3,-0.588607846846842,-0.012836064456853952,-0.6150260942374915,0.575771782389988,151302.83863720953,0.014984360939904372,-1.1911178205536794,0.6035922077867464,252224.29554498618
283.35,-0.592446135135131,-0.043656033750010675,-0.6175961744600599,0.5487901013851203,152570.0138830803,-0.04465232172245675,-1.1940173233686915,0.5477938134126743,253453.7544008061
283.4,-0.596284423423421,-0.07457792806867794,-0.6191010680633854,0.5217064953547431,153314.4529908898,-0.1043840258881779,-1.1949164131342154,0.4919003975352431,253835.59722267356
283.45,-0.60012271171171,-0.10554820142778631,-0.6195296421148249,0.49457451028392374,153526.7909835692,-0.16411043259113303,-1.1938039775661033,0.43601227912057705,253363.18877380432
283.5,-0.603961,-0.13651280123126247,-0.6188727680056748,0.4674481987687375,153201.40119160232,-0.22373078998401624,-1.190673807571496,0.3802302100159837,252036.2872954318
283.55,-0.603891769230769,-0.16741726912757818,-0.6171233518740289,0.4364745001031909,152336.4925712946,-0.2831441575392536,-1.1855245591002022,0.32074761169151544,249861.0631519518
283.6,-0.603822538461538,-0.19820684415683038,-0.6142763961787021,0.4056156943047076,150934.19636091753,-0.342249648441789,-1.1783597198659026,0.261572890019749,246850.06744932415
283.65,-0.603753307692308,-0.22882656974718432,-0.610329091397509,0.37492673794512366,149000.63992244357,-0.400946670504474,-1.169187583408566,0.20280663718783393,243022.15203498004
283.7,-0.603684076923074,-0.2592214058975178,-0.6052809298598064,0.3444626710255562,146546.00162078076,-0.4591351658904351,-1.1580212259330351,0.1445489110326389,238402.33950425772
283.75,-0.600914630630631,-0.28933634733299385,-0.5991338284141465,0.31157828329763715,143584.5377400768,-0.516715849538783,-1.14487847564048,0.08419878109184797,233021.63981953228
283.8,-0.59618985585586,-0.31911654768412545,-0.591892243923569,0.2770733081717346,140134.57136675107,-0.5735904455904104,-1.1297818609740475,0.02259941026544965,226916.8094908413
283.85,-0.591465081081084,-0.3485074489203793,-0.5835632655331214,0.24295763216070465,136218.43395187217,-0.6296619203967692,-1.112758523529428,-0.03819683931568518,220130.05007775864
283.9,-0.586740306306307,-0.3774549145261078,-0.5741566701381635,0.20928539178019923,131862.35274565755,-0.6848347100284458,-1.093840083371008,-0.09809440372213873,212708.6449758389
283.95,-0.5812681312217128,-0.4059053643236784,-0.5636849317797896,0.17536276689803443,127096.28092623444,-0.7390149396752578,-1.0730624485259372,-0.15774680845354494,204704.53661092973
284.0,-0.571204782805427,-0.4338059085584619,-0.5521631832134694,0.13739887424696506,121953.67235857253,-0.7921106320915601,-1.0504655680028023,-0.2209058492861331,196173.8505883467
284.05,-0.561141434389147,-0.46110447895955137,-0.5396091344822924,0.10003695542959562,116471.20720669151,-0.8440319024037201,-1.0260931346775082,-0.28289046801457307,187176.37707241153
284.1,-0.551078085972855,-0.48774995486519523,-0.5260429593634949,0.06332813110765978,110688.47803836141,-0.894691137062807,-0.9999922510788649,-0.343613051089952,177775.02261649343
284.15,-0.541014737556563,-0.5136922831774022,-0.5114871644607792,0.02732245437916081,104647.64776325128,-0.9440031555296985,-0.9722130758420697,-0.40298841797313545,168035.2470823641
284.2,-0.5269841351351353,-0.5388825916767531,-0.49596645751299856,-0.011898456541617808,98393.0907911972,-0.9918853542166611,-0.9428084712044196,-0.4649012190815258,158024.50015552263
284.25,-0.511410711711712,-0.5632732960761113,-0.4795076307852275,-0.05186258436439928,91971.02719250483,-1.03825783326558,-0.9118336719083161,-0.526847121553868,147811.6702623649
284.3,-0.495837288288306,-0.5868182018718093,-0.46213947117962045,-0.09098091358350335,85429.1563288717,-1.0830435076588574,-0.8793459920286084,-0.5872062193705514,137466.55532387155
284.35,-0.480263864864881,-0.6094726025087859,-0.4438927029665921,-0.1292087376439049,78816.29269879486,-1.1261682048626727,-0.8454045805073177,-0.6459043399977917,127059.36084315625
284.4,-0.463150475113142,-0.631193375473707,-0.42479996123701547,-0.16804290036056502,72182.00282678794,-1.1675607515346609,-0.8100702279317118,-0.7044102764215189,116660.22652112631
284.45,-0.442077171945717,-0.6519390776903802,-0.40489578924005937,-0.20986190574466318,65576.24005773223,-1.2071530517903155,-0.7734052213127443,-0.7650758798445985,106338.77979623378
284.5,-0.421003868778291,-0.6716700411346558,-0.38421664705168646,-0.2506661723563648,59048.97274865608,-1.2448801592184344,-0.7354732368004049,-0.8238762904401434,96163.7123643848
284.55,-0.39993056561089,-0.6903484688343112,-0.3628009160362484,-0.2904179032234212,52649.80187069639,-1.2806803441763865,-0.6963392559804156,-0.8807497785654965,86202.37500788599
284.6,-0.378857262443465,-0.7079385306536026,-0.3406888827589278,-0.32908126821013756,46427.56593421057,-1.3144951571572754,-0.6560694893249556,-0.9356378947138104,76520.3866352192
284.65,-0.353858072072096,-0.7244064574663194,-0.3179226894663287,-0.37054838539422336,40429.93459100147,-1.3462694881911759,-0.6147312926817265,-0.9924114161190798,67181.25550260383
284.7,-0.32821978378379996,-0.739720631863875,-0.29454624383565864,-0.4115008480800751,34702.99590307811,-1.3759516217030068,-0.5723930675034611,-1.0477318379192069,58246.01310684831
284.75,-0.302581495495503,-0.753851673273781,-0.2706050862880413,-0.451270177778278,29290.845089983315,-1.4034932858659368,-0.5291241406741868,-1.1009117903704337,49772.86333230162
284.8,-0.276943207207236,-0.7667725154893688,-0.24614622026713723,-0.4898293082821328,24235.184700719215,-1.4288496954908907,-0.48499462688291384,-1.1519064882836547,41816.851218719436
284.85,-0.249804058823554,-0.7784584749909372,-0.22121791585069944,-0.5286544161673832,19574.946517330856,-1.4519795877557473,-0.4400752817548713,-1.2021755289321934,34429.556197623
284.9,-0.220592294117666,-0.7888873091082136,-0.195869502794809,-0.5682950149905476,15345.944850034277,-1.4728452506524377,-0.3944373602278713,-1.2522529565347718,27658.81442551671
284.95,-0.1913805294117769,-0.7980392639269224,-0.17015116964689644,-0.6066587345151455,11580.568212882774,-1.491412544818857,-0.3481524958500726,-1.3000320154070801,21548.47295406841
285.0,-0.162168764705889,-0.8058971126220541,-0.14411378425914548,-0.6437283479161651,8307.51312539661,-1.5076509201683166,-0.3012926159059604,-1.3454821554624277,16138.176071014504
285.05,-0.132957000000033,-0.8124461855889603,-0.11780874591552198,-0.6794891855889273,5551.560245675207,-1.5215334294063636,-0.25392990250080527,-1.3885764294063305,11463.181401612172
285.1,-0.101902792792818,-0.8176743940828889,-0.09128787455301571,-0.7157716012900709,3333.3904161628534,-1.5330367408606944,-0.20613680497084763,-1.4311339480678764,7554.201309082538
285.15,-0.0708485855856012,-0.8215722492561706,-0.06460333610824041,-0.7507236636705694,1669.4364145257118,-1.5421411532167133,-0.1579861022365941,-1.4712925676311122,4437.263733317611
285.2,-0.039794378378384,-0.8241328781890693,-0.03780759545425547,-0.7843384998106854,571.7657096130557,-1.5488306144210728,-0.10955100544315236,-1.5090362360426888,2133.586274418773
285.25,-0.008740171171167,-0.8253520379974167,-0.010953383703388487,-0.8166118668262498,47.99064582146259,-1.5530927464245483,-0.06090528563369797,-1.5443525752533813,659.4584565550821
285.3,0.0224026888687549,-0.8252281283171569,0.015906336508232456,-0.8476308171859117,101.20461644525147,-1.5549188765249438,-0.012123406989042684,-1.5773215653936987,26.129243915016712
285.35,0.0536152047058657,-0.82376220168746,0.04271842269483528,-0.8773774063933256,729.9454550138471,-1.5543040751134845,0.03671935334528877,-1.6079192798193502,239.69971735043018
285.4,0.0848277205429763,-0.8209579706471145,0.0694296341807931,-0.9057856911900908,1928.1896409915018,-1.5512471986996794,0.08554681665113134,-1.6360749192426558,1301.0236158475168
285.45,0.11604023638008662,-0.8168218098230083,0.0959867513141469,-0.932862046203095,3685.382571137553,-1.5457509363026956,0.13428185801333178,-1.661791172682782,3205.6208696022395
285.5,0.146976139639643,-0.8113627510745623,0.12233673399480889,-0.9583388907142054,5986.510593806652,-1.5378218568211501,0.18284641262330042,-1.684797996460793,5943.610774970709
285.55,0.176212851351331,-0.8045924698308007,0.14842691347370326,-0.9808053211821317,8812.219457332078,-1.5274704548153306,0.2311615317412375,-1.7036833061666616,9499.671779014248
285.6,0.205449563063052,-0.7965252612569419,0.17420520541130818,-1.001974824319994,12138.981436958431,-1.5147111924167975,0.27914748024915675,-1.7201607554798495,13853.033907458377
285.65,0.234686274774773,-0.7871780055393507,0.19962032917239955,-1.0218642803141238,15939.310327558862,-1.499562535560098,0.3267238636914135,-1.7342488103348712,18977.508107634727
285.7,0.26392298648649104,-0.7765701224038605,0.2246220167118697,-1.0404931088903515,20182.02015668299,-1.4820469834399037,0.3738097699381782,-1.7459699699263949,24841.554506885997
285.75,0.290613683257931,-0.7647235157648093,0.24916119612505583,-1.0553371990227403,24832.520661787414,-1.4621910908170055,0.4203239112789602,-1.7528047740749364,31408.38940317212
285.8,0.31621323076922,-0.7516625100821619,0.2731901384174368,-1.067875740851382,29853.14069141531,-1.4400254834623258,0.4661847553825288,-1.7562387142315459,38636.12909352324
285.85,0.341812778280537,-0.7374137804127957,0.29666256284927317,-1.0792265586933327,35203.470478519586,-1.4155848674573634,0.5113106398367581,-1.7573976457379006,46477.968072937765
285.9,0.367412325791855,-0.7220062782013523,0.3195337027822354,-1.0894186039932072,40840.714885490386,-1.3889080331660708,0.5556198714051337,-1.7563203589579257,54882.389600045746
285.95,0.39158742081447984,-0.7054711546071164,0.3417603403283339,-1.0970585754215962,46720.05208853545,-1.3600378544806728,0.5990308176811535,-1.7516252752951527,63793.40809453358
286.0,0.412099638009058,-0.6878416826098199,0.3633008228484465,-1.099941320618878,52794.995152943324,-1.3290212834114228,0.6414620039934864,-1.7411209214204808,73150.84490086036
286.05,0.432611855203609,-0.6691531784242946,0.38411507682034585,-1.1017650336279035,59017.75689628007,-1.2959093393742678,0.6828322314020892,-1.7285211945778767,82890.64110961
286.1,0.453124072398184,-0.6494429219536135,0.4041646347926936,-1.1025669943517975,65339.620806844556,-1.2607570917016504,0.7230607322998357,-1.7138811640998344,92945.2129055955
286.15,0.473636289592758,-0.6287500753040752,0.4234126874718924,-1.1023863648968333,71711.32156486818,-1.2236236331476318,0.7620673767301366,-1.6972599227403897,103243.85540912922
286.2,0.48893364414414303,-0.6071155979086614,0.44182416804940533,-1.0960492420528045,78083.43818901967,-1.1845720416289023,0.7997729375216963,-1.6735056857730453,113713.200283037
286.25,0.503382067567568,-0.5845821566045964,0.4593658689938624,-1.0879642241721643,84406.80063859453,-1.1436693272019938,0.8360994150145747,-1.6470513947695617,124277.73009559362
286.3,0.517830490990976,-0.5611940291779585,0.4760065853169405,-1.0790245201689346,90632.9077060375,-1.1009863614364743,0.8709704150952579,-1.6188168524274502,134860.34915043658
286.35,0.5322789144144,-0.5369970003153616,0.49171727240662766,-1.0692759147297615,96714.35039320547,-1.0565977868123995,0.9043115672277817,-1.5888767012267995,145383.0063327941
286.4,0.544079162162156,-0.5120382496382233,0.5064712022433364,-1.0561174118003793,102605.23148072422,-1.0105819046088271,0.9360509635637689,-1.5546610667709833,155767.36113576184
286.45,0.552222405405401,-0.4863662323108907,0.5202441015507681,-1.0385886377162916,108261.57007934633,-0.9630205407357559,0.9661195986424717,-1.515242946141157,165935.48068997165
286.5,0.560365648648647,-0.4600305535108396,0.5330142570481666,-1.0203962021594866,113641.67928664362,-0.9139988899903024,0.9944517896684584,-1.4743645386389495,175810.5532399644
286.55,0.568508891891884,-0.4330818386814453,0.5447625777929667,-1.0015907305733294,118706.50646545523,-0.8636053401310781,1.0209855613665262,-1.432114232022962,185317.602936697
286.6,0.57665213513513,-0.4055716018526289,0.5554726096425312,-0.9822237369877589,123419.92802523354,-0.8119312778403219,1.045662984071149,-1.388583412975452,194384.19133450318
286.65,0.57874595475113,-0.3775521144008982,0.5651305046285241,-0.9562980691520282,127748.99490467613,-0.7590708790486969,1.0684304615299693,-1.3378168337998269,202941.09353335883
286.7,0.580716316742081,-0.34907627627950333,0.5737249543493261,-0.9297925930215843,131664.12929725455,-0.7051208860606261,1.0892389717551523,-1.285837202802707,210922.94001603936
286.75,0.582686678733032,-0.32019749120199115,0.5812471014355137,-0.9028841699350232,135139.27717087456,-0.6501803736393739,1.1080442700431659,-1.232867052372406,218268.81855564308
286.8,0.58465704072398,-0.2909695464503432,0.5876904454053118,-0.8756265871743232,138152.0238482775,-0.5943505056192753,1.124807066620024,-1.1790075463432552,224922.83326548323
286.85,0.583472432432435,-0.26144649721713265,0.5930507580185578,-0.8449189296495676,140683.6806345544,-0.5377342830173091,1.1394931912052542,-1.121206715449744,230834.61916500158
286.9,0.57980891891892,-0.23168255465675167,0.5973260212143844,-0.8114914735756716,142719.35024792288,-0.4804362839982265,1.152073755710629,-1.0602452029171465,235959.8113061679
286.95,0.576145405405406,-0.20173197630619552,0.6005163951433183,-0.7778773817116016,144247.9763343704,-0.4225623956079382,1.1625253214004398,-0.9987078010133442,240260.46629283484
287.0,0.572481891891891,-0.17164895731473767,0.602624217339935,-0.7441308492066288,145262.37892982768,-0.3642195370174382,1.1708300707391337,-0.9367014289093292,243705.43191946752
287.05,0.568244000000005,-0.14148752106283286,0.6036540261607455,-0.7097315210628379,145759.2733200312,-0.30551537419963315,1.1769759762525205,-0.8737593741996381,246270.65754232422
287.1,0.559794000000003,-0.11130140823596155,0.6036125973345936,-0.6710954082359646,145739.2670644057,-0.24655802649248398,1.1809569541934952,-0.806352026492487,247939.4360280848
287.15,0.551344000000001,-0.0811439640377549,0.6025089788815261,-0.632487964037756,145206.8278531437,-0.18745576618170268,1.182772986864916,-0.7387997661817037,248702.56683686303
287.2,0.542893999999999,-0.05106802403912972,0.6003545085950961,-0.5939620240391287,144170.21439618373,-0.12831671312879278,1.1824301960048296,-0.6712107131287918,248558.42994204795
287.25,0.534443999999998,-0.021125799877876866,0.5971628002408192,-0.5555697998778749,142641.36399658263,-0.06924852728315722,1.1799408514056862,-0.6036925272831553,247512.96227839563
287.3,0.523414090090099,0.008631233345223956,0.5929496886324246,-0.514782856744875,140635.7332997157,-0.010358102647718893,1.1753233029994679,-0.5337721927378178,245579.5318353029
287.35,0.511278504504513,0.038152445828846415,0.5877331309511844,-0.47312605867566654,138172.0932870728,0.04824873334670748,1.168601832293047,-0.46302977115780547,242778.70976687406
287.4,0.499142918918927,0.06738815587333308,0.5815330682931275,-0.4317547630455939,135272.2838073677,0.10646751107420882,1.1598064264780348,-0.39267540784471816,239137.94611551095
287.45,0.48700733333333923,0.09628972496816451,0.5743712575700767,-0.3907176083651747,131960.93660905256,0.16419539692834906,1.14897248582227,-0.3228119364049902,234691.1596758412
287.5,0.474174294117654,0.12480964401954386,0.566271087707256,-0.34936465009811013,128265.17790926353,0.221331455559309,1.1361404800925738,-0.252842838558345,229478.25608977498
287.55,0.459356194570156,0.1529016103474443,0.5572573972962912,-0.30645458422271166,124214.32273657463,0.27777689407340234,1.1213555743394756,-0.18157930049675364,223544.59095150494
287.6,0.444538095022642,0.1805205959572042,0.5473563101965216,-0.2640174990654378,119839.57212478033,0.33343528720173066,1.1046672449777106,-0.11110280782091136,216940.39504473694
287.65,0.429719995475128,0.20762290830924715,0.5365951016288617,-0.22209708716588086,115173.72123683536,0.38821278341054305,1.086128904096292,-0.041507212064584964,209720.1771223844
287.7,0.41490189592761134,0.23416624531884134,0.5250021017530856,-0.18073565060877,110250.8827380629,0.44201829271926085,1.0657975449275625,0.02711639679164951,201942.1167597546
287.75,0.398623108597291,0.2601097464901,0.5126066370693164,-0.138513362107191,105106.22574700555,0.4947636574649862,1.043733414822854,0.09614054886769519,193667.4562164935
287.8,0.382066095022641,0.28541404195595527,0.49943900369893224,-0.09665205306668573,99775.72736631281,0.5463638074127292,1.0199997154306926,0.16429771239008817,184959.89679621224
287.85,0.365509081447973,0.3100413007425082,0.48553046081936446,-0.05546778070546482,94295.93135338576,0.5967369004219681,0.9946623232471055,0.23122781897399514,175885.0021844141
287.9,0.348952067873304,0.3339552788944575,0.47091322897752264,-0.014996788978846542,88703.70769041467,0.6458044494192297,0.967789519171889,0.29685238154592564,166509.60949670334
287.95,0.33202047297296844,0.3571213672961116,0.4556204770357607,0.025100894323143164,83036.00763771766,0.6934914357928689,0.9394517136641013,0.36147096281990043,156901.24841002963
288.0,0.314571599099094,0.3795066382621124,0.43968628421335537,0.0649350391630184,77329.61141013901,0.7397264086826955,0.9097211558246924,0.42515480958360147,147127.5700186692
288.05,0.297122725225239,0.40107988941217804,0.42314556837347767,0.10395716418693901,71620.86881364539,0.7844415691512024,0.8786716186967423,0.4873188439259634,137255.78906722725
288.1,0.279673851351364,0.42181168303612837,0.4060339773850306,0.14213783168476435,65945.43631644303,0.8275728379604657,0.8463780583414638,0.5478989866091016,127352.14535855403
288.15,0.262224977477489,0.44167437916468855,0.3883877471476531,0.17944940168719953,60338.01685377174,0.8690599057214116,0.8129162509417226,0.6068349282439225,117481.39218580368
288.2,0.24416172398190894,0.46064216090894683,0.3702435364941816,0.2164804369270379,54832.11052628736,0.908846264567886,0.7783624190648071,0.664684540585977,107706.32096220771
288.25,0.226085932126701,0.4786910512679156,0.3516382535845438,0.25260511914121464,49459.78455359518,0.9468792212017983,0.7427928630957314,0.7207932890750973,98087.3311050585
288.3,0.208010140271514,0.4957989213823459,0.3326088900627196,0.2877887811108319,44251.46949950172,0.9831098920178266,0.7062836160535946,0.7750997517463126,88682.05267657625
288.35,0.189934348416307,0.5119454910177351,0.3131923783287317,0.32201114260142816,39235.78633728296,1.0174931819302284,0.6689101395467931,0.8275588335139215,79545.0266290685
288.4,0.171804261261274,0.5271123227461172,0.2934254837703484,0.3553080614848432,34439.40581034519,1.0499877493382501,0.6307470753534148,0.8781834880769761,70727.44410077979
288.45,0.15363151351351995,0.5412828117619513,0.273344738403984,0.3876512982484313,29886.938405256973,1.0805559602638604,0.591868061636807,0.9269244467503404,62276.94264634867
288.5,0.135458765765767,0.5544421734214695,0.2529864154916572,0.4189834076557025,25600.85056932696,1.109163834967851,0.5523456154716365,0.973705069202084,54237.454032131725
288.55,0.117286018018034,0.5665774303986888,0.23238653789605818,0.4492914123806548,21601.401198126434,1.1357809902406988,0.51225107574146,1.0184949722226648,46649.09592858364
288.6,0.0991123864253496,0.5776774008450082,0.21158090740400454,0.4785650144196586,17906.592151160778,1.1603805800971372,0.47165459385826725,1.0612681936717876,39548.09882801903
288.65,0.0809322733031739,0.5877326882164162,0.19060513955494968,0.5068004149132423,14532.127689904737,1.1829392368613882,0.4306251558507736,1.1020069635582144,32966.75997360054
288.7,0.06275216018099807,0.5967356726434955,0.16949468786662933,0.5339835124624974,11491.379686002441,1.2034370137620816,0.3892306175577852,1.1406848535810834,26933.417536784862
288.75,0.0445720470588223,0.6046805029428393,0.1482848433759452,0.5601084558840169,8795.357910011438,1.2218573292455877,0.34753773569370144,1.1772852821867654,21472.44048552979
288.8,0.0263919339366672,0.6115630877848973,0.1270107002904677,0.5851711538482302,6452.687195310005,1.2381869124571558,0.30561218176555077,1.2117949785204887,16604.23211440001
288.85,0.0085453144144245,0.6173810842241177,0.10570708504972016,0.6088357698096932,4469.595131883509,1.2524157488309504,0.26351853206134773,1.243870434416526,12345.24742040312
288.9,-0.0091583792792747,0.6221338818430873,0.08440845299763651,0.6312922611223619,2849.914774981685,1.2645370245745242,0.22132023400276432,1.2736954038537989,8708.02595182904
288.95,-0.02686207297297407,0.6258225811178729,0.06314876263761568,0.652684654090847,1595.1064890647701,1.2745470690053837,0.17907955545798054,1.3014091419783578,5701.242165871631
289.0,-0.0445657666666734,0.628449965232079,0.04196134195208594,0.6730157318987524,704.3016873679549,1.2824452941678994,0.13685752891596684,1.3270110608345729,3329.774794841724
289.05,-0.062071705882345,0.6300204653465049,0.020878762902049822,0.6920921712288499,174.36909612800477,1.2882341318317745,0.09471390496544463,1.3503058377141195,1594.7953411205824
289.1,-0.0790148054298599,0.6305401201237288,-6.726049399881362e-05,0.7095549255535888,0.0018095896211857772,1.2919189687039283,0.05270712965754695,1.3709337741337881,493.8740474199939
289.15,-0.0959579049773748,0.6300165310001211,-0.02084593902791608,0.7259744359774959,173.8212695822379,1.293508081355426,0.010894357065073364,1.389465986332801,21.09991393090025
289.2,-0.11290100452488994,0.6284588151202611,-0.041427434449762705,0.7413598196451511,686.4929300357543,1.293012572789141,-0.030668497128891158,1.405913577314031,167.2100828701876
289.25,-0.129844104072405,0.6258775579787363,-0.061782845854528645,0.7557216620511413,1526.8480167537791,1.290446312712982,-0.07192666183250888,1.420290416785387,919.7234990876605
289.3,-0.1456168108108,0.6222847675899639,-0.08188416380290768,0.7679015784007639,2682.0065126805666,1.285825883357788,-0.11282638427914746,1.431442694168588,2263.074309245485
289.35,-0.161166585585576,0.6176938315050444,-0.10170420479634475,0.7788604170906204,4137.498109302734,1.2791705321497702,-0.1533147848042563,1.4403371177353461,4178.741909257853
289.4,-0.176716360360352,0.6121194772631915,-0.12121654214877266,0.7888358376235435,5877.380036202071,1.2705021317518874,-0.193339710389465,1.4472184921122393,6645.376642396836
289.45,-0.1922661351351261,0.6055777360503489,-0.14039544928430037,0.7978438711854751,7884.352871896222,1.259845147069811,-0.23284960545489183,1.4521112822049371,9638.922446310897
289.5,-0.207058895927597,0.5980859085910551,-0.1592158690287215,0.8051448045186521,10139.8771802284,1.2472266079333547,-0.27179341650307576,1.4542855038609517,13132.739778562562
289.55,-0.220716135746589,0.589662531732161,-0.17765341747748795,0.81037866747875,12624.294696572248,1.2326760854365495,-0.31012054251195564,1.4533922211831385,17097.733491183946
289.6,-0.234373375565596,0.5803273439068581,-0.19568442481961779,0.8147007194724541,15316.957646793859,1.2162256694848712,-0.34778083665667037,1.4505990450504673,21502.49072810909
289.65,-0.248030615384603,0.5701012477098639,-0.21328600870532224,0.818131863094467,18196.36860377872,1.1979099449914883,-0.3847246576458353,1.4459405603760913,26313.433280125366
289.7,-0.26168785520360816,0.5590062682036048,-0.2304361695323389,0.8206941234072129,21240.33129149473,1.1777659644387426,-0.4209029618863188,1.4394538196423508,31494.987257720168
289.75,-0.272908085585582,0.5470655062114997,-0.24711389303417605,0.8199735917970817,24426.110452202483,1.1558332150918194,-0.45626742261667097,1.4287413006774012,37009.77083400175
289.8,-0.284078581081068,0.5343030866419042,-0.2632992438040768,0.8183816677229722,27730.596715119478,1.1321535799301976,-0.490770559240378,1.4162321610112656,42818.798545264595
289.85,-0.295249076576567,0.5207441026794292,-0.27897343495899923,0.8159931792559962,31130.470965129192,1.106771292203141,-0.524365860595519,1.402020368779708,48881.698801436316
289.9,-0.306419572072066,0.5064145573313212,-0.2941188628094469,0.8128341294033872,34602.36218412889,1.0797328842614529,-0.5570078887445501,1.3861524563335188,55156.94011087309
289.95,-0.3161205113122135,0.4913413042439838,-0.3087191011244653,0.8074618155561973,38122.99335963914,1.051087131872649,-0.5886523551178385,1.3672076431848623,61602.06136636052
290.0,-0.324569606334841,0.4755519897990858,-0.3227588564486198,0.8001215961339267,41669.311766408304,1.0208849954621269,-0.6192561676475766,1.345454601796968,68173.90243014463
290.05,-0.333018701357458,0.4590749982613423,-0.33622389262289465,0.7920936996188003,45218.60238819672,0.9891795596201749,-0.6487774545371134,1.3221982609776328,74828.83298056111
290.1,-0.341467796380084,0.44193940119810327,-0.3491009378224303,0.7834071975781873,48748.58591540013,0.9560259717735515,-0.6771755760899074,1.2974937681536356,81522.97970714631
290.15,-0.349569027027024,0.4241749116565821,-0.36137758990401286,0.7737439386836061,52237.50499393316,0.9214813802616444,-0.7044111392677476,1.2710504072886684,88212.45388879752
290.2,-0.355119252252251,0.40581184277427745,-0.37304223629184363,0.7609310950265284,55664.20402304788,0.8856048712836943,-0.7304460308468803,1.2407241235359452,94853.58292977096
290.25,-0.360669477477478,0.3868810697400356,-0.3840840018425407,0.7475505472175137,59008.20818855232,0.8484574034272444,-0.7552434828628921,1.2091268809047224,101403.14993899938
290.3,-0.366219702702699,0.3674139934721972,-0.39449273327479023,0.7336336961748962,62249.80664264591,0.8101017379152393,-0.7787681794944654,1.1763214406179383,107818.6448698887
290.35,-0.371769927927926,0.34744250410174965,-0.40425902218881865,0.7192124320296757,65370.1428084239,0.7706023624018123,-0.8009864079385871,1.1423722903297384,114058.52901375301
290.4,-0.375514,0.3269989424319162,-0.4133742616943553,0.7025129424319162,68351.31209254134,0.7300254062130012,-0.8218662484026178,1.1055394062130013,120082.5120468255
290.45,-0.378408117647059,0.306116057939091,-0.4218307259304652,0.68452417558615,71176.46453560931,0.6884385453337744,-0.8413777918824844,1.0668466629808333,125851.83798631915
290.5,-0.381302235294118,0.28482696252611195,-0.42962165792611096,0.66612919782023,73829.90758367212,0.645910896141815,-0.8594933696534952,1.027213131435933,131329.5737739235
290.55,-0.384196352941175,0.2631650800081543,-0.43674134977272694,0.6473614329493294,76297.20264052137,0.602512897757402,-0.8761877759924576,0.9867092506985771,136480.89223086383
290.6,-0.38647895045045,0.24116409210299258,-0.4431852000842715,0.6276430425534426,78565.2486294943,0.5583161838138211,-0.8914384658479861,0.9447951342642711,141273.34015882865
290.65,-0.387021067567567,0.2188578823522704,-0.4489497380505082,0.6058789499198374,80622.34691824796,0.5133934452850881,-0.9052257129832909,0.9004145128526551,145677.08292375243
290.7,-0.387563184684684,0.1962804797876101,-0.4540326093304996,0.5838436644722941,82458.24413418483,0.467818286588971,-0.9175327199283004,0.8553814712736549,149665.11860249334
290.75,-0.388105301801802,0.17346600422985675,-0.4584325257686681,0.5615713060316587,84064.15227305623,0.4216650774477251,-0.928345678103534,0.8097703792495271,153213.45743173515
290.8,-0.388647418918918,0.15044861484290753,-0.462149187300109,0.5390960337618256,85432.7485288605,0.37500880288741983,-0.9376537835479055,0.7636562218063379,156301.26538696935
290.85,-0.387619633484164,0.12726246301985394,-0.46518318923938895,0.514882096504018,86558.15982037166,0.3279249133363174,-0.9454492194833756,0.7155445468204814,158910.97362163983
290.9,-0.386247235294118,0.10394164993801774,-0.46753593093139617,0.4901888852321357,87435.9386847549,0.2804891761118409,-0.9517271208586543,0.6667364114059589,161028.35779162732
290.95,-0.38487483710407194,0.0805201883085718,-0.4692095418143995,0.46539502541264377,88063.03765187149,0.23277752878845046,-0.9564855371952694,0.6176523658925224,162642.59250910633
291.0,-0.383502438914027,0.05703196710484492,-0.47020683790902434,0.44053440601887195,88437.7881665614,0.18486593415911753,-0.9597254079555055,0.5683683730731446,163746.28598673095
291.05,-0.381535666666668,0.03351071753401576,-0.4705313163207621,0.41504638420068374,88559.88785541964,0.13683023590656856,-0.961450559838985,0.5183659025732366,164335.49849150178
291.1,-0.378677333333334,0.009989978293508398,-0.4701871889872686,0.38866731162684237,88430.39707509977,0.08874601377872507,-0.9616677292897333,0.467423347112059,164409.7460546261
291.15,-0.375819000000001,-0.013496941742361278,-0.46917945031935787,0.36232205825763975,88051.74264078992,0.04068843706675994,-0.9603866067624184,0.41650743706676097,163971.9883464235
291.2,-0.372960666666667,-0.03691700483730202,-0.46751396729269956,0.33604366182936496,87427.72384550374,-0.007267884477426559,-0.9576198927293,0.36569278218924045,163028.59714682243
291.25,-0.370102333333334,-0.06023749045681107,-0.4651975766574751,0.3098648428765229,86563.51413119497,-0.055049052517496526,-0.9533833508298082,0.31505328081583744,161589.30020257298
291.3,-0.366069375565615,-0.08342604602556844,-0.4622381727890916,0.28264332954004656,85465.65135335922,-0.10258203425161996,-0.9476958416851867,0.263487341313995,159667.0948173146
291.35,-0.361987475113126,-0.10645074152272446,-0.45864477119519886,0.2555367335904015,84142.01045787852,-0.14979481740590633,-0.9405793217627711,0.21219265770721968,157278.12631603816
291.4,-0.357905574660636,-0.12928012640897324,-0.45442753700310784,0.22862544825166276,82601.75455468438,-0.19661656404150443,-0.9320587956045842,0.16128901061913156,154441.52861579877
291.45,-0.35382367420814625,-0.15188328698841919,-0.4495977736090432,0.20194038721972707,80855.26321368339,-0.24297776067081292,-0.922162215557078,0.11084591353733333,151179.22698686912
291.5,-0.34913118918919,-0.17422990223234514,-0.4441678734107452,0.17490128695684487,78914.0399080895,-0.28881036205694666,-0.9109203302119212,0.06032082713224335,147515.706309937
291.55,-0.343918576576582,-0.19629029635592637,-0.43815123903746134,0.1476282802206556,76790.60330802503,-0.3340479263145311,-0.8983664899317645,0.009870650262050862,143477.7511524123
291.6,-0.338705963963968,-0.2180354869903734,-0.43156218843503524,0.12067047697359462,74498.36899473474,-0.3786257395013346,-0.8845364236863438,-0.039919775537366586,139094.1661916137
291.65,-0.333493351351353,-0.23943722853351895,-0.42441585951021604,0.09405612281783404,72051.52872151817,-0.4224809286991323,-0.869468004769751,-0.08898757734777929,134395.4864565852
291.7,-0.32815799547511265,-0.26046805104588394,-0.4167281296679676,0.06768994442922871,69464.93362262496,-0.46555256348316093,-0.8532010235173197,-0.13739456800804828,129413.68649440036
291.75,-0.321717950226244,-0.28110129576902954,-0.40851556287287166,0.04061665445721446,66753.98604373567,-0.5077817465470741,-0.8357769831321071,-0.1860637963208301,124181.89609482783
291.8,-0.315277904977381,-0.30131114885052346,-0.3997953914526289,0.013966756126857549,63934.54201070431,-0.5491116949421504,-0.8172389296677133,-0.2338337899647694,118734.12767367637
291.85,-0.308837859728511,-0.3210726750540619,-0.3905855332662283,-0.012234815325550874,61022.82351874557,-0.5894878137751669,-0.797631320549868,-0.2806499540466559,113105.01751504466
291.9,-0.302397814479641,-0.3403618530981699,-0.380904638089663,-0.03796403861852893,58035.33732728686,-0.6288577642520228,-0.7769999287788273,-0.3264599497723818,107329.58032396492
291.95,-0.2949816153846164,-0.35915561380803934,-0.3707721515340947,-0.06417399842342292,54988.79534128868,-0.6671715276406831,-0.7553917736075931,-0.3721899122560667,101442.9745127156
292.0,-0.287106049773755,-0.3774318815890084,-0.36020838127299004,-0.09032583181525344,51900.0311757231,-0.704381466150366,-0.7328550639483543,-0.41727541637661103,95480.27462306606
292.05,-0.279230484162903,-0.39516961892371183,-0.3492345491657208,-0.1159391347608088,48785.9081323937,-0.7404423809646398,-0.7094391385132377,-0.46121189680173674,89476.24733411643
292.1,-0.271354918552042,-0.41234887281101695,-0.33787281469048364,-0.14099395425897493,45663.21556274796,-0.7753115668788596,-0.6851943875830586,-0.5039566483268176,83465.12867116848
292.15,-0.263101153153157,-0.4289508214298178,-0.326146259269002,-0.16584966827666076,42548.55297406522,-0.808948862313039,-0.6601721447857694,-0.5458477091598819,77480.4019112965
292.2,-0.253770972972974,-0.44495781894606523,-0.31407882772236967,-0.1911868459730912,39458.20400938318,-0.8413166930367985,-0.6344245435995322,-0.5875457200638244,71554.57804826218
292.25,-0.244440792792791,-0.4603534363688851,-0.3016952296749579,-0.2159126435760941,36408.00464345023,-0.8723801078546507,-0.6080043399488747,-0.6279393150618597,65718.98264829631
292.3,-0.235110612612618,-0.4751224966506306,-0.2890208099738823,-0.2400118840380126,33413.21143918359,-0.9021068047254008,-0.5809647089209262,-0.6669961921127828,60003.55431316917
292.35,-0.225780432432435,-0.48925110281514106,-0.27608140177036206,-0.26347067038270605,30488.37616139523,-0.9304671463428567,-0.5533590288778747,-0.7046867139104216,54436.660416118146
292.4,-0.215259959459462,-0.5027266586432344,-0.2629031786750097,-0.28746669918377243,27647.232542969625,-0.9574341649502978,-0.5252406697742205,-0.7421742054908358,49044.93532175497
292.45,-0.20447820270270398,-0.515537882288017,-0.24951252204865162,-0.311059679585313,24902.599463631544,-0.9829835570436716,-0.4966628028812222,-0.7785053543409676,43853.144847258984
292.5,-0.193696445945947,-0.5276748139008842,-0.23593591590423937,-0.3339783679549372,22266.302565428923,-1.00709366939794,-0.46767824605404257,-0.813397223451993,38884.078547944104
292.55,-0.182914689189202,-0.5391288188608238,-0.22219987670671995,-0.35621412967162175,19749.11408339262,-1.0297454784525402,-0.4383393537025094,-0.8468307892633382,34158.469156325984
292.6,-0.171662434389153,-0.5498925883887618,-0.20833091851618094,-0.3782301539996088,17360.70864391825,-1.050922565372059,-0.4086979536133368,-0.8792601309829061,29694.93640670741
292.65,-0.159642524886888,-0.5599601391972081,-0.194355547877514,-0.4003176143103201,15109.631596307454,-1.0706110890399572,-0.37880532620024054,-0.9109685641530691,25509.951139141445
292.7,-0.14762261538462296,-0.5693268133979463,-0.18030027685600503,-0.4217041980133234,13003.275933740824,-1.0887997588549752,-0.3487122149403613,-0.9411771434703522,21617.814906420044
292.75,-0.135602705882358,-0.5779892792018508,-0.166191639212892,-0.4423865733194928,11047.864377707227,-1.1054798085045778,-0.3184688523531254,-0.9698771026222198,18030.650652287426
292.8,-0.123582796380106,-0.5859455321691773,-0.15205619346182694,-0.46236273578907133,9248.434388040218,-1.1206449710570787,-0.28812498363246425,-0.9970621746769728,14758.401101014719
292.85,-0.110891082352955,-0.5931948959822168,-0.13792049905500783,-0.4823038136292618,7608.825623832967,-1.1342914548236143,-0.25772987169064576,-1.0234003724706593,11808.833202075864
292.9,-0.0981713764705998,-0.5997380211576622,-0.12381105649053101,-0.5015666446870624,6131.671083720585,-1.1464179187473333,-0.2273322713825276,-1.0482465422767335,9187.54873101141
292.95,-0.08545167058824406,-0.6055768797701331,-0.10975420784282985,-0.520125209181889,4818.394455682837,-1.1570254455738584,-0.19698036620304396,-1.0715737749856145,6898.002607908498
293.0,-0.0727319647058885,-0.6107147542762444,-0.09577600124235097,-0.537982789570356,3669.216965589926,-1.1661175109188704,-0.16672166801336002,-1.093385546212982,4941.531481805695
293.05,-0.0600896337838008,-0.6151562188469571,-0.08190202885988646,-0.5550665850631563,2683.1769325462697,-1.1736999465318114,-0.13660288696460177,-1.1136103127480106,3317.395329255781
293.1,-0.0475132148648779,-0.6189071122369952,-0.06815725303819904,-0.5713938973721173,1858.1644566852372,-1.1797808965770487,-0.10666978473398292,-1.1322676817121708,2022.834306701201
293.15,-0.034936795945955,-0.6219745020071541,-0.05456583695683737,-0.5870377060611991,1190.9722251200637,-1.1843707664886323,-0.07696702689969899,-1.1494339705426773,1053.1419075162646
293.2,-0.022360377027032197,-0.6243666407294669,-0.0411509957509847,-0.6020062637024347,677.3617805190244,-1.187482164764249,-0.04753805072694129,-1.1651217877372169,401.75400300750994
293.25,-0.0098861022624445,-0.6260929155294264,-0.027934880365357344,-0.6162068132669819,312.1430164107309,-1.1891298388247595,-0.01842496171077523,-1.179243736562315,60.351860274405915
293.3,0.0016688751131103,-0.6271637927971939,-0.014938501240266513,-0.6288326679103042,89.26352772217766,-1.1893306066076452,0.0103315325815974,-1.1909994817207554,18.97610053059709
293.35,0.0132238524886785,-0.6275907601076324,-0.0021816923372664655,-0.6408146125963109,1.9039125817948852,-1.1881032858450125,0.038692149393808176,-1.201327138333691,266.14798661560366
293.4,0.0247788298642465,-0.6273862672267811,0.010316890886624623,-0.6521650970910277,42.57529502660728,-1.1854686228802658,0.06661902367721605,-1.2102474527445122,788.9945450143061
293.45,0.03633380723981287,-0.6265636676334045,0.022539751170218753,-0.6628974748732174,203.21615312615106,-1.1814492224684137,0.09407567816250129,-1.2177830297082266,1573.3747949750261
293.5,0.0464740171171161,-0.6251371613000537,0.03447052197861606,-0.6716111784171698,475.2867541913012,-1.176069479323272,0.12102698614857779,-1.222543496440388,2604.0055779925406
293.55,0.0559484540540453,-0.6231217386972892,0.046093948496304805,-0.6790701927513344,849.860835192,-1.1693555113545382,0.14743914382987816,-1.2253039654085836,3864.58686814
293.6,0.0654228909909853,-0.6205331252448864,0.05739589069241907,-0.6859560162358717,1317.7153073504471,-1.1613350937201943,0.17327966764510294,-1.2267579847111796,5337.92768341286
293.65,0.0748973279279252,-0.6173877248574037,0.06836335741442887,-0.6922850527853288,1869.4194547891784,-1.1520375921383021,0.19851742787198703,-1.2269349200662274,7006.074518917258
293.7,0.08369928099547269,-0.6137025609415542,0.07898457408530157,-0.6974018419370269,2495.425177374597,-1.1414938934968388,0.22312272332869976,-1.2251931744923115,8850.44438499831
293.75,0.0903717018099562,-0.6094952132376622,0.08924908007077294,-0.6998669150476184,3186.159317391696,-1.1297363317285394,0.24706739516289172,-1.2201080335384955,10851.964044902486
293.8,0.0970441226244297,-0.6047837492530366,0.09914784545361195,-0.7018278718774663,3932.1181032373283,-1.1167986071940779,0.2703249706686683,-1.2138427298185075,12991.215958580688
293.85,0.103716543438911,-0.5995866496711199,0.10867339268291623,-0.7033031931100309,4723.962510886125,-1.102715698415954,0.29287082284985544,-1.206432241854865,15248.590022533584
293.9,0.110388964253392,-0.5939227279055536,0.11781990618961038,-0.7043116921589455,5552.612117811437,-1.0875237658039494,0.3146823280395887,-1.1979127300573413,17604.43868096272
293.95,0.11435122072072029,-0.5878110448118944,0.12658331434829287,-0.7021622655326147,6409.334188559492,-1.071260047920595,0.3357390042071789,-1.1856112686413152,20039.231812627215
294.0,0.117718563063064,-0.5812708202498389,0.13496133173020297,-0.6989893833129028,7285.824424955957,-1.0539627516215735,0.3560226154412312,-1.1716813146846374,22533.707147664853
294.05,0.121085905405404,-0.5743213436814328,0.1429534550679863,-0.6954072490868368,8174.27612634991,-1.0356709380325781,0.37551723318895214,-1.1567568434379822,25069.011986113044
294.1,0.124453247747747,-0.56698188613304,0.1505609132051184,-0.691435133880787,9067.43543406368,-1.0164244066092518,0.3942092517204441,-1.1408776543569987,27626.832736354212
294.15,0.126592583710407,-0.5592716156905946,0.1577865774531091,-0.6858641994010015,9958.641609746397,-0.9962635795001356,0.41208736183923883,-1.1228561632105425,30189.510006688666
294.2,0.12672833031674194,-0.5512095182125235,0.16463484501056608,-0.6779378485292654,10841.852876661245,-0.9752293880506003,0.429142493811505,-1.1019577183673424,32740.138665734685
294.25,0.126864076923077,-0.5428143242224563,0.17111151087852694,-0.6696784011455333,11711.659662052898,-0.953363162625303,0.44536774417008657,-1.08022723954838,35262.6537861603
294.3,0.126999823529412,-0.5341044421542556,0.1772236446145907,-0.6611042656836675,12563.288084191496,-0.9307065261532638,0.460758302857915,-1.0577063496826757,37741.90464933443
294.35,0.127135570135747,-0.525097897344227,0.18297948521877946,-0.6522334674799739,13392.596804371811,-0.9073012909956606,0.47531139489468965,-1.0344368611314076,40163.719487419665
294.4,0.124644783783784,-0.5158122756290686,0.18838836348205734,-0.6404570594128526,14196.070198179103,-0.8831893581430244,0.4890262472390389,-1.0078341419268084,42514.963642435134
294.45,0.12204455855855896,-0.5062646700472666,0.19346065507846205,-0.6283092286058256,14970.810025355066,-0.8584126173155311,0.5019040856090389,-0.9804571758740901,44783.59309351919
294.5,0.119444333333333,-0.496471629192288,0.19820776053564285,-0.615915962525621,15714.526534621895,-0.8330128465222663,0.5139481585899314,-0.9524571798555993,46958.70394986334
294.55,0.116844108108111,-0.48644910608045827,0.202642102383485,-0.6032932141885693,16425.528663359528,-0.8070316099036952,0.5251637799363739,-0.9238757180118061,49030.57702347736
294.6,0.113248294117651,-0.47621240703167655,0.20677712511390994,-0.5894607011493276,17102.711788149427,-0.7805101533067984,0.5355583744700468,-0.8937584474244494,50990.7151048887
294.65,0.108733475113125,-0.4657761407974906,0.21062728280845397,-0.5745096159106156,17745.54090530898,-0.753489297812514,0.5451415113160911,-0.862222772925639,52831.86975288745
294.7,0.10421865610859994,-0.45515416892728766,0.21420799977243998,-0.5593728250358876,18354.02686660386,-0.726009332267368,0.5539249079162639,-0.8302279883759679,54548.053975118484
294.75,0.0997038371040738,-0.44435955901286756,0.21753559357455673,-0.5440633961169413,18928.69378873389,-0.6981099066308409,0.5619223917645834,-0.7978137437349148,56134.53766514309
294.8,0.095109808558565,-0.4334045428459959,0.22062715490531626,-0.5285143514045609,19470.536592645763,-0.6698299284733187,0.5691498116335487,-0.7649397370318837,57587.82365911182
294.85,0.0898028941441489,-0.42230048164515727,0.22350038619961668,-0.5121033757893062,19980.96905255112,-0.6412074652105394,0.5756248977728589,-0.7310103593546883,58905.60407751364
294.9,0.0844959797297328,-0.4110578402066497,0.2261734076216297,-0.4955538199363825,20461.76412607195,-0.6122796544688345,0.5813670778202241,-0.6967756341985673,60086.698519684716
294.95,0.07918906531531664,-0.3996861713075909,0.22866454377234008,-0.47887523662290754,20914.98943144497,-0.5830826245203795,0.5863972607777775,-0.6622716898356962,61130.97732403215
295.0,0.0738821509009006,-0.3881941109066465,0.23099210769174217,-0.46207626180754713,21342.94152634936,-0.553651425970905,0.5907376056453618,-0.6275335768718056,62039.27443975378
295.05,0.0687071262443482,-0.3765893838644085,0.2331741988613642,-0.4452965101087567,21748.082805855607,-0.524019975032316,0.5944112924244555,-0.5927271012766642,62813.29503319316
295.1,0.0636000447963833,-0.36487881909436504,0.2352285299618934,-0.42847886389074835,22132.984523213352,-0.49422100782938777,0.5974423120927866,-0.5578210526257711,63455.52289400439
295.15,0.0584929633484184,-0.3530683724472129,0.2371722918405158,-0.4115613357956313,22500.278406753117,-0.4642860444746936,0.599855287370819,-0.522779007823112,63969.13169541827
295.2,0.053385881900453805,-0.3411631553109963,0.23902205985358596,-0.39454903721145007,22852.61803866049,-0.43424536120231666,0.601675329946992,-0.48763124310277045,64357.90269632386
295.25,0.0485922999999999,-0.32916746692515975,0.2407937377617643,-0.37775976692515967,23192.64965811253,-0.4041279687464331,0.6029279325770452,-0.452720268746433,64626.14966784534
295.3,0.0447914666666697,-0.3170848287518555,0.24250252964545935,-0.36187629541852523,23522.990753778755,-0.37396159539818663,0.6036388881578769,-0.41875306206485635,64778.650186040504
295.35,0.0409906333333351,-0.30491801982975,0.2441629261500958,-0.34590865316308506,23846.213802470855,-0.34377267369438186,0.603834222900188,-0.38476330702771694,64820.58111030646
295.4,0.0371898000000006,-0.2926691127853919,0.24578868941325782,-0.32985891278539253,24164.831937394767,-0.31358633042312606,0.6035401278667875,-0.35077613042312666,64757.45527919256
295.45,0.033388966666667824,-0.2803395109341653,0.2473928225119009,-0.3137284776008331,24481.28345216196,-0.28342638041360746,0.6027828738261456,-0.31681534708027526,64595.05652944124
295.5,0.0312406733031667,-0.2679299875264754,0.24898751285174914,-0.2991706608296421,24797.912622439977,-0.2533153252604427,0.6015886973960937,-0.2845559985636094,64339.37081506289
295.55,0.0295055149321276,-0.2554407285912622,0.25058404472876633,-0.2849462435233898,25116.945389051347,-0.2232743586089384,0.5999836520385008,-0.252779873541066,63996.51248239232
295.6,0.0277703565610865,-0.24287138089500626,0.25219268295582387,-0.27064173745609277,25440.459734582677,-0.1933233797743689,0.5979934243029311,-0.2210937363354554,63572.64631280807
295.65,0.0260351981900454,-0.2302211062829852,0.25382253586009484,-0.2562563044730306,25770.351884179654,-0.1634810172798892,0.5956431226561223,-0.1895162154699346,63073.90747867312
295.7,0.025313142342344223,-0.21748864310964952,0.2554814112316286,-0.24280178545199374,26108.30059396181,-0.13376466336696424,0.5929570523149804,-0.15907780570930846,62506.32282490141
295.75,0.0262440432432433,-0.20467237471745497,0.25717568106609245,-0.23091641796069828,26455.7323727234,-0.10419051976967626,0.5899584926940115,-0.13043456301291956,61875.73744031822
295.8,0.0271749441441432,-0.1917704041178895,0.2589101713690845,-0.2189453482620327,26813.79073534748,-0.07477365417754636,0.5866694953944014,-0.10194859832168957,61187.7505469016
295.85,0.0281058450450442,-0.17878063326711338,0.2606880901773174,-0.2068864783121576,27183.31214411887,-0.04552806594818462,0.5831107182656399,-0.07363391099322882,60447.6639566703
295.9,0.0290367459459452,-0.1657008447944985,0.26251100265320904,-0.19473759074044372,27564.81060559725,-0.016466758967158275,0.5793013071560209,-0.045503504913103475,59660.445239586574
295.95,0.032791180995472735,-0.15252878374018036,0.2643788549071928,-0.1853199647356531,27958.471568815406,0.012398180890182738,0.5752588297965249,-0.020393000105289997,58830.706001576385
296.0,0.0367258416289576,-0.1392622369913803,0.2662900411612846,-0.17598807862033788,28364.154408671453,0.04105550623720645,0.5709992588060611,0.004329664608248844,57962.69396570153
296.05,0.0406605022624381,-0.12589910848611066,0.2682415034269024,-0.16655961074854875,28781.40166428996,0.06949472886051662,0.5665369946642912,0.02883422659807852,57060.29623524393
296.1,0.0445951628959231,-0.1124374889341086,0.2702288487363458,-0.1570326518300317,29209.45227574834,0.09770604225573008,0.5618849144272997,0.05311087935980698,56127.05014417314
296.15,0.0500903513513452,-0.09887571956978933,0.2722464678185425,-0.14896607092113454,29647.25569586908,0.12568024690743837,0.5570544298527605,0.07558989555609316,55166.15783441495
296.2,0.057026027027023016,-0.08521245027253552,0.2742876394317713,-0.14223847729955852,30093.48365802136,0.1534086783519335,0.5520555380451063,0.09638265132491049,54180.50081533722
296.25,0.063961702702701,-0.0714466930751959,0.2763446092112401,-0.1354083957778969,30546.537216045206,0.18088313730368089,0.5468968517544293,0.11692143460097988,53172.65181491666
296.3,0.070897378378371,-0.05757787249675028,0.2784086373233703,-0.1284752508751213,31004.547734502376,0.2080958206173381,0.54158560164284,0.1371984422389671,52144.882472326564
296.35,0.0780492190045176,-0.043605874250877814,0.28047001701146,-0.12165509325539542,31465.37217696347,0.23503925164394265,0.5361276107540612,0.15699003263942507,51099.167113397016
296.4,0.0876869565610807,-0.029531093601888766,0.28251807130140827,-0.11721805016296948,31926.584244747042,0.2617062087396926,0.5305272471326165,0.17401925217861186,50037.183991131074
296.45,0.09732469411764375,-0.015354484197334543,0.2845411400196508,-0.11267917831497828,32385.464145473008,0.2880896510790994,0.5247873661481691,0.19076495696145565,48960.31638555245
296.5,0.106962431674207,-0.001077607462565803,0.2865265724930448,-0.1080400391367728,32838.99069784482,0.31418264166109794,0.5189092582120415,0.20722020998689095,47869.656579230425
296.55,0.116600169230759,0.013297318094947434,0.28846074118499,-0.10330285113581156,33283.83968199751,0.339978268171504,0.5128926182971575,0.223378098940745,46766.01562732688
296.6,0.12744291891891,0.027767369068194,0.29032908887585024,-0.099675549850716,33716.39193899254,0.3654695631859288,0.5067355517203634,0.23802664426701883,45649.94122263843
296.65,0.138906432432427,0.042328872674752105,0.292116215854627,-0.0965775597576749,34132.753426090814,0.3906494257577334,0.5004346248385679,0.2517429933253064,44521.74466441213
296.7,0.15036994594594397,0.05697736767168261,0.2938060078444777,-0.09339257827426135,34528.78809820372,0.4155105467401597,0.4939849635355553,0.26514060079421575,43381.5367465287
296.75,0.161833459459462,0.07170757256535731,0.2953817982810155,-0.0901258868941047,34900.16270229062,0.44004534014559693,0.4873803948578725,0.2782118806861349,42229.27098521168
296.8,0.173440782805422,0.08651336256599934,0.2968265537700998,-0.08692742023942265,35242.40120921358,0.46424588246032866,0.48061362163988286,0.29080509965490664,41064.791698809684
296.85,0.18555797737556,0.1013877560713894,0.2981230666129064,-0.08417022130417061,35550.94513867337,0.48810386119649973,0.47367641411689315,0.3025458838209397,39887.88360722461
296.9,0.197675171945699,0.11632291058372746,0.29925413720817967,-0.08135226136197155,35821.21545448481,0.5116105330632247,0.4665598004592208,0.3139353611175257,38698.3195385863
296.95,0.20979236651583694,0.1313101271753249,0.30020273107246426,-0.07848223934051204,36048.67189734652,0.5347566912852706,0.45925423927313735,0.32496432476943365,37495.90334050633
297.0,0.221909561085975,0.14633986192086101,0.3009520994574494,-0.075569699165114,36228.86646713861,0.5575326407991574,0.4517497607703981,0.3356230797131824,36280.50601886434
297.05,0.233257144144135,0.16140174234259125,0.3014858587482723,-0.07185540180154376,36357.489210073276,0.5799281795651023,0.44403606932994216,0.34667103542096733,35052.09437617515
297.1,0.244412324324315,0.17648458680116375,0.30178802977918867,-0.06792773752315126,36430.40596720179,0.601932583999366,0.43610260630283265,0.35752025967505097,33810.7525731775
297.15,0.255567504504496,0.19157642501120004,0.3018430453146081,-0.06399107949329597,36443.689601918624,0.6235345966761193,0.42793857957180587,0.3679670921716233,32556.698290832857
297.2,0.266722684684676,0.2066645183978107,0.30163573858838116,-0.06005816628686533,36393.64751750328,0.6447224149176747,0.4195329718341167,0.37799973023299865,31290.2959032828
297.25,0.277015339366512,0.22173537973396407,0.3011513287529695,-0.05527995963254795,36276.84912387165,0.6654836795925204,0.41087454346510804,0.3884683402260084,30012.06941647306
297.3,0.285774615384605,0.23677479229821752,0.3003754183867086,-0.048999823086387506,36090.156788396096,0.6858054642634306,0.40195184601144296,0.40003084887882556,28722.717602134533
297.35,0.294533891402709,0.25176782946952203,0.299294015248295,-0.042766061933186994,35830.763025378656,0.7056742655680904,0.3927532600769346,0.4111403741653814,27423.1330312996
297.4,0.303293167420813,0.26669887618670685,0.29789358571076424,-0.03659429123410618,35496.23536304657,0.7250759963151145,0.3832670669834455,0.4217828288943015,26114.425712727625
297.45,0.31205244343891214,0.281551653897679,0.2961611404725459,-0.030500789541233142,35084.56845039962,0.7439959830745188,0.37348155673814865,0.4319435396356066,24797.950795297947
297.5,0.317419000000002,0.29630925049469503,0.2940843468619305,-0.021109749505306974,34594.241227683306,0.762418970001312,0.36338516816456196,0.44499997000131,23475.33874524213
297.55,0.322568999999996,0.31095415629523626,0.2916516559386475,-0.011614843704759736,34024.27536470209,0.7803291302546718,0.3529666502408757,0.45776013025467577,22148.52554351372
297.6,0.327718999999997,0.32546830643584684,0.28885242948860074,-0.0022506935641501413,33374.29040858683,0.7977100857029056,0.3422152296827709,0.4699910857029086,20819.780164770073
297.65,0.332868999999997,0.3398331292814728,0.28567705088730366,0.006964129281475828,32644.550961466834,0.8145449348138284,0.331120767783539,0.4816759348138314,19491.726730232953
297.7,0.3359777104072367,0.35402959966130687,0.2821170053930782,0.018051889254070197,31836.00189278325,0.8308162877697272,0.31967389031158877,0.4948385773624905,18167.359315012567
297.75,0.337045131221719,0.368038295141815,0.2781649201150329,0.030993163920096045,30950.289113041057,0.8465063071436199,0.30786607844153846,0.5094611759219009,16850.048400883825
297.8,0.338112552036198,0.38183945319278834,0.2738145597626904,0.043726901156590336,29989.765255214385,0.8615967519997847,0.29568971440136793,0.5234841999635866,15543.539058268894
297.85,0.339179972850678,0.3954130270924328,0.26906078161200975,0.05623305424175479,28957.481680666242,0.8760690231549971,0.2831380830918202,0.5368890503043191,14251.942061672975
297.9,0.339923153153155,0.40873873873896066,0.26389945854143765,0.06881558558580564,27857.169687385587,0.8899042075631868,0.2702053369498646,0.5499810544100318,12979.719842878196
297.95,0.336937567567569,0.42179612710064657,0.258327384444521,0.08485855953307758,26693.215021578948,0.9030831202914875,0.25688643760810675,0.5661455527239185,11731.669658130439
298.0,0.333951981981982,0.434564591847675,0.252342178546459,0.10061260986569298,25470.6300294292,0.9155863433534608,0.2431770910931919,0.5816343613714787,10512.906245786055
298.05,0.330966396396399,0.4470234325069336,0.24594220476851533,0.11605703611053458,24195.02723455933,0.9273942614964351,0.22907369380203643,0.5964278651000361,9328.845723041626
298.1,0.327980810810813,0.4591518842485774,0.23912651903855026,0.1311710734377644,22872.596842997656,0.938487095881044,0.21457330395190713,0.610506285070231,8185.191603348893
298.15,0.322672877828057,0.4709291518927705,0.23189485165252996,0.14825627406471353,21510.08888917955,0.9488449371704738,0.1996736477425478,0.6261720593424168,7087.92277383379
298.2,0.31605862443439,0.48233444395491937,0.2242476259857284,0.1662758195205294,20114.799104094054,0.9584477798844759,0.18437316363965786,0.642389155450086,6043.282394754854
298.25,0.309444371040724,0.4933470084289943,0.216186007922341,0.18390263738827034,18694.556008559393,0.9672755598512303,0.16867108084866564,0.6578311888105063,5057.7659581612625
298.3,0.302830117647065,0.5039461715899792,0.2077119749921456,0.2011160539429142,17257.70582205509,0.975308196239818,0.1525675219561789,0.672478078592753,4138.10644548429
298.35,0.295582288288294,0.514111380429977,0.1988283897641455,0.21852909214168292,15813.091430481183,0.9825256390169789,0.13606361437669617,0.6869433507286848,3291.2546057333834
298.4,0.286088144144147,0.5238222485389925,0.18953906206043067,0.2377341043948455,14370.022418699116,0.9889079218489206,0.11916159431832361,0.7028197777047736,2524.3529885306193
298.45,0.27659399999999995,0.5330586045334044,0.17984878647915414,0.2564646045334044,12938.234399209752,0.9944352196985649,0.10186488814649203,0.7178412196985648,1844.7031888173035
298.5,0.267099855855853,0.5418005415305852,0.1697633458896201,0.2747006856747322,11527.83744305552,0.9990879096693281,0.08417815968256126,0.7319880538134751,1259.7266786742723
298.55,0.257605711711716,0.5500284658687407,0.15928947751522265,0.2924227541570247,10149.25505882905,1.002846633236005,0.06610731779673784,0.7452409215242891,776.9204384495807
298.6,0.246315470588238,0.5577231432412498,0.1484348046879347,0.31140767265301184,8813.15649709813,1.005692357864907,0.047659485351286224,0.7593768872766691,403.809163368794
298.65,0.23451863800905,0.5648657407586547,0.1372077441859336,0.33034710274960466,7530.386025837038,1.0076064362815864,0.028842937978417374,0.7730877982725364,147.8960126625478
298.7,0.222721805429862,0.5714378640568828,0.12561740338820276,0.3487160586270208,6311.892813597782,1.0085706621987955,0.009667026336361934,0.7858488567689336,16.613581900073818
298.75,0.210924972850674,0.5774215893488752,0.11367348347695953,0.3664966164982012,5168.664338314637,1.008567322089737,-0.009857901580935094,0.7976423492390631,17.276128636338246
298.8,0.198558411764713,0.5827994911053367,0.1013862035936218,0.3842410793406237,4111.6649116509325,1.0075792434194453,-0.02972056197730855,0.8090208316547323,157.03320964391798
298.85,0.185179000000005,0.5875546667291472,0.08876625817316923,0.40237566672914227,3151.7794360262933,1.00558984050269,-0.04990876657854055,0.820410840502685,442.8239966917771
298.9,0.171799588235296,0.5916707600864061,0.07582481433402131,0.41987117185111006,2299.7609875155217,1.0025831597561576,-0.07040941472094964,0.8307835715208616,881.3307877949653
298.95,0.158420176470587,0.5951319859172077,0.06257354911633273,0.4367118094466207,1566.1796196056416,0.9985439263798082,-0.09120844434704847,0.8401237499092211,1478.9298347037582
299.0,0.145040764705879,0.5979231569718461,0.04902471949987029,0.45288239226596705,961.3692488163849,0.9934575944180247,-0.11229074737464076,0.8484168297121457,2241.6376792809583
299.05,0.130791236486498,0.600029715214634,0.035191252812069716,0.46923847872813595,495.36970979320193,0.9873104017094739,-0.13364006099748116,0.8565191652229759,3175.051716161864
299.1,0.116486168918929,0.6014377677406069,0.021086842112155363,0.4849515988216779,177.86196410518752,0.9800894305564962,-0.15523885042310018,0.8636032616375672,4284.28456545523
299.15,0.102181101351361,0.6021341272413812,0.006726030201129768,0.49995302589002016,18.0957929066039,0.9717826741075644,-0.17706820042649174,0.8696015727562033,5573.892907071333
299.2,0.08787603378379207,0.6021063560798802,-0.007875732098765874,0.5142303222960881,24.81086243661245,0.9623791075977702,-0.19910773189130287,0.8745030738139782,7047.802470915369
299.25,0.0733136696832648,0.6013428124128194,-0.02270206350199621,0.5280291427295546,206.1534748994674,0.9518687628666902,-0.2213355557669494,0.8785550931834254,8709.231688295888
299.3,0.0584940090497943,0.5998326964522244,-0.0377356690104413,0.5413386874024301,569.5922862662319,0.9402428041042814,-0.24372827025097385,0.8817487950544871,10560.616839027867
299.35,0.0436743484163071,0.5975660949703316,-0.05295839240863234,0.5538917465540245,1121.836530602675,0.92749360267126,-0.26626099992283647,0.8838192542549529,12603.541347539329
299.4,0.0288546877828198,0.594534022465693,-0.06835129535603174,0.5656793346828732,1868.7598307389942,0.9136148090592611,-0.28890746924465377,0.8847601212764413,14838.671250728989
299.45,0.01402186126127226,0.5907284579848806,-0.08389474968918913,0.5767065967236084,2815.3316101646797,0.8986014205750383,-0.31164009775692414,0.8845795593137661,17265.697871990265
299.5,-0.0009623729729665,0.586142377325745,-0.09956852711827478,0.5871047502987116,3965.5566370010483,0.882449844052027,-0.3344301009350278,0.8834122170249935,19883.287539806734
299.55,-0.0159466072071885,0.5807697811461775,-0.11535187114435354,0.596716388353366,5322.421670601417,0.8651579537241644,-0.3572475804334103,0.8811045609313529,22689.037106760174
299.6,-0.0309308414414275,0.5746057201660838,-0.1312235399704919,0.6055365616075113,6887.846976954915,0.8467251451329055,-0.3800615907484078,0.8776559865743331,25679.433379948485
299.65,-0.0459150756756665,0.5676463190816055,-0.14716181474402656,0.613561394757272,8662.639887502077,0.8271523864659821,-0.402840174588983,0.8730674621416487,28849.81444673464
299.7,-0.06099346877827506,0.5598888009287497,-0.1631444740200104,0.6208822697070248,10646.447761306337,0.8064422689465038,-0.42555036588035833,0.8674357377247789,32194.331360161217
299.75,-0.0761248262443416,0.5513315134339003,-0.17914874143337378,0.6274563396782419,12837.708622864728,0.7845990577798001,-0.44815816586682433,0.8607238840241417,35705.90962366507
299.8,-0.0912561837103909,0.5419739583981587,-0.1951512191590845,0.6332301421085496,15233.599335710813,0.7616287447337545,-0.470628504097667,0.8528849284441454,39376.211354525825
299.85,-0.106387541176457,0.5318168244343211,-0.21112782300697855,0.6382043656107781,17829.983059066424,0.7375391027180063,-0.4929252002401809,0.8439266438944633,43195.60053899065
299.9,-0.121539797297288,0.5208620225629842,-0.22705373564134332,0.6424018198602722,20621.359547475608,0.7123397418878132,-0.5150109441888223,0.8338795391851013,47153.115134979955
299.95,-0.13676614864864398,0.509112723397967,-0.24290339148666604,0.645878872046611,23600.82303828982,0.6860421659540415,-0.5368473097316545,0.8228083146026856,51236.450482864886
300.0,-0.1519925,0.49657339410217005,-0.2586505021281508,0.64856589410217,26760.03290045782,0.6586598267353637,-0.5583948126776032,0.8106523267353637,55431.9585467121
300.05,-0.167218851351339,0.48324983298336716,-0.2742681250984994,0.6504686843347062,30089.201778018447,0.6302081745698066,-0.5796130184700096,0.7974270259211456,59724.66687642945
300.1,-0.182445202702695,0.46914919963422513,-0.28972877228724686,0.6515944023369201,33577.10459643014,0.6007047021384363,-0.60046069729347,0.7831499048411312,64098.319821184035
300.15,-0.197784689189183,0.4542800388593799,-0.3050045477487274,0.6520647280485629,37211.10965896229,0.5701689795200086,-0.620896017529408,0.7679536687091916,68535.4425926896
300.2,-0.2131560855855809,0.4386522972856783,-0.32006730002468065,0.6518083828712592,40977.23061803557,0.5386226789177198,-0.6408767628094161,0.7517787645033007,73017.42668605805
300.25,-0.228527481981978,0.4222773323292922,-0.33488877286955016,0.6508048143112702,44860.19607762926,0.506089588295325,-0.6603605556845887,0.734617070277303,77524.63351183268
300.3,-0.243898878378358,0.4051679139927078,-0.34944073905239553,0.6490667923710658,48843.532043793755,0.47259561402616035,-0.679305070803278,0.7164944924045183,82036.51186116382
300.35,-0.259245615384598,0.3873382206458209,-0.36369510577980974,0.6465838360304189,52909.651987274796,0.43816877344693483,-0.6976682236905904,0.6974143888315328,86531.72450623711
300.4,-0.274544484162886,0.36880383039118936,-0.37762398523712015,0.6433483145540754,57039.9496905459,0.4028391787860264,-0.7154083258563393,0.6773836629489124,90988.27959192358
300.45,-0.289843352941173,0.34958170978333797,-0.3911997307387893,0.639425062724511,61214.89173204049,0.366639014244595,-0.7324842040106159,0.656482367185768,95383.66384445611
300.5,-0.305142221719461,0.3296902014617258,-0.404394945466285,0.6348324231811868,65414.10876747186,0.32960250792400475,-0.7488552881147954,0.6347447296434657,99694.97645110992
300.55,-0.320441090497731,0.3091490117855167,-0.4171824762840331,0.6295901022832477,69616.48740739113,0.2917658999167604,-0.7644816792403583,0.6122069904144913,103899.06451451698
300.6,-0.335171307692305,0.2879791988317138,-0.4295354076272297,0.6231505065240188,73800.26656219615,0.25316740720492414,-0.7793242116239106,0.5883387148972292,107972.66254635197
300.65,-0.349852076923078,0.2662031603879956,-0.4414270704111206,0.6160552373110736,77943.14339669778,0.21384718528804822,-0.7933445241252004,0.5636992622111262,111892.53937056723
300.7,-0.36453284615385,0.2438446208362306,-0.45283107917019244,0.6083774669900806,82022.39450497643,0.17384728569525598,-0.8065051552854549,0.5383801318491059,115635.65608924722
300.75,-0.379213615384622,0.22092861529527816,-0.463721405429955,0.6001422306799001,86015.01674157308,0.13321160794718584,-0.8187696714038207,0.5124252233318078,119179.33774412809
300.8,-0.393221792792786,0.19748146913607714,-0.47407248910772126,0.5907032619288631,89897.8899715162,0.09198584420398032,-0.8301028309077302,0.48520763699676633,122501.45953440493
300.85,-0.406557378378372,0.17353077107610318,-0.48385938245588817,0.5800881494544752,93647.96079623738,0.050217414862151685,-0.8404707806870766,0.4567747932405237,125580.64590022116
300.9,-0.419892963963958,0.14910533848240834,-0.49305791571781005,0.5689983024463663,97242.44330079644,0.00795539374256364,-0.8498412740739475,0.42784835770652163,128396.47842126763
300.95,-0.43322854954954476,0.12423517415740909,-0.5016448692702007,0.5574637237069539,100659.02994604669,-0.034749577848695805,-0.8581838949247397,0.39847897170084895,130929.7062236794
301.0,-0.446429810810808,0.09895141470770644,-0.5095981356722976,0.5453812255185144,103876.10395227258,-0.07784538804019173,-0.8654702700103905,0.3685844227706163,133162.45124833033
301.05,-0.457526657657645,0.07328627138847393,-0.5168968560464251,0.530812929046119,106872.94391627148,-0.12127856127668338,-0.8716742521659224,0.33624809638096165,135078.4003358258
301.1,-0.468623504504496,0.04727296503590306,-0.523521518875864,0.5158964695403991,109629.91229043664,-0.16499437331006706,-0.8767720597817068,0.30362913119442897,136662.97685579676
301.15,-0.479720351351346,0.02094565712631161,-0.5294540156736656,0.5006660084776576,112128.62188518804,-0.20893697189095006,-0.8807423644452244,0.27078337946039593,137903.4866717448
301.2,-0.4908171981981948,-0.005660620872967367,-0.5346776544305113,0.48515657732522743,114352.0776589253,-0.2530495004979637,-0.883566325245881,0.2377676977002311,138789.235752624
301.25,-0.499971977375566,-0.03251003791385671,-0.5391771382510963,0.4674619394617093,116284.79456505671,-0.2972742225544768,-0.8852275753825515,0.2026977548210892,139311.61959425258
301.3,-0.507936457013568,-0.05956603208871779,-0.5429385215312528,0.44837042492485024,117912.89526501705,-0.34155264401221946,-0.885712172551339,0.16638381300134858,139464.18712988676
301.35,-0.515900936651579,-0.08679137692526538,-0.545949159478667,0.4291095597263136,119224.19389418517,-0.3858256328763648,-0.885008529081404,0.1300753037752142,139242.6838305476
301.4,-0.52386541628959,-0.11414824532556722,-0.5481976666912326,0.4097171709640228,120208.2727062847,-0.43003353508844827,-0.8831073387205368,0.09383188120114178,138645.07941370114
301.45,-0.5310318868778234,-0.1415982719376639,-0.5496738977095202,0.38943361494015954,120856.55752927045,-0.47411628698271,-0.8800015149968351,0.05691559989511341,137671.58513719554
301.5,-0.535006321266968,-0.1691026152900341,-0.5503689577994179,0.3659037059769339,121162.39588368696,-0.5180135251880318,-0.8756861519406134,0.016992796078936223,136324.66430232162
301.55,-0.538980755656105,-0.19662202127455844,-0.5502752458753579,0.3423587343815466,121121.13848927424,-0.561664695234445,-0.8701585117382953,-0.022683939578339918,134609.03743121866
301.6,-0.542955190045246,-0.2241168894970606,-0.549386525011999,0.31883830054818535,120730.22154590394,-0.6050091601848558,-0.8634180371746921,-0.06205397013960989,132531.68122997298
301.65,-0.546929624434387,-0.2515473436319506,-0.5476980098921281,0.2953822808024364,119989.24401591909,-0.6479863103371284,-0.8554663800380763,-0.10105668590274142,130101.81820008007
301.7,-0.5473909864864859,-0.2788733062722415,-0.5452064566584027,0.2685176802142444,118900.03215280431,-0.690535674468247,-0.8463074319800455,-0.14314468798176117,127330.89234216168
301.75,-0.546861481981982,-0.30605457800125097,-0.5419102393111814,0.24080690398073107,117466.68298812078,-0.7325970323571012,-0.8359473421435689,-0.18573555037511913,124232.52601544837
301.8,-0.546331977477478,-0.33305091964432465,-0.537809398592619,0.21328105783315332,115695.57968582182,-0.7741105275433868,-0.8243945069165084,-0.22777855006590886,120822.4538727312
301.85,-0.545802472972973,-0.35982213605552105,-0.5329056531427353,0.18598033691745197,113595.37406059413,-0.8150167786339438,-0.811659520517026,-0.2692143056609708,117118.4315103873
301.9,-0.543704538461539,-0.3863281594003522,-0.5272023679663903,0.1573763790611868,111176.93471574767,-0.8552569870141146,-0.7977550801913917,-0.3115524485525756,113140.1187504309
301.95,-0.538562004524886,-0.4125291298300884,-0.5207044826868216,0.12603287469479763,108453.26331606018,-0.894773038696636,-0.7826958474429175,-0.35621103417175004,108908.94037411321
302.0,-0.533419470588234,-0.4383854717388689,-0.5134184084545216,0.09503399884936514,105439.38485598959,-0.9335075982962276,-0.7664982736643026,-0.4000881277079936,104447.92951650775
302.05,-0.528276936651587,-0.4638579643626768,-0.5053519073781829,0.06441897228891025,102152.22011630703,-0.9714041936802903,-0.7491804043443931,-0.44312725702870326,99781.56057842284
302.1,-0.523134402714934,-0.4889078062484155,-0.4965139704004423,0.034226596466518544,98610.44912112452,-1.008407290653354,-0.7307616789912571,-0.48527288793842005,94935.57893015486
302.15,-0.514050135135138,-0.5134966739150799,-0.48691470985641583,0.0005534612200580602,94834.37386982304,-1.0444623579091767,-0.7112627450708635,-0.5304122227740388,89936.83422679825
302.2,-0.504623108108111,-0.5375867758073668,-0.4765652802301818,-0.03296366769925585,90845.78652834868,-1.0795159233836893,-0.6907053022083576,-0.5748928152755783,84813.12257755353
302.25,-0.495196081081083,-0.5611409031757087,-0.46547783554373356,-0.06594482209462577,86667.84615299162,-1.1135156238217845,-0.6691119881405567,-0.6183195427407016,79593.04047527263
302.3,-0.485769054054066,-0.5841224798012494,-0.4536655252649328,-0.09835342574718342,82324.96352556295,-1.1464102498087623,-0.6465063113171551,-0.6606411957546963,74305.85076851808
302.35,-0.474535018099562,-0.6064956123737268,-0.44114252318435165,-0.13196059427416484,77842.6903045825,-1.1781497885471819,-0.6229126271456028,-0.7036147704476199,68981.35841021097
302.4,-0.461343389140284,-0.6282251429292272,-0.42792407888659156,-0.16688175378894315,73247.60691637514,-1.2086854663677726,-0.5983561492770272,-0.7473420772274886,63649.792244912365
302.45,-0.448151760181005,-0.6492767041322471,-0.41402657743245863,-0.20112494395124214,68567.20272817426,-1.237969792405614,-0.5728629823596263,-0.7898180322246089,58341.688276971654
302.5,-0.434960131221726,-0.6696167774161158,-0.3994675915463159,-0.2346566461943898,63829.74267832571,-1.265956604117307,-0.5464601603461402,-0.830996472895581,53087.770105871874
302.55,-0.421594729729752,-0.6892127532307508,-0.38426591135693045,-0.26761802350099884,59064.11625238893,-1.2926011145161256,-0.5191756742930647,-0.8710063847863736,47918.82324936149
302.6,-0.40550689189191,-0.7080329919868171,-0.3684415416466084,-0.3025261000949071,54299.66784437179,-1.3178599602686345,-0.4910384778291743,-0.9123530683767245,42865.56208156312
302.65,-0.389419054054067,-0.7260468839582956,-0.3520156625196498,-0.3366278299042286,49566.01066365919,-1.3416912493720126,-0.462078464156863,-0.9522721953179456,37958.490140011614
302.7,-0.37333121621622395,-0.7432249063311858,-0.33501055576178906,-0.3698936901149618,44892.82898872911,-1.3640546069551172,-0.4323264148896283,-0.9907233907388933,33227.75626867894
302.75,-0.357243378378381,-0.7595386758853097,-0.3174495054142612,-0.40229529750692866,40309.67539510362,-1.3849112179572742,-0.4018139277373277,-1.0276678395788932,28703.010226435275
302.8,-0.339728031674227,-0.7749609963176846,-0.2993566854315983,-0.43523296464345756,35845.77004503717,-1.4042238659009787,-0.37057333507759527,-1.0644958342267516,24413.26163031675
302.85,-0.321337760181011,-0.7894658999641979,-0.2807570506530157,-0.4681281397831869,31529.80859655201,-1.421956967701737,-0.3386376296352104,-1.100619207520726,20386.74563643625
302.9,-0.302947488687794,-0.8030286844832994,-0.26167624664678213,-0.5000811957955055,27389.78322365902,-1.4380766052849632,-0.30604041360286127,-1.1351291165971693,16650.797290348513
302.95,-0.2845572171945766,-0.8156259457726767,-0.24214055085294692,-0.5310687285781001,23452.81854694743,-1.452550555541361,-0.27281588498128295,-1.1679933383467844,13231.734595221442
303.0,-0.265880045045048,-0.8272356088787178,-0.2221768515701909,-0.5613555638336698,19745.021349457056,-1.4653483207167273,-0.23899886929727612,-1.1994682756716792,10154.74836006693
303.05,-0.24605527027029,-0.8378369588289627,-0.2018126657442949,-0.5917816885586726,16291.3408219274,-1.4764411615814435,-0.20462489914206314,-1.2303858913111534,7443.795439804358
303.1,-0.226230495495509,-0.8474106732242601,-0.1810761898319335,-0.6211801777287511,13115.434609620166,-1.4858021356955424,-0.16973033682574568,-1.2595716402000334,5121.491064707748
303.15,-0.206405720720728,-0.8559388579572745,-0.15999637184240037,-0.6495331372365465,10239.535601092659,-1.493406142647266,-0.1343525284689998,-1.287000421926538,3208.9958944023833
303.2,-0.18658094594594613,-0.8634050867447071,-0.1386029889108754,-0.676824140798761,7684.315414011301,-1.4992299774508477,-0.09852997313331086,-1.3126490315049015,1725.894329893504
303.25,-0.165979665158367,-0.869794444322167,-0.11692671377037311,-0.7038147791638,5468.742557255505,-1.5032523923874794,-0.06230248858491743,-1.3372727272291125,690.0622371331141
303.3,-0.145133171945716,-0.8750935723818434,-0.09499915584449385,-0.7299604004361273,3609.935844466572,-1.5054541666936656,-0.025711356785613843,-1.3603209947479495,117.52424315682329
303.35,-0.124286678733042,-0.8792907166978531,-0.07285286641249518,-0.7550040379648111,2123.0160578067475,-1.5058181827182981,0.011200564661333644,-1.381531503985256,22.302693108038405
303.4,-0.103440185520368,-0.8823757735028156,-0.050521303294624495,-0.7789355879824476,1020.9608346349744,-1.5043295066198892,0.04838877311682727,-1.4008893210995212,416.2619313336508
303.45,-0.08249323378378462,-0.8843403331113502,-0.028038756845713806,-0.8018470993275656,314.46875418122517,-1.5009754714372812,0.08580709506888795,-1.4184822376534965,1308.9524558508756
303.5,-0.0613512743243187,-0.8851777190456385,-0.0054402461442443865,-0.8238264447213197,11.838511243986366,-1.4957457604735187,0.12340769773876772,-1.4343944861492,2707.4595308769876
303.55,-0.0402093148648766,-0.8848830215039871,0.017238601214781574,-0.8446737066391106,118.8677487369075,-1.488632489399175,0.1611411266849125,-1.4484231745342984,4616.260037205871
303.6,-0.0190673554054104,-0.8834531247251914,0.03996167037402444,-0.8643857693197811,638.774039632873,-1.4796302861175739,0.19895635511665455,-1.4605629307121635,7037.089998454107
303.65,0.0020746040540556,-0.8808867285797953,0.06269246685509347,-0.8829613326338509,1572.1381601507976,-1.4687363681819314,0.23680083044638825,-1.470810972235987,9968.823697795398
303.7,0.023158600904983728,-0.8771843653752329,0.0853941985040302,-0.9003429662802167,2916.867655258285,-1.4559506182184758,0.27462050552281553,-1.4791092191234596,13407.3639206412
303.75,0.0442361574660742,-0.8723484133739771,0.10802982459162713,-0.9165845708400513,4668.177200519091,-1.4412756583567066,0.31235984652765936,-1.4855118158227807,17345.541995161406
303.8,0.0653137140271406,-0.8663831086875684,0.1305620721900611,-0.931696822714709,6818.581877825091,-1.4247169248767106,0.34996181679067,-1.4900306389038513,21773.02634869804
303.85,0.0863912705882311,-0.8592945570475795,0.15295342635348802,-0.9456858276358107,9357.900253308753,-1.4062827441573458,0.38736784254256157,-1.4926740147455768,26676.239188636227
303.9,0.10710375135135,-0.8510907464777874,0.17516610619944095,-0.9581944978291373,12273.26590442953,-1.3859844105424053,0.42451777284528097,-1.4930881618937553,32038.28257093646
303.95,0.127420733333333,-0.8417815612066079,0.19716204171794863,-0.9692022945399409,15549.148277756045,-1.3638362660297716,0.46134984946969304,-1.4912569993631046,37838.87708545928
304.0,0.147737715315317,-0.8313787963855753,0.21890286744059725,-0.9791165117008923,19167.386149486276,-1.339855780848049,0.4978007045880817,-1.487593496163366,44054.31848682499
304.05,0.168054697297277,-0.8198961723950905,0.24034994713780217,-0.9879508696923676,23107.238835657718,-1.3140636330965008,0.5338054028399641,-1.4821183303937777,50657.459217979806
304.1,0.188328592760163,-0.8073493469230042,0.2614644395738619,-0.9956779396831672,27345.461264669473,-1.2864837848989452,0.5692975405345524,-1.4748123776591082,57617.722605989395
304.15,0.207568411764692,-0.793755922640764,0.28220740847565134,-1.001324334405456,31856.408559417254,-1.2571435520235692,0.6042094078551068,-1.4647119637882613,64901.157073887785
304.2,0.22680823076922094,-0.7791354483483236,0.30253997291283696,-1.0059436791175445,36612.17408404005,-1.2260736638419438,0.6384722124933034,-1.4528818946111648,72470.53620019449
304.25,0.24604804977375,-0.7635094117682425,0.3224234888268214,-1.0095574615419924,41582.76245890378,-1.1933083107172102,0.6720163568728678,-1.4393563604909603,80285.50824972117
304.3,0.265287868778257,-0.7469012227759163,0.3418197475837768,-1.0121890915541734,46736.29593529476,-1.15888517647303,0.7047717551793324,-1.4241730452512869,88302.79589307678
304.35,0.283384765765749,-0.7293361866168951,0.36069117506419324,-1.0127209523826441,52039.2495076754,-1.1228454543712696,0.7366681728677259,-1.4062302201370187,96476.44389622642
304.4,0.300781162162151,-0.7108414675048846,0.3790010149153739,-1.0116226296670356,57456.70772275339,-1.0852338459402149,0.7676355702890928,-1.3860150081023659,104758.1100040997
304.45,0.31817755855855295,-0.6914460437243296,0.39671348353644004,-1.0096236022828826,62952.635207846906,-1.046098542848972,0.7976044350984401,-1.3642761014075249,113097.39286910255
304.5,0.335573954954955,-0.6711806558550337,0.4137938894286617,-1.0067546108099887,68490.1531713998,-1.0054911926785666,0.8265060925928445,-1.3410651476335216,121442.19041654962
304.55,0.352529592760168,-0.6500777499508136,0.4302087162901631,-1.0026073427109816,74031.81582881202,-0.9634668498355168,0.8542729896811466,-1.3159964425956847,129739.08282644702
304.6,0.367477330316733,-0.6281714173626588,0.44592567533144284,-0.9956487476793918,79539.88316792135,-0.9200839128922201,0.8808389544934936,-1.2875612432089532,137933.73577834506
304.65,0.382425067873297,-0.6054973325016842,0.4609137377186964,-0.9879224003749812,84976.58944712771,-0.8754040494053071,0.9061394395685576,-1.2578291172786042,145971.32158962128
304.7,0.3973728054298609,-0.582092689171211,0.47514316175199517,-0.9794654946010719,90304.40966387306,-0.8294921087281996,0.9301117609739534,-1.2268649141580605,153796.95784925667
304.75,0.412320542986425,-0.5579961353564487,0.4885855298717196,-0.9703166783428736,95486.3280000116,-0.78241602268713,0.9526953469407929,-1.194736565673555,161356.16428135784
304.8,0.424702334841618,-0.5332477056378521,0.5012138083613653,-0.9579500404794701,100486.11267684138,-0.7342466933265914,0.9738320079962217,-1.1589490281682093,168595.33863074725
304.85,0.43627382805429,-0.5078887498734092,0.5130024378007536,-0.9441625779276992,105268.60047580644,-0.6850578664433442,0.9934662361221105,-1.1213316944976341,175462.251078157
304.9,0.447845321266962,-0.48196185652223,0.5239274568440914,-0.9298071777891921,109799.99201404689,-0.634925989379168,1.0115455350276088,-1.08277131064613,181906.55456609622
304.95,0.45941681447963334,-0.4555107690241706,0.533966654820158,-0.914927583503804,114048.15538393191,-0.583930051615423,1.0280207762429696,-1.0433468660950562,187880.30513550184
305.0,0.469538756756756,-0.42858029404212344,0.5430997425274822,-0.8981190507988794,117982.93213336696,-0.5321514071581794,1.0428465690045987,-1.0016901639149354,193338.4829306068
305.05,0.476846864864858,-0.40121620101381356,0.5513085263004068,-0.8780630658786716,121576.43646861054,-0.47967357843228775,1.0559816268162159,-0.9565204432971457,198239.50154194166
305.1,0.484154972972969,-0.3734651132694949,0.5585770686456154,-0.8576200862424639,124803.33664669142,-0.42658204234276337,1.0673891109680125,-0.9107370153157324,202545.69141565938
305.15,0.491463081081079,-0.34537439178503293,0.5648918197849955,-0.8368374728661119,127641.10722400152,-0.3729640001438116,1.0770369316487385,-0.8644270812248906,206223.74260183633
305.2,0.49877118918918506,-0.3169920133572572,0.5702417075870195,-0.8157632025464423,130070.24202870396,-0.3189081336699588,1.0848979900187774,-0.8176793228591439,209245.09311053925
305.25,0.501729702702703,-0.2883664454750829,0.5746181793462315,-0.790096148177786,132074.42081407114,-0.2645043511785472,1.0909503505617795,-0.7662340538812502,211586.25198059902
305.3,0.504204927927926,-0.2595465203186827,0.578015195349489,-0.7637514482466088,133640.62642196318,-0.2098435264101861,1.0951773399232592,-0.7140484543381121,213229.0499344686
305.35,0.506680153153151,-0.2305813101559141,0.5804291812539367,-0.7372614633090651,134759.21378044612,-0.15501723447852986,1.0975675763400716,-0.6616973876316808,214160.81504587005
305.4,0.509155378378376,-0.20152000589844732,0.5818589514545479,-0.7106753842768233,135423.9357551144,-0.1001174878124117,1.0981149400626633,-0.6092728661907877,214374.47494912473
305.45,0.5092776832579169,-0.17241179990756877,0.5823056184649923,-0.6816894831654856,135631.93331835888,-0.04523647475781081,1.0968184993055439,-0.5545141580157277,213868.59029668718
305.5,0.506637864253395,-0.14330577333704117,0.5817725045914628,-0.6499436375904362,135383.69883944944,0.009533697364047092,1.0936824088262087,-0.4971041668893479,212647.32646682634
305.55,0.503998045248872,-0.11425078753494025,0.5802650698759015,-0.6182488327838123,134683.02052723395,0.06410125378230519,1.0887157970754062,-0.43989679146656685,210720.37098693993
305.6,0.501358226244347,-0.08529537842974005,0.5777908658884089,-0.5866536046740871,133536.91388163093,0.1183749981431721,1.081932654308625,-0.3829832281011749,208102.8032816545
305.65,0.498522696832586,-0.05648765251076726,0.5743595178157571,-0.5550103493433532,131955.5422822196,0.17226455294372997,1.0733517273639228,-0.326258143888856,204814.92100179856
305.7,0.49099011764706396,-0.027875183058749076,0.5699827316480444,-0.518865300705813,129952.12575078662,0.22568059487816025,1.0629964211843699,-0.26530952276890374,200882.025146805
305.75,0.483457538461542,0.0004950944366474211,0.5646743172305132,-0.4829624440248946,127542.8338158985,0.27853508531818366,1.0508947008302463,-0.20492245314335833,196334.16395254983
305.8,0.475924959276029,0.028576988123051424,0.5584502136475202,-0.4473479711529776,124746.65644918439,0.33074149567200883,1.0370789828322373,-0.14518346360402018,191205.83406797296
305.85,0.468392380090507,0.05632515664569456,0.5513285015378309,-0.41206722344481245,121585.24664317998,0.3822150267682417,1.0215860022007603,-0.08617735332226528,185535.63731422788
305.9,0.458181184684696,0.0836952159754647,0.5433293875807507,-0.3744859687092313,118082.72936354943,0.4328728206833631,1.0044566413848615,-0.025308364001332906,179365.89234171665
305.95,0.44632825675676396,0.11064384454647898,0.5344751510692209,-0.335684412210285,114265.47484418661,0.4826341628601848,0.9857357117176281,0.036305906103420826,172742.20326319267
306.0,0.434475328828833,0.13712888465818895,0.5247900476994252,-0.29734644417064404,110161.83766574599,0.5314206720040661,0.9654716829537301,0.09694534317523307,165712.99032631252
306.05,0.422622400900915,0.16310943802372907,0.5143001725210071,-0.25951296287718595,105801.86698205507,0.5791564751976188,0.9437163635131129,0.1565340742967038,158328.99106887358
306.1,0.410123378378391,0.18854595358958073,0.503033289343231,-0.2215774247888103,101216.9960749883,0.6257683659629428,0.9205245398950277,0.2156449875845518,150642.7428531471
306.15,0.394681036036044,0.2134003062576977,0.49101864042897725,-0.18128072977834628,96439.7220994885,0.6711859435818508,0.8959535909724573,0.2765049075458068,142708.05994247846
306.2,0.37923869369369695,0.2376358659555934,0.4782867531404798,-0.14160282773810354,91503.28729186491,0.7153417329142561,0.8700630965690493,0.3361030392205591,134579.51857979075
306.25,0.363796351351349,0.2612175573019094,0.46486926002824,-0.10257879404943965,86441.37156768136,0.7581712849131277,0.8429144602946115,0.39437493356177866,126311.96219977886
306.3,0.34835400900902,0.28411191091982213,0.4507987462219463,-0.0642420980891979,81287.8038381115,0.799613259028819,0.8145705645489115,0.45125925001979894,117960.03637858355
306.35,0.33094617194571,0.306287107992811,0.4361086330196354,-0.02465906395289902,76076.29591770202,0.8396094894466238,0.7850954708314436,0.5086633175009139,109577.75970134154
306.4,0.312847755656113,0.3277130199943935,0.42083310104485,0.014865264338280504,70840.19957400998,0.8781050376479906,0.7545541728007444,0.5652572819918776,101218.13327840279
306.45,0.294749339366516,0.3483612454933386,0.4050070490094623,0.053611906126822595,65612.2838989412,0.91504823394627,0.7230124016032192,0.6202988945797541,92932.78806614307
306.5,0.27665092307692,0.3682051455945972,0.3886660782880094,0.0915542225176772,60424.528164712436,0.9503907104587418,0.6905364762342141,0.6737397873818218,84771.66666843828
306.55,0.258059531531546,0.3872198789518042,0.3718464884801499,0.12916034742025823,55307.9243980073,0.984087427451824,0.6571931855052957,0.7260278959202779,76782.73476881742
306.6,0.238420567567575,0.4053824365048542,0.35458526860424716,0.16696186893727924,50292.28508445845,1.0160966942529541,0.6230496864296879,0.7776761266853791,69011.71764624577
306.65,0.218781603603605,0.4226716753686956,0.3369200695731104,0.2038900717650906,45406.053312459815,1.0463801851757617,0.588173403757205,0.8275985815721567,61501.85829108196
306.7,0.1991426396396349,0.4390683506319836,0.3188891469480432,0.23992571099234866,40676.11521650028,1.0749029501685818,0.552631917861446,0.8757603105289469,54293.695402528014
306.75,0.179503675675665,0.45455514342649617,0.30053126841094097,0.27505146775083117,36127.617317075616,1.1016334193948496,0.516492833124521,0.9221297437191847,47424.86163004343
306.8,0.159474728506795,0.4691166834938479,0.28188558722797363,0.3096419549870529,31783.793714743813,1.1265434006999624,0.4798236256706826,0.9670686721931674,40929.90431142388
306.85,0.139392601809958,0.4827395647385855,0.2629914898809045,0.3433469629286275,27665.809499911153,1.1496080690663275,0.44269147648883367,1.0102154672563695,34840.13215215352
306.9,0.119310475113121,0.495412352770622,0.2438884304674963,0.376101877657501,23792.626606359514,1.1708059475783887,0.4051631009642595,1.0514954724652676,29183.4912680844
306.95,0.09922834841628443,0.5071255841602721,0.22461576737642938,0.4078972357439877,20180.897181640896,1.1901188800782383,0.3673045894595566,1.090890531661954,23984.473144542826
307.0,0.0795103689592667,0.5178717579054407,0.20521261744102903,0.438361388946174,16844.88734279925,1.2075319964434463,0.3291812739885226,1.1280216274841797,19264.05531461454
307.05,0.0602198666968411,0.5276453203268123,0.18571774084296813,0.46742545362997123,13796.43170552635,1.2230336721416768,0.29085763464660264,1.1628138054448356,15039.673534616282
307.1,0.0409293644343936,0.5364426451633778,0.1661694648912605,0.4955132807289842,11044.916424899142,1.2366154843014423,0.2523972546084166,1.1956861198670488,11325.222068242823
307.15,0.0216388621719461,0.5442620108701626,0.14660564807945775,0.5226231486982165,8597.286419519127,1.248272166801714,0.21386282570200177,1.226633304629768,8131.077016399074
307.2,0.0024212018018004468,0.5511035770300263,0.12706367907974697,0.5486823752282258,6458.071416512372,1.2580015668141444,0.17531619939806448,1.255580365012344,5464.136848245672
307.25,-0.0150482531531573,0.5569693613686009,0.10758049985324555,0.5720176145217581,4629.425579469667,1.2658046048005314,0.1368184718425573,1.2808528579536886,3327.874531081359
307.3,-0.0325177081080936,0.5618632182318442,0.08819263835007449,0.5943809263399378,3111.176583658812,1.2716852392892413,0.09843008696809483,1.3042029473973349,1722.3968036527485
307.35,-0.0499871630630496,0.5657908185907472,0.06893623421171959,0.6157779816537968,1900.8817549172234,1.2756504368640198,0.060210938726959595,1.3256375999270693,644.5079364234103
307.4,-0.0674566180180057,0.5687596308354813,0.049847042483166175,0.636216248853487,993.8910577274293,1.2777101468569017,0.02222045427982601,1.3451667648749073,87.77752682699342
307.45,-0.08351394054053195,0.570778900965975,0.030960404401777827,0.6542928415065069,383.4186562886496,1.2778772794084838,-0.015482356490326837,1.3613912199490157,42.613931109967204
307.5,-0.0986298414414388,0.5718596303827806,0.01231118044639757,0.6704894718242195,60.62606559350475,1.2761676849653658,-0.052838893804154644,1.3747975264068046,496.34643527941904
307.55,-0.113745742342327,0.5720145494080775,-0.006066352796740681,0.6857602917504045,14.720254501809393,1.2726001330230683,-0.08979100518066117,1.3863458753653952,1433.319930907293
307.6,-0.128861643243233,0.571258084893915,-0.0241386341794455,0.7001197281371481,233.0694640196378,1.2671962879849414,-0.12628106219115057,1.3960579312281745,2835.005629888931
307.65,-0.143544592760176,0.569606320807719,-0.04187296496121457,0.7131509135678951,701.3380778572413,1.259980680414357,-0.1622520658311101,1.403525273174533,4680.130287371179
307.7,-0.15595454751131,0.5670769514099567,-0.05923765543391769,0.7230314989212667,1403.639928523023,1.2509806726062687,-0.19764776572824927,1.4069352201175787,6944.824763976694
307.75,-0.168364502262444,0.5636892274444008,-0.07620215539855356,0.7320537297068448,2322.7073949541223,1.2402264181869675,-0.23241277732475052,1.4085909204494116,9602.790944676279
307.8,-0.180774457013564,0.559463896481317,-0.09273715591137496,0.740238353494881,3440.0720346122675,1.227750816196315,-0.26649268353022354,1.4085252732098792,12625.484511135977
307.85,-0.193184411764698,0.5544231390642709,-0.10881465458349011,0.7476075508289689,4736.251620849706,1.2135894606784063,-0.29983411165467394,1.4067738724431043,15982.310135421774
307.9,-0.20345733333333,0.5485905025522834,-0.12440798276549779,0.7520478358856133,6190.938470312158,1.1977805871277658,-0.33238478228526785,1.4012379204610959,19640.825510191095
307.95,-0.21297940540540497,0.5419908344642344,-0.13949179962433442,0.7549702398696393,7783.184864974185,1.1803650171336613,-0.36409353362756386,1.3933444225390663,23566.951329672174
308.0,-0.22250147747748,0.5346502167269582,-0.15404206417324895,0.7571516942044383,9491.583013902138,1.1613861022226213,-0.39491033138523,1.3838875797001013,27725.1857484075
308.05,-0.232023549549544,0.5265959015680751,-0.1680359999805608,0.7586194511176191,11294.43891578681,1.1408896672710838,-0.42478627862018853,1.3729132168206277,32078.823556264615
308.1,-0.24070633031674,0.5178562490296701,-0.18145206814170398,0.7585625793464101,13169.941213160633,1.1189239530908015,-0.4536736416280641,1.3596302834075416,36590.18188587896
308.15,-0.247430764705882,0.5084606653237502,-0.1942699626993469,0.7558914300296322,15096.327362882255,1.095539556995724,-0.4815259070811837,1.342970321701606,41220.83541161898
308.2,-0.25415519909502393,0.49843954063194645,-0.20647063864676157,0.7525947397269703,17052.049849280636,1.0707893694768313,-0.5082978820066876,1.3249445685718553,45931.86432933057
308.25,-0.260879633484165,0.4878241845876658,-0.21803637678297763,0.7487038180718308,19015.944640259437,1.0447285046736015,-0.5339458423154135,1.3056081381577664,50684.11778238515
308.3,-0.267604067873299,0.47664675763346365,-0.2289508828135603,0.7442508255067626,20967.40269644345,1.0174142222205986,-0.5584277283563844,1.2850182900938976,55438.49383062611
308.35,-0.271798601809953,0.4649401967441386,-0.2391994117145545,0.7367387985540916,22886.54342583558,0.9889058383080435,-0.581703378877879,1.2607044401179965,60156.234844078455
308.4,-0.275648149321266,0.45273813457896234,-0.24876890364642015,0.7283862839002284,24754.38696857675,0.9592646243731996,-0.6037347890875381,1.2349127736944656,64799.23476525762
308.45,-0.279497696832579,0.4400748118829637,-0.2576481154567666,0.7195725087155427,26553.020559369328,0.9285536926520002,-0.624486375200262,1.2080513894845792,69330.35249969109
308.5,-0.283347244343892,0.426984983757839,-0.2658277318684181,0.710332228101731,28265.75321212304,0.8968378687286456,-0.6439252269381138,1.1801851130725376,73713.72406885358
308.55,-0.285807882882882,0.4135038211683009,-0.2733004431269067,0.6993117040511829,29877.252885345428,0.8641835521182684,-0.662021331350926,1.1499914350011504,77915.06545131601
308.6,-0.286638063063062,0.39966680957861334,-0.28006098143148905,0.6863048726416754,31373.661328147544,0.830658566629159,-0.6787477564544415,1.117296629692221,81901.95855856674
308.65,-0.287468243243243,0.385509646835104,-0.28610611505500433,0.672977890078347,32742.68362874695,0.7963320026653012,-0.6940807897599123,1.0838002459085443,85644.11426022107
308.7,-0.28829842342342293,0.3710681422998997,-0.29143460556648965,0.6593665657233226,33973.65172867816,0.7612740537024676,-0.708000033680842,1.0495724771258905,89113.60847859082
308.75,-0.289065067873304,0.3563781188312259,-0.2960471388290661,0.6454431867045298,35057.56336355053,0.7255558489153993,-0.7204884657949407,1.0146209167887033,92285.08966107511
308.8,-0.286718461538465,0.341475318567573,-0.29994624456282803,0.628193780106038,35987.099850937535,0.6892492834073456,-0.7315324769977728,0.9759677449458106,95135.95820488836
308.85,-0.284371855203623,0.32639531268499516,-0.3031362202500051,0.6107671678886182,36756.62721098384,0.6524268467674585,-0.7411219025827593,0.9367987019710815,97646.51990895804
308.9,-0.282025248868781,0.31117341455113556,-0.3056230735329571,0.5931986634199166,37362.18523029252,0.6151614499500924,-0.7492500605408221,0.8971866988188734,99800.11612807566
308.95,-0.27967864253393576,0.29584459507739824,-0.3074144928499642,0.575523237611334,37801.46816568027,0.5775262498232558,-0.7559138076152991,0.8572048923571916,101583.23280772613
309.0,-0.275435135135138,0.2804433987484435,-0.30851984985917463,0.5558785338835814,38073.799102851066,0.5395944703631531,-0.7611136177321751,0.8150296054982911,102985.58917286393
309.05,-0.269927027027034,0.26500385877485383,-0.30895023106849806,0.5349308858018879,38180.098110911335,0.5014392193854764,-0.7648536812136918,0.7713662464125104,104000.2050962019
309.1,-0.264418918918924,0.24955941010932123,-0.3087184897754045,0.5139783290282453,38122.842371682615,0.46313329995831953,-0.7671420164517819,0.7275522188772435,104623.44416101441
309.15,-0.258910810810815,0.23414279963298573,-0.30783930482358135,0.49305361044380075,37906.01503770634,0.42474901619489175,-0.7679905804669598,0.6836598270057068,104855.02785528495
309.2,-0.25291632579185513,0.21878599357480263,-0.306329229665648,0.47170231936665774,37535.03877901973,0.38635797390330545,-0.7674153610039842,0.6392742996951606,104698.01534308898
309.25,-0.244368361990952,0.2035200830471462,-0.3042067166240317,0.4478884450380982,37016.69057566957,0.3480308774511601,-0.765436433517754,0.5923992394421121,104158.74377891184
309.3,-0.235820398190055,0.18837518924387855,-0.30149210427351864,0.42419558743393354,36358.9955757097,0.30983732495499333,-0.76207796898421,0.5456577231450483,103246.72547752861
309.35,-0.227272434389148,0.17338037035566534,-0.29820756100308654,0.40065280474481335,35571.09977576383,0.27184560451805545,-0.7573681834484227,0.4991180389072034,101974.50049777133
309.4,-0.218724470588241,0.15856353242189622,-0.2943769842159851,0.3772880030101372,34663.12353443934,0.2341224945070721,-0.7513392268719968,0.4528469650953131,100357.44601539732
309.45,-0.20841366666667022,0.14395134622409145,-0.29002586123377627,0.35236501289076166,33646.00007375746,0.19673307082574482,-0.7440270160350467,0.40514673749241503,98413.54677155834
309.5,-0.197483486486487,0.12956917184271674,-0.2851811040590902,0.3270526583292037,32531.304844944654,0.15974052370360425,-0.7354710232450304,0.35722401019009126,96163.13351699416
309.55,-0.186553306306316,0.11544099181626291,-0.2798708732800903,0.30199429812257894,31331.08228422415,0.12320598582995271,-0.725714036781068,0.30975929213626874,93628.5978988575
309.6,-0.175623126126132,0.10158935303097766,-0.2741244074866129,0.27721247915710967,30057.676311954634,0.087188372793221,-0.7148019111418293,0.262811498919353,90834.09283057984
309.65,-0.16419899095023,0.08803531670550199,-0.2679718719476842,0.25223430765573196,28723.569662058417,0.05174423591409114,-0.7027833234187305,0.21594322686432113,87805.2266089735
309.7,-0.151622294117648,0.07479841523627315,-0.2614442369644663,0.22642070935392114,27341.235616772796,0.016927626818217585,-0.6897095493472182,0.16854992093586557,84568.75777079872
309.75,-0.139045597285066,0.061896614277711925,-0.25457318995705996,0.20094221156277792,25923.003617965336,-0.01721002746132516,-0.6756342664410157,0.12183556982374083,81152.29546476256
309.8,-0.126468900452499,0.049346278424381475,-0.2473910785492641,0.17581517887688047,24480.93829830726,-0.05062004023158265,-0.6606133845811,0.07584886022091636,77584.00780225711
309.85,-0.113892203619917,0.03716213913586434,-0.2399308755596897,0.15105434275578133,23026.73001873572,-0.08325657298563888,-0.644704897496295,0.030635630634278127,73892.3386410148
309.9,-0.100769953153157,0.025357264145213283,-0.23222615253714435,0.1261272172983703,21571.59436888201,-0.11507673610066546,-0.6279687434341633,-0.014306782947508465,70105.73204093902
309.95,-0.0875733090090083,0.013943028284427391,-0.22431104681715844,0.10151633729343569,20126.178289683776,-0.14604068250897917,-0.6104666607253133,-0.05846737349997087,66252.36335237596
310.0,-0.07437666486486,0.0029290864409978207,-0.2162202071016113,0.07730575130585782,18700.471183625472,-0.17611169369553759,-0.5922620230624177,-0.10173502883067759,62359.876259908946
310.05,-0.0611800207207267,-0.007676649980633157,-0.207988706127694,0.053503370740093543,17303.7207506689,-0.2052562566881182,-0.5734196421917206,-0.1440762359673915,58455.1264091166
310.1,-0.0481337806334865,-0.017868031261546215,-0.1996519140891926,0.030265749371940286,15944.35471979134,-0.23344413019482294,-0.5540055304345012,-0.18531034956133643,54563.93382258009
310.15,-0.0352789638914023,-0.02764068026334066,-0.19124533371600677,0.0076382836280616435,14629.91106725872,-0.26064839783953897,-0.5340866227055642,-0.22536943394813666,50710.84809831745
310.2,-0.022424147149318112,-0.03699199425684757,-0.1828044040644963,-0.01456784710752946,13366.980058150251,-0.286845506604856,-0.5137304642236257,-0.2644213594555379,46918.931532697236
310.25,-0.009569330407234,-0.04592113640501236,-0.17436428541019905,-0.03635180599777836,12161.161610643741,-0.3120152890435565,-0.49300487609413696,-0.3024459586363225,43209.56584046139
310.3,0.0032561639189134,-0.054429016344391776,-0.16595964085655754,-0.05768518026330518,11017.040957295025,-0.33614096855335057,-0.4719776149843514,-0.339397132472264,39602.2878304563
310.35,0.0146448598648601,-0.06251826010971961,-0.15762443127329315,-0.07716311997457971,9938.184533691647,-0.3592091478602601,-0.45071604491501255,-0.3738540077251202,36114.658336681176
310.4,0.0260335558108068,-0.07019317045696075,-0.14939173821256652,-0.09622672626776754,8927.156578468803,-0.3812097817553603,-0.4292868379026911,-0.4072433375661671,32762.166968265137
310.45,0.03742225175675335,-0.07745967924158269,-0.1412936243562888,-0.11488193099833605,7985.55531349442,-0.40213613584580993,-0.40775571545882355,-0.43955838760256327,29558.173064771036
310.5,0.0488109477027001,-0.08432529384804034,-0.13336103510603414,-0.13313624155074044,7114.066273821149,-0.4219847335447251,-0.38618723701629737,-0.4707956812474252,26513.881250538994
310.55,0.0588426619909392,-0.09079903967804226,-0.12562373837740373,-0.14964170166898147,6312.529457565752,-0.440755293651107,-0.364644634430113,-0.4995979556420462,23638.34834109703
310.6,0.0678917343891312,-0.09689140040963702,-0.11811029370705871,-0.16478313479876822,5580.016591827069,-0.4584506606635253,-0.34318968505094816,-0.5263423950526565,20938.5173200656
310.65,0.0769408067873231,-0.10261425716530621,-0.1108480369948883,-0.17955506395262932,4914.914922248049,-0.4750767294445899,-0.3218826101650975,-0.552017536231913,18419.273729190423
310.7,0.08598987918551451,-0.10798082698126941,-0.10386306526197382,-0.1939707061667839,4315.014530245214,-0.49064236510588743,-0.30078198265795403,-0.5766322442914019,16083.520194071069
310.75,0.0945286819819799,-0.11300560020417057,-0.09718020682134319,-0.20753428218615047,3777.5970391356154,-0.5051593181677131,-0.27994462787880814,-0.599688000149693,13932.265720569665
310.8,0.100388569369362,-0.11770427578755023,-0.09082296566489605,-0.21809284515691224,3299.524436866755,-0.5186421343056538,-0.25942550443928425,-0.6190307036750158,11964.727529524816
310.85,0.106248456756752,-0.12209369302935674,-0.08481343432544186,-0.22834214978610873,2877.327456830416,-0.5311080574521736,-0.2392775568283705,-0.6373565142089256,10178.444302534059
310.9,0.112108344144141,-0.1261917581627562,-0.07917217574540567,-0.23830010230689722,2507.2933649045603,-0.5425769247742178,-0.21955153809030833,-0.6546852689183589,8569.400511612464
310.95,0.11796823153152684,-0.13001736440211706,-0.07391808139171539,-0.2479855959336439,2185.5531026529047,-0.5530710521333143,-0.20029580798166755,-0.6710392836648411,7132.161901338495
311.0,0.121086303167421,-0.1335903045587183,-0.0690682182817504,-0.2546766077261393,1908.1675106462083,-0.5626151090744402,-0.18155611821918496,-0.6837014122418612,5860.022055612208
311.05,0.12313811312217,-0.13693117605224905,-0.06463768049133672,-0.26006928917441907,1671.2118957200528,-0.5712359830715255,-0.1633754002580441,-0.6943740961936955,4745.159361684642
311.1,0.125189923076922,-0.14006127894578238,-0.06063946102367478,-0.26525120202270436,1470.8576932967094,-0.578962633575906,-0.14579357226930362,-0.704152556652828,3778.8027937857173
311.15,0.127241733031673,-0.14300250837495565,-0.05708435766812991,-0.2702442414066286,1303.4495561531926,-0.5858259372164167,-0.1288473804904541,-0.7130676702480897,2951.403992755885
311.2,0.12803840540540268,-0.14577724332942532,-0.05398092231870298,-0.273815648734828,1165.5759897511382,-0.5918585261776635,-0.11257028644083224,-0.7198969315830662,2252.8123358881808
311.25,0.125906423423423,-0.14840823405880496,-0.05133545636465076,-0.27431465748222794,1054.131632066785,-0.5970946222026465,-0.09699240474527233,-0.7230010456260696,1672.4491694703515
311.3,0.123774441441443,-0.15091849032703403,-0.049152048190368634,-0.27469293176847703,966.3695365233283,-0.6015698687183408,-0.08214048944034476,-0.7253443101597838,1199.4773343110023
311.35,0.12164245945946,-0.15333117239814117,-0.047432642682044175,-0.27497363185760115,899.9422367209916,-0.6053211633196955,-0.06803795989001529,-0.7269636227791556,822.9624863991698
311.4,0.119510477477478,-0.1556694860076602,-0.046177128896226396,-0.2751799634851382,852.9308932394828,-0.6083864922597583,-0.05470495285284073,-0.7278969697372363,532.0234429567159
311.45,0.11372494705882227,-0.15795658184520683,-0.04538342991809905,-0.2716815289040291,823.8622844524032,-0.6108047678621354,-0.042158384232401425,-0.7245297149209577,315.9696641932077
311.5,0.107344652941174,-0.16021545925429306,-0.04504757968562737,-0.26756011219546705,811.7137742131791,-0.6126156689063289,-0.030412003960629437,-0.7199603218475029,164.42488620468276
311.55,0.100964358823533,-0.16246887320268907,-0.045163775301496734,-0.26343323202622204,815.9066397936344,-0.6138594833020081,-0.019476430643899367,-0.7148238421255411,67.43668455584397
311.6,0.0945840647058848,-0.1647392431124564,-0.04572439889466972,-0.25932330781834123,836.2882617115495,-0.6145769518017332,-0.009359157892777076,-0.709161016507618,15.572237593232257
311.65,0.0865352693693719,-0.16704856203734436,-0.04672001032267396,-0.25358383140671625,873.1037458203048,-0.6148091112956677,-6.453165189580952e-05,-0.7013443806650397,0.0007403260615825664
311.7,0.07636292702702886,-0.16941830487532067,-0.04813931739183132,-0.24578123190234952,926.9575515805893,-0.6145971363447409,0.008406296255641606,-0.6909600633717697,12.562811864464726
311.75,0.0661905846846859,-0.17186933477533037,-0.049969135886053055,-0.23805991946001626,998.765816479534,-0.6139821780253336,0.016055426767554556,-0.6801727627100195,45.82697398903241
311.8,0.0560182423423545,-0.1744218076054932,-0.05219435436969147,-0.2304400499478477,1089.7002512275724,-0.6130051998552692,0.022888269199181244,-0.6690234421976238,93.13295412163357
311.85,0.0458459000000116,-0.17709507511369904,-0.05479791993850846,-0.22294097511371064,1201.1248118348733,-0.6117068113693285,0.028913576530060273,-0.65755271136934,148.6213169350493
311.9,0.0325524610859852,-0.17990758818809188,-0.05776085774753114,-0.21246004927407708,1334.5266750922112,-0.6101271007656345,0.03414344564671128,-0.6426795618516197,207.24886766754273
311.95,0.019259022171955114,-0.18287680210483606,-0.061062332206926924,-0.20213582427679117,1491.443365819642,-0.6083054686294567,0.038593272382320555,-0.6275644908014117,264.78945300906423
312.0,0.0059655832579252,-0.18601908594356756,-0.06467975189837237,-0.19198466920149276,1673.3881222540017,-0.6062804651503598,0.0422816569770456,-0.612246048408285,317.8201807510309
312.05,-0.0073278556560894,-0.18934963824855056,-0.06858891352455743,-0.18202178259246116,1881.7756233916866,-0.6040896332547306,0.04523026269168638,-0.5967617775986412,363.6936290060368
312.1,-0.0218118036198931,-0.19288241066732761,-0.07276417470225983,-0.17107060704743451,2117.850048040396,-0.6017693598118862,0.047463636466256134,-0.5799575561919931,400.49720650683
312.15,-0.0371578443438822,-0.19663004063215575,-0.07717864023738989,-0.15947219628827355,2382.617003556983,-0.5993547364484128,0.04900900659318682,-0.5621968921045305,427.0013737335163
312.2,-0.05250388506787126,-0.20060379335256082,-0.08180434568942234,-0.14809990828468955,2676.7803894698045,-0.5968794307038804,0.04989607416374361,-0.5443755456360091,442.59879412512043
312.25,-0.0678499257918603,-0.20481351259285183,-0.08661242283276292,-0.13696358680099152,3000.684715584525,-0.5943755674163862,0.05015681509378835,-0.5265256416245259,447.2366400626622
312.3,-0.0833173711711647,-0.2092675790296672,-0.09157323633027471,-0.1259502078585025,3354.263044800138,-0.5918736194604207,0.049825305432553875,-0.508556248289256,441.34418870173914
312.35,-0.0994221909909856,-0.2139728745932892,-0.09665648553660787,-0.1145506836023036,3736.9904785153944,-0.5894023064600751,0.04893757828567222,-0.4899801154690895,425.7576121717861
312.4,-0.115527010810806,-0.2189347510156715,-0.10183127205870506,-0.1034077402048655,4147.843187637602,-0.5869884998083708,0.047531513870115186,-0.47146148899756474,401.64352191732485
312.45,-0.13163183063062697,-0.22415700105495687,-0.1070661406441582,-0.0925251704243299,4585.263388973866,-0.5846571324746739,0.045646756755348,-0.4530253018440469,370.4224715167838
312.5,-0.147736650450448,-0.22964183134316832,-0.11232910588823743,-0.08190518089272031,5047.131211860342,-0.5824311124959333,0.04332464866682219,-0.43469446204548523,333.6933657073027
312.55,-0.163444594594578,-0.23538983654141957,-0.1175876801570089,-0.07194524194684157,5530.74500988281,-0.580331239764693,0.04060816139652344,-0.41688664517011503,293.159603912195
312.6,-0.178998198198187,-0.2413999752304707,-0.12280891752488822,-0.062401777032283695,6032.812089453919,-0.5783761264952176,0.03754181410552852,-0.39937792829703067,250.55783223716628
312.65,-0.194551801801795,-0.24766954867951702,-0.1279594867048778,-0.05311774687772203,6549.4520951103195,-0.5765821225282814,0.034171560429093924,-0.38203032072648646,207.59031860608317
312.7,-0.21010540540540343,-0.25419418416118456,-0.13300578070084015,-0.04408877875578113,7076.215079935993,-0.5749632472519942,0.030544635656709413,-0.36485784184659076,165.86218087131095
312.75,-0.225169013574663,-0.26096782471702246,-0.1379140649947821,-0.035798811142359444,7608.115729353991,-0.5735311302539964,0.026709360168940564,-0.34836211667933337,126.82487477941133
312.8,-0.238972633484153,-0.26798272719961264,-0.14265065879965147,-0.029010093715459623,8139.684182389832,-0.5722949628348317,0.0227149029620973,-0.33332232935067874,91.72743405822163
312.85,-0.252776253393658,-0.27522946997728553,-0.14718213832282778,-0.022453216583627533,8665.032736512005,-0.5712614621373979,0.01861101538757111,-0.3184852087437399,61.576870001139305
312.9,-0.266579873303163,-0.2826969710544832,-0.15147554734498297,-0.016117097751320197,9177.936577384871,-0.5704348490393053,0.014447749752960471,-0.3038549757361423,37.108884075407886
312.95,-0.280383493212665,-0.2903725165593292,-0.15549859883436762,-0.009989023346664239,9671.925695780637,-0.5698168401321787,0.010275179960151653,-0.2894333469195137,18.769657460178156
313.0,-0.291614653153155,-0.29824179877302676,-0.1592198526820096,-0.006627145619871766,10140.384595232337,-0.5694066532691135,0.0061431408030072025,-0.27779200011595856,6.709009586768351
313.05,-0.302427040540534,-0.3062889621973841,-0.16260885812863707,-0.0038619216568501202,10576.656296759687,-0.5692010253821559,0.002100999636181015,-0.2667739848416219,0.7847465726636014
313.1,-0.313239427927925,-0.31449665574314306,-0.1656362559707286,-0.0012572278152180871,10974.14771680029,-0.5691942407370664,-0.0018025321817882844,-0.2559548128091414,0.5776217362457658
313.15,-0.324051815315316,-0.322846089041837,-0.1682738419945997,0.0012057262734790353,11326.434359849402,-0.569378167591414,-0.0055195472220343255,-0.245326352276098,5.416071384225216
313.2,-0.3332813393665155,-0.3313170911044993,-0.1704945991824605,0.0019642482620161883,11627.363340155143,-0.5697423013398287,-0.009003055076257913,-0.23646096197331323,14.4097779033126
313.25,-0.34032500452489,-0.33988817006484856,-0.1722727111791925,0.00043683446004144644,11871.154806811788,-0.5702738126756285,-0.012207072132637059,-0.22994880815073848,26.491130675805202
313.3,-0.347368669683255,-0.34853657344244415,-0.1735835722725841,-0.0011679037591891261,12052.502625164572,-0.5709575999706658,-0.015086703247935552,-0.22358893028741073,40.463753758447844
313.35,-0.354412334841627,-0.3572383491458957,-0.1744038093770088,-0.002826014304268709,12166.67549008481,-0.5717763458805004,-0.017598231655583402,-0.21736401103887343,55.057379093969374
313.4,-0.361456,-0.36596840813935605,-0.17471132811163081,-0.00451240813935605,12209.619268211967,-0.5727105789460919,-0.019699230742240767,-0.2112545789460919,68.9883896597411
313.45,-0.364136995475114,-0.37470059017789253,-0.1744853902793172,-0.010563594702778512,12178.060568370256,-0.5737387415331884,-0.021348706904373838,-0.20960174605807436,81.0252953757972
313.5,-0.366817990950227,-0.3834077342373562,-0.17370672361148223,-0.0165897432871292,12069.610331134352,-0.5748372657674466,-0.0225072762532242,-0.20801927481721966,90.05821943803556
313.55,-0.369498986425338,-0.3920617551346676,-0.17235765842868264,-0.022562768709329606,11882.864967607375,-0.5759806590803586,-0.02313737132799245,-0.20648167265502054,95.17119146122792
313.6,-0.372179981900452,-0.4006337274343322,-0.1704222799772919,-0.028453745533880193,11617.501405063387,-0.577141600640471,-0.023203467405068314,-0.20496161874001906,95.71571548765648
313.65,-0.372171472972973,-0.40909397703993,-0.1678865808809333,-0.03692250406695702,11274.361615956064,-0.5782910492666281,-0.02267231276568435,-0.20611957629365513,91.38378064800241
313.7,-0.370215391891892,-0.41741218007323005,-0.16473859758098905,-0.047196788181338045,10855.52221318042,-0.5793983625966981,-0.021513145797176888,-0.20918297070480607,82.27830081610482
313.75,-0.368259310810811,-0.4255574678645729,-0.16096851627977596,-0.0572981570537619,10364.345293325,-0.5804314264356535,-0.019697882650786324,-0.2121721156248425,68.97894771984869
313.8,-0.366303229729732,-0.4334985362516902,-0.1565687380921059,-0.06719530652195821,9805.50789910178,-0.5813567924765147,-0.017201262850896307,-0.21505356274678272,52.60150109611117
313.85,-0.363682493212677,-0.4412037569948036,-0.15153389809093765,-0.07752126378212659,9185.00890825387,-0.5821398220770788,-0.014000945061264246,-0.21845732886440183,34.84914890818484
313.9,-0.356978873303173,-0.44864128901799866,-0.1458608405354515,-0.09166241571482564,8510.153920683366,-0.5827448335569895,-0.010077553022821177,-0.22576596025381646,18.05459109827062
313.95,-0.350275253393669,-0.4557791874912767,-0.1395485588582374,-0.10550393409760772,7789.520111764378,-0.5831352506841299,-0.005414678565702479,-0.23285999729046086,5.212221150200508
314.0,-0.343571633484166,-0.46258550929574993,-0.1325981137503202,-0.11901387581158396,7032.903908057144,-0.5832737504834695,1.1458183350300868e-06,-0.23970211699930355,2.3340438344731027e-07
314.05,-0.33686801357467,-0.46902841417863084,-0.12501254500341993,-0.13216040060396084,6251.254563292838,-0.5831224092469518,0.006180489076334978,-0.2462543956722818,6.7908347062570655
314.1,-0.326869594594606,-0.47507626165893574,-0.11679679224994838,-0.14820666706432972,5456.596271951041,-0.5826428464050132,0.01313106224841619,-0.25577325181040717,30.65329702609437
314.15,-0.315589864864873,-0.48069770447722476,-0.10795763764197062,-0.16510783961235176,4661.940610094013,-0.5817963667201437,0.02085774295755858,-0.26620650185527067,77.34141178374837
314.2,-0.30431013513513994,-0.48586177990139856,-0.09850367825250742,-0.18155164476625862,3881.189851709401,-0.5805441018762323,0.029362573903923425,-0.27623396674109235,153.27302155793154
314.25,-0.293030405405406,-0.49053800044018947,-0.0884453295574201,-0.1975075950347835,3129.03052820826,-0.5788471528808925,0.03864473196433692,-0.2858167474754865,265.4960548614122
314.3,-0.280540619909517,-0.494696445393436,-0.07779485381228529,-0.21415582548391898,2420.8157118699355,-0.5766667346689461,0.04870047244465041,-0.2961261147594291,421.64195845904953
314.35,-0.26493926244345,-0.4983078542275265,-0.06656640289752393,-0.23336859178407648,1772.434397886193,-0.5739643239194343,0.05952305798886328,-0.3090250614759843,629.8656768614366
314.4,-0.249337904977384,-0.5013437221710437,-0.0547760614838702,-0.2520058171936597,1200.1667646738915,-0.5707018105304373,0.0711026862225258,-0.32136390555305333,898.7719089882596
314.45,-0.23373654751131692,-0.5037763976456162,-0.04244187507063506,-0.2700398501342993,720.5251038045574,-0.5668416523963768,0.08342643242341388,-0.33310510488505995,1237.3279336708342
314.5,-0.21813519004525,-0.505579180425189,-0.02958384871520713,-0.287443990379939,350.081641921705,-0.5623470323486287,0.09647822300467027,-0.3442118423033787,1654.76400251358
314.55,-0.199448297297315,-0.5067264187764634,-0.016223906820469248,-0.3072781214791484,105.28606100770742,-0.5571820153851528,0.11023885157129219,-0.35773371808783777,2160.463003690203
314.6,-0.18025910810812,-0.5071936035447532,-0.0023858109603834884,-0.3269344954366332,2.276837575474393,-0.5513117039155411,0.1246860428074346,-0.3710525958074211,2763.8416481737627
314.65,-0.161069918918925,-0.5069574571293389,0.011904961109663537,-0.34588753821041396,56.69123960904051,-0.5447023886205647,0.1397945630368214,-0.3836324697016398,3474.2257519388145
314.7,-0.14188072972972762,-0.5059960156270868,0.026621365934362394,-0.3641152858973592,283.4788496844922,-0.5373216927745665,0.15553636951111138,-0.3954409630448389,4300.722176123908
314.75,-0.121484574208138,-0.5042887029813703,0.04173496119468467,-0.3828041287732323,696.7227943687342,-0.5291387083884284,0.17188078584157496,-0.40765413418029034,5252.089696269752
314.8,-0.0994216556561226,-0.5018163967253343,0.05721607212334502,-0.4023947410692117,1309.4715636895278,-0.5201241232783628,0.18879468641679034,-0.4207024676222402,6336.610421193636
314.85,-0.0773587371040817,-0.49856148575926523,0.07303394152365505,-0.42120274865518353,2133.5826457922662,-0.5102503390587035,0.20624267254970807,-0.43289160195462184,7561.96266319042
314.9,-0.0552958185520409,-0.49450792130480936,0.08915685082894005,-0.43921210275276845,3179.577619893547,-0.4994915808413931,0.22418722585804812,-0.4441957622893522,8935.095508964885
314.95,-0.033232899999998185,-0.4896412626882315,0.10555220562628886,-0.4564083626882333,4456.507245029747,-0.48782400004093013,0.24258883003410955,-0.45459110004093195,10462.104970189883
315.0,-0.0095871792792778,-0.48394871975848164,0.12218658473631387,-0.4743615404792038,5971.824595809764,-0.4752257719499641,0.2614060579100678,-0.4656385926706863,12148.111486592306
315.05,0.0140585414414175,-0.4774191936728401,0.1390257581765868,-0.4914777351142576,7731.264574629916,-0.46167718977841826,0.2805956273594204,-0.47573573121983576,13997.138861018082
315.1,0.0377042621621396,-0.4700433173233022,0.15603468560435965,-0.5077475794854418,9738.729244660544,-0.44716075646131204,0.3001124365840735,-0.48486501862345166,16011.995483098584
315.15,0.0613499828828618,-0.461813496024751,0.17317751022872216,-0.5231634789076128,11996.180019607667,-0.43166127491875295,0.3199095936211219,-0.49301125780161476,18194.159660592246
315.2,0.08538261221718017,-0.4527239482750093,0.19041756447427896,-0.5381065604921894,14503.539544126474,-0.41516593662498225,0.3399384571224685,-0.5005485488421624,20543.671934365222
315.25,0.109719241176467,-0.44277074565015095,0.20771740076620637,-0.552489986826618,17258.607432427518,-0.39766440753815047,0.36014870330417265,-0.5073836487146175,23059.037954075906
315.3,0.134055870135727,-0.4319518503230012,0.2250388570423289,-0.5660077204587282,20256.994871567098,-0.3791489097777569,0.3804884306627513,-0.5132047799134839,25737.14593212503
315.35,0.158392499095014,-0.4202671483459195,0.24234316057709812,-0.5786596474409335,23492.082991398867,-0.3596142969858287,0.40090430814826966,-0.5180067960808427,28573.202540772047
315.4,0.182612756756759,-0.4077184768286164,0.2595910676055643,-0.5903312335853754,26955.00895223866,-0.33905812119798734,0.4213417661008783,-0.5216708779547463,31560.690464179064
315.45,0.20611816216216497,-0.3943096434170886,0.2767430293333194,-0.6004278055792536,30634.681713832993,-0.3174806892489031,0.4417452217448386,-0.5235988514110681,34691.34949944829
315.5,0.229623567567572,-0.3800464371073198,0.2937593702809528,-0.6096700046748917,34517.82705114477,-0.29488510732545226,0.4620583255022771,-0.5245086748930242,37955.18154061658
315.55,0.253128972972952,-0.3649366301522437,0.3106004634374318,-0.6180656031251957,38589.05915501897,-0.27127731301374586,0.4822242119691056,-0.5244062859866978,41340.478330528866
315.6,0.276634378378359,-0.3489899716153526,0.3272268871324188,-0.6256243499937116,42830.97426494911,-0.24666609503557763,0.5021857389397528,-0.5233004734139366,44833.86958123833
315.65,0.298912266968312,-0.3322181737909924,0.34359955179752844,-0.6311304407593044,47224.26079818497,-0.22106310163017545,0.5218857004741594,-0.5199753685984875,48420.388330560716
315.7,0.320664076923067,-0.31463489320126153,0.35967978958578767,-0.6352989701243286,51747.8204145906,-0.1944828391458877,0.5412670044565263,-0.5151469160689547,52083.55024237178
315.75,0.342415886877823,-0.29625570805322105,0.3754294069649192,-0.638671594931044,56378.89584561237,-0.1669426627066003,0.5602728122932918,-0.5093585495844233,55805.44430133943
315.8,0.364167696832554,-0.2770980938699662,0.39081070662873485,-0.6412657907025202,61093.203366260415,-0.1384627607615337,0.5788466450571051,-0.5026304575940876,59566.833510020675
315.85,0.385077612612596,-0.25718139855732386,0.40578649055107624,-0.6422590111699198,65865.07036550347,-0.10906613496033092,0.5969324665752592,-0.4941437475729269,63347.265715844085
315.9,0.403822657657647,-0.2365268174807738,0.4203200589122695,-0.6403494751384209,70667.58076960547,-0.07877857615274309,0.6144747577479546,-0.4826012338103901,67125.19607278355
315.95,0.422567702702698,-0.21515736837738175,0.4343752203919667,-0.6377250710800797,75472.73283622785,-0.047628636562715515,0.6314185980096882,-0.4701963392654135,70878.12371778137
316.0,0.441312747747748,-0.19309786517141506,0.4479163275345993,-0.634410612919163,80251.61458883298,-0.0156475973903644,0.6477097687924283,-0.4569603451381124,74582.74570473615
316.05,0.460057792792778,-0.17037488919749078,0.4609083461503435,-0.6304326819902688,84974.60142041794,0.017130569539383585,0.6632948895403551,-0.4429272232533944,78215.13075384033
316.1,0.475694058823521,-0.1470167560296326,0.4733169614508225,-0.6227108148531536,89611.57839881578,0.050669247850996524,0.6781215906370038,-0.4250248109725245,81750.91407787737
316.15,0.490738176470583,-0.1230534761618475,0.48510871666134897,-0.6137916526324305,94132.18679232839,0.08492923221423959,0.692138720326889,-0.4058089442563434,85165.51256457661
316.2,0.505782294117645,-0.09851670813585012,0.49625117461095447,-0.6042990022534951,98506.0913211008,0.1198687949627208,0.7052965768348345,-0.3859134991549242,88434.35756354411
316.25,0.520826411764707,-0.07343970330250932,0.5067130880847267,-0.5942661150672164,102703.261454544,0.15544376465974014,0.7175471513266242,-0.3653826471049669,91533.14033368058
316.3,0.534060472972964,-0.04785724219437244,0.5164645623551097,-0.5819177151673365,106694.257667462,0.19160761671495277,0.7288443640546406,-0.34245285625801125,94438.06346919351
316.35,0.544794932432427,-0.02180556329900539,0.525477194220294,-0.5666004957314325,110450.51265825305,0.22831157526777646,0.739144276111149,-0.3164833571646506,97126.09082806656
316.4,0.55552939189189,0.00467771427227056,0.5337241757405454,-0.5508516776196194,113944.59830796986,0.26550472473730774,0.7484052624849954,-0.29002466715458225,99575.18878493065
316.45,0.566263851351353,0.03155367227905796,0.5411803564687773,-0.5347101790722951,117150.47129106913,0.30313412885999363,0.7565881375004925,-0.2631297224913594,101764.5528544825
316.5,0.576998310810816,0.058782176902922256,0.5478222640205505,-0.5182161339078937,120043.69318264068,0.3411449547369983,0.7636562299267526,-0.2358533560738177,103674.8155566118
316.55,0.583470588235291,0.08632196240674693,0.5536280893901032,-0.497148625828544,122601.62454469445,0.37948059945629226,0.7695754121405668,-0.2039899887789987,105288.2337726797
316.6,0.58985588235294,0.11413071341481477,0.5585776487185029,-0.47572516893812516,124803.5958591565,0.4180828172334773,0.7743140938513424,-0.17177306511946266,106588.85616654676
316.65,0.596241176470588,0.14216514501176808,0.5626523370759063,-0.45407603145882,126631.06096679173,0.45689184566554264,0.7778431957408134,-0.1393493308050454,107562.6732729389
316.7,0.602626470588236,0.17038108066765292,0.5658350900370468,-0.43224538992058315,128067.73964689313,0.4958465305157438,0.7801361195877868,-0.10677994007249225,108197.75379297594
316.75,0.606604558558559,0.1987335287117819,0.568110365874284,-0.4078710298467771,129099.75512552512,0.5348844492241909,0.7811687293036808,-0.07172010933436812,108484.37042523151
316.8,0.608691270270269,0.22717675862681447,0.5694641571858128,-0.38151451164345457,129715.77052773924,0.5739420339818642,0.780919353820121,-0.03474923628840487,108415.11771925961
316.85,0.610777981981981,0.255664378740111,0.5698840351532563,-0.35511360324186997,129907.12540902312,0.612954695623367,0.7793688173153244,0.002176713641386052,107985.02282728665
316.9,0.6128646936936915,0.28414941688174816,0.5693592227305182,-0.3287152768119433,129667.96980331994,0.6518569496970147,0.7765004951654136,0.038992256003323233,107191.64782082358
316.95,0.614459995475114,0.31258440522231623,0.5678806865204238,-0.30187559025279775,128995.38964916313,0.6905825458061803,0.772300386907946,0.0761225503310663,106035.18002100679
317.0,0.61245162443439,0.3409214698840951,0.5654412334434632,-0.27153015455029494,127889.51539122601,0.7290646007540207,0.766757193078785,0.11661297631963063,104518.50544676572
317.05,0.610443253393668,0.3691124251840055,0.5620355967191253,-0.2413308282096625,126353.60479176929,0.7672357353056857,0.7598623803763005,0.15679248191201767,102647.25993086891
317.1,0.608434882352943,0.39710887159858876,0.5576604967247734,-0.2113260107543542,124394.09184292838,0.805028213591431,0.75161021991071,0.196593331238488,100429.85291986237
317.15,0.6064265113122159,0.4248622959066578,0.5523146657564245,-0.18156421540555812,122020.59600385238,0.8423740834854384,0.7419977862574956,0.2359475721732225,97877.46041084873
317.2,0.601606184684688,0.45232417153115007,0.5459988308631236,-0.1492820131535379,119245.88932155915,0.8792053157897654,0.731024909999436,0.2775991311050774,95003.98560705486
317.25,0.595580734234236,0.4794460569875683,0.5387156561298191,-0.11613467724666765,116085.82326375258,0.9154539398677508,0.718694083845816,0.31987320563351485,91825.98864977364
317.3,0.58955528378379,0.5061796905898757,0.53046965249383,-0.0833755931939143,112559.22088676992,0.9510521735632045,0.7050103296937557,0.3614968897794145,88362.58932887076
317.35,0.583529833333338,0.5324770800952847,0.5212670678329351,-0.05105275323805325,108687.7424028583,0.9859325457561153,0.6899810394735422,0.40240271242277736,84635.34841475374
317.4,0.5763998823529425,0.5582905866756166,0.5111157725192724,-0.018109295677325887,104495.73316718906,1.0200280106402424,0.6736158060090411,0.4436281282872999,80668.13406314848
317.45,0.566126352941179,0.5835730033927756,0.5000251567233132,0.017446650451596657,100010.06294246955,1.0532720536725586,0.6559262621144364,0.48714570073137964,76486.97979225179
317.5,0.555852823529412,0.6082776291370356,0.4880060534490883,0.05242480560762364,95259.96328118179,1.0855987900419761,0.636925944581644,0.5297459665125641,72119.93935666123
317.55,0.545579294117657,0.6323583395555523,0.47507069610971464,0.08677904543789527,90276.86652086754,1.116943057218838,0.6166301949464745,0.5713637631011809,67596.94174572929
317.6,0.53530576470589,0.6557696567872793,0.46123271291110396,0.1204638920813893,85094.24618373474,1.1472405035915456,0.5950561024000753,0.6119347388856556,62949.64711174559
317.65,0.5213520270270332,0.6784668197606561,0.4465071539042453,0.15711479273362294,79747.45539506775,1.1764276752837002,0.5722224874196805,0.655075648256667,58211.30224155848
317.7,0.506697297297299,0.7004058564689583,0.43091054092853176,0.1937085591716593,74273.55771332794,1.2044421030229988,0.5481499183560821,0.6977448057256999,53416.592532227456
317.75,0.492042567567565,0.7215436590293224,0.4144609266447391,0.2295010914617574,68711.14388608633,1.231222390402462,0.5228607482663074,0.7391798228348969,48601.48659157384
317.8,0.477387837837847,0.7418380615956691,0.39717794694073055,0.2644502237578221,63100.12861442151,1.25670830416867,0.49637915638178437,0.779320466330823,43803.06966938524
317.85,0.460943597285075,0.7612479204015007,0.37908285152621324,0.3003043231164257,57481.523328498006,1.2808408663592907,0.4687311782204239,0.8198972690742157,39059.36309971677
317.9,0.441815090497741,0.7797331945543808,0.3601985022275642,0.33791810405663986,51897.18440279224,1.3035624473995464,0.4399447123761787,0.8617473569018055,34409.12887960153
317.95,0.422686583710406,0.7972550258253844,0.340549334134808,0.3745684421149784,46389.539591864435,1.3248168588055547,0.4100494973484486,0.9021302750951486,29891.660493460506
318.0,0.403558076923072,0.8137758155817224,0.32016128103502384,0.4102177386586504,41001.298349595,1.3445494439576493,0.3790770581055521,0.9409913670345773,25546.562841237355
318.05,0.384429570135759,0.8292592972364916,0.29906167208805245,0.4448297271007326,35775.153484840725,1.3627071655542318,0.3470606279939126,0.9782775954184728,21413.525245071818
318.1,0.361554013513527,0.843670603066258,0.27727911262885485,0.48211658955273096,30753.48252009807,1.379238688781255,0.31403505816999927,1.017684675267728,17532.092046192858
318.15,0.338601986486499,0.8569763250064026,0.25484336481833114,0.5183743385199037,25978.05623677161,1.3940944599763367,0.28003673037890114,1.0554924734898377,13941.434730898733
318.2,0.31564995945947,0.8691445697965949,0.2317852436747864,0.553494610337125,21489.759674152043,1.4072267813530055,0.24510348945235222,1.0915768218935356,10680.12809630566
318.25,0.292697932432442,0.8801450095962305,0.20813654129922307,0.5874470771637885,17328.327929601277,1.4185898831556638,0.2092746097608047,1.1258919507232217,7785.931073873261
318.3,0.268050153846191,0.8899489296767696,0.183929986594805,0.6218987758305786,13532.09598750606,1.4281399951814409,0.17259080457749207,1.1600898413352498,5295.570813281077
318.35,0.241957846153877,0.8985292750475027,0.1591992427097555,0.6565714288936257,10137.759551743855,1.4358354199362227,0.1350942821290655,1.1938775737823457,3244.527122483119
318.4,0.21586553846156398,0.9058606978102524,0.13397893731305668,0.6899951593486884,7180.142257414389,1.4416366096979027,0.09682884450701432,1.2257710712363388,1666.8133561890768
318.45,0.189773230769251,0.9119196066333406,0.10830471505156601,0.7221463758640896,4691.964520960363,1.445506249388745,0.05784001904187725,1.255733018619494,594.7498316026174
318.5,0.163451689189205,0.9166842190881042,0.0822132965467334,0.7532325298988991,2703.6104516324503,1.447409346499858,0.018175205746546227,1.283957657310653,58.72677403187325
318.55,0.135449099099138,0.9201346167566906,0.05574252819226029,0.7846855176575527,1242.8917797059732,1.4473133284114057,-0.022116176738552186,1.3118642293122678,86.955604183267
318.6,0.107446509009039,0.9222528023054949,0.028931408418242262,0.8148062932964559,334.8105572252557,1.4451881466232699,-0.06298256375257205,1.3377416376142308,705.2094821060982
318.65,0.07944391891893954,0.923022757029364,0.0018200791984524962,0.8435788381104244,1.3250753154557924,1.4410063865672043,-0.10437015040651254,1.3615624676482647,1936.5561414894312
318.7,0.0514413288288406,0.9224304969833397,-0.02555022262219337,0.8709891681544991,261.12555041745674,1.4347433811035954,-0.14622283969149522,1.3833020522747548,3801.0877951012817
318.75,0.0228603153846204,0.9204641256762527,-0.05313725316556423,0.8976038102916323,1129.4270695925065,1.4263773254780796,-0.1884822355334787,1.4035170100934593,6315.653886524044
318.8,-0.0059928972850361,0.9171138815599333,-0.08089788011725396,0.9231067788449694,2617.7868029862375,1.4158893916008242,-0.23108767555882306,1.4218822888858602,9493.602452476422
318.85,-0.0348461099547255,0.9123721790721987,-0.10878821969061911,0.9472182890269242,4733.950697381762,1.403263839894919,-0.27397629360745795,1.4381099498496446,13344.535014912
318.9,-0.06369932262441469,0.9062336426861618,-0.13676377677921972,0.9699329653105765,7481.732255566495,1.3884881275548215,-0.31708309837079823,1.4521874501792362,17874.078448431166
318.95,-0.0924988977477351,0.8986951341830297,-0.16477957381879624,0.9911940319307648,10860.923179161648,1.371553012764593,-0.360341054371396,1.464051910512328,23083.675638309225
319.0,-0.121145812162159,0.8897557740342952,-0.19279025543063882,1.010901586196454,14867.233035604386,1.3524526550774407,-0.4036811523723419,1.4735984672395996,28970.395161006567
319.05,-0.14979272657655,0.8794169583423557,-0.2207501610574452,1.0292096849189056,19492.253442755195,1.3311847127328513,-0.44703246100002053,1.4809774393094013,35526.75932226398
319.1,-0.178439640990973,0.867682372974021,-0.24861336477086848,1.046122013964994,24723.44205707716,1.3077504378970426,-0.49032215828912823,1.4861900788880156,42740.59002832158
319.15,-0.20708655540539614,0.8545580064239464,-0.2763336880010419,1.0616445618293426,30544.12284970287,1.282154770732829,-0.5334755487117947,1.4892413261382251,50594.87307970675
319.2,-0.235017665158369,0.840052162490282,-0.3038646961717164,1.075069827648651,36933.50143181181,1.2544064327458198,-0.576416077075612,1.4894240979041888,59067.643361997856
319.25,-0.262791647058827,0.8241754732370495,-0.33115969329938655,1.0869671202958766,43866.69698645751,1.2245180192087324,-0.6190653544524599,1.4873096662675593,68131.8956592622
319.3,-0.290565628959254,0.8069409119352109,-0.358171730812173,1.0975065408944649,51314.79550119509,1.1925060896093025,-0.6613432142320476,1.4830717185685565,77755.52835747128
319.35,-0.318339610859712,0.7883638049002968,-0.3848536449372106,1.1067034157600089,59244.93120858262,1.1583912541858032,-0.7031678150655487,1.4767308650455153,87901.32909227692
319.4,-0.3453928288288187,0.7684618405186302,-0.41115813304058446,1.113854669347449,67620.40414616758,1.122198253859088,-0.7444558037796675,1.4675910826879068,98527.01222777435
319.45,-0.371364900900901,0.7472550733866756,-0.43703787267204797,1.1186199742875766,76400.84085988368,1.0839560303687685,-0.7851225445972826,1.4553209312696695,109585.31733953992
319.5,-0.397336972972981,0.7247659214743706,-0.46244568079774684,1.1221028944473517,85542.40307539662,1.043697783290378,-0.8250824141819106,1.441034756263359,121024.17603417776
319.55,-0.423309045045032,0.7010191544861849,-0.4873347046044757,1.1243281995312169,94998.04572477264,1.0014610107926887,-0.8642491550242604,1.4247700558377208,132786.95145958188
319.6,-0.449281117117112,0.6760418721703945,-0.5116586304482864,1.1253229892875065,104717.82164488646,0.9572875315433157,-0.9025362736863285,1.4065686486604276,144812.75116792947
319.65,-0.4728902081447969,0.6498634720623718,-0.5353718945407973,1.1227536802071687,114649.22618568101,0.9112234859412883,-0.9398574661359272,1.3841136940860852,157036.81007136812
319.7,-0.496400841628965,0.6225156070031774,-0.5584298789203426,1.1189164486321423,124737.57186839537,0.8633193158116107,-0.9761270510649922,1.3597201574405757,169390.93685703786
319.75,-0.519911475113133,0.5940321335015643,-0.5807890799651954,1.1139436086146972,134926.38216272724,0.8136297225840973,-1.011260394734943,1.3335411976972302,181804.01528168406
319.8,-0.543422108597274,0.5644490525386089,-0.602407241353372,1.107871161135883,145157.7937739919,0.7622136047153695,-1.045174314807873,1.3056357133126435,194202.55081495232
319.85,-0.56505779729729,0.5338044446668119,-0.6232434495462212,1.0988622419641019,155372.95896090928,0.7091339755978913,-1.0777874564596661,1.2741917728951813,206511.25356476384
319.9,-0.585096310810805,0.5021384011927541,-0.6432581961788673,1.0872347120035593,165512.44278051602,0.654457863376159,-1.1090206404416307,1.239554174186964,218653.64994232263
319.95,-0.60513482432432,0.469492952859137,-0.6624134179119288,1.074627777183457,175516.61449190543,0.5982561939437387,-1.1387971893387274,1.2033910182680587,230552.71794591742
320.0,-0.625173337837834,0.43591199680694936,-0.6806725276758383,1.0610853346447833,185326.03597304595,0.5406036579593767,-1.1670432423013686,1.1657769957972106,242131.54300467393
320.05,-0.644784402714913,0.40144122188434195,-0.6980004520034706,1.046225624599255,194881.8523988197,0.481578562171244,-1.1936880699989412,1.126362964886157,253313.9926147195
320.1,-0.660548429864237,0.3661280316535094,-0.7143636875538474,1.0266764615177464,204126.19123821237,0.42126266475389784,-1.218664400589177,1.0818110946181347,264025.4082246005
320.15,-0.676312457013562,0.3300214638959584,-0.7297303857223439,1.0063339209095203,213002.57433859233,0.35974099391543574,-1.2419087637116009,1.0360534509289978,274193.3115348759
320.2,-0.692076484162887,0.2931721050992179,-0.7440704687842689,0.9852485892621049,221456.34500673666,0.2971016488046103,-1.2633618542049672,0.9891781329674973,283748.11993959337
320.25,-0.707840511312211,0.25563199840686196,-0.7573557740171937,0.9634725097190731,229435.107374873,0.23343558183691004,-1.2829689100726416,0.9412760931491211,292623.86208230787
320.3,-0.720140936936924,0.21745454385943852,-0.7695602158990256,0.9375954807963626,236889.17035782195,0.16883636201089663,-1.3006800924140065,0.8889772989478206,300758.88049815263
320.35,-0.730811432432423,0.1786943903653737,-0.7806599521048752,0.9095058227977967,243771.98432815436,0.10339991953163755,-1.316450850046457,0.8342113519640605,308096.5049934292
320.4,-0.741481927927921,0.13940731961144334,-0.7906335373622103,0.8808892475393644,250040.55616075266,0.03722427299465765,-1.3302422492460937,0.7787062009225787,314585.6785207656
320.45,-0.75215242342342,0.09965012291546124,-0.7994620493591496,0.8518025463388813,255655.82734621252,-0.029590758628592423,-1.34202124868694,0.7225616647948276,320181.51678706735
320.5,-0.761542199095023,0.05948047277001016,-0.8071291734621768,0.8210226718650331,260583.00106149467,-0.09694385600380709,-1.3517609019931567,0.6645983430912159,324845.7842057516
320.55,-0.766876361990945,0.018956791346276723,-0.8136212390074749,0.7858331533372217,264791.8082256234,-0.16473250751051502,-1.3594404764932833,0.60214385448043,328547.27273391734
320.6,-0.772210524886874,-0.021861881580479428,-0.8189272065696184,0.7503486433063946,268256.70786396734,-0.2328533210597919,-1.3650454840186579,0.5393572038270822,331262.0752781746
320.65,-0.777544687782803,-0.06291601895529059,-0.8230386122452076,0.7146286688275123,270957.02289860684,-0.3012023353092018,-1.368567627238323,0.4763423524736011,332973.75116884144
320.7,-0.782878850678731,-0.10414573313426631,-0.8259494800985759,0.6787331175444646,272877.01747004315,-0.36967532628140803,-1.3700046714665775,0.41320352439732294,333673.38663826574
320.75,-0.783867810810811,-0.1454908977034056,-0.8276562175632598,0.6383769131074054,274005.9257884488,-0.43816810601425726,-1.3693602570163939,0.34569970479655376,333359.5579548452
320.8,-0.783902945945946,-0.18689126398123468,-0.8281575098762738,0.5970116819647113,274337.9444657882,-0.5065768107164291,-1.3666436699668851,0.2773261352295169,332038.2081174323
320.85,-0.783938081081081,-0.22828657252815995,-0.8274542281490401,0.555651508552921,273872.1998726895,-0.5747981767938382,-1.361869589077808,0.20913990428724283,329722.4493608814
320.9,-0.7839732162162139,-0.2696166606266526,-0.8255493611333372,0.5143565555895613,272612.6990670645,-0.642729803937172,-1.3550578230760864,0.1412434122790418,326432.3029119471
320.95,-0.782120018099547,-0.31082156702564695,-0.8224479740906794,0.47129845107390006,270568.2680343451,-0.7102704050153696,-1.3462330464873917,0.07184961308417737,322194.38496972865
321.0,-0.777185855203618,-0.35184163527171614,-0.8181571926017507,0.4253442199319019,267752.47672239126,-0.7773200427931435,-1.3354245367832547,-0.0001341875895254363,317041.545500937
321.05,-0.772251692307695,-0.3926176166995171,-0.812686203313552,0.37963407560817786,264183.5460224784,-0.8437803534835296,-1.3226659095681026,-0.07152866117583467,311012.463703754
321.1,-0.767317529411767,-0.43309077362338744,-0.8060462589337167,0.33422675578837957,259884.2286164161,-0.9095547568403192,-1.3079948433287554,-0.14223722742855216,304151.20180882054
321.15,-0.7623833665158332,-0.47320298256740767,-0.7982506721028096,0.2891803839484255,254881.65420503495,-0.9745486519848152,-1.29145278191533,-0.21216528546898206,296506.71785188356
321.2,-0.75309237837838,-0.5128968366059875,-0.789314784071668,0.24019554177239244,249207.13134164157,-1.0386695975554319,-1.2730846035313679,-0.2855772191770519,288132.33915531024
321.25,-0.743619855855856,-0.5521157452819156,-0.779255897602003,0.19150411057394034,242895.90157900137,-1.101827474292487,-1.252938247994226,-0.35820761843663096,279085.2005843272
321.3,-0.734147333333344,-0.5908040301477367,-0.768093168863964,0.14334330318560728,235986.84642219433,-1.1639346278585894,-1.2310642991092469,-0.42978729452524533,269425.654851794
321.35,-0.724674810810821,-0.6289070138906587,-0.7558474594094702,0.09576779692016224,228522.15275830025,-1.2249059897129158,-1.2075155253593004,-0.5002311789020948,259216.66559711064
321.4,-0.7130117647058927,-0.666371101187628,-0.7425411551523446,0.04664066351826468,220546.94683799133,-1.2846591741571365,-1.1823463882795453,-0.5716474094512438,248523.1967782552
321.45,-0.699326696832589,-0.7031438499507666,-0.7281979655696285,-0.003817153118177652,212108.9108238983,-1.3431145503192572,-1.1556125347223363,-0.6437878534866682,237411.6142946458
321.5,-0.685641628959283,-0.7391740323824345,-0.7128427197169936,-0.053532403423151464,203257.89722140812,-1.4001952887667595,-1.127370293260928,-0.7145536598074764,225949.1161115077
321.55,-0.671956561085993,-0.7744116861069258,-0.6965011759139803,-0.10245512502093279,194045.55521982294,-1.4558273834867939,-1.0976761958544126,-0.7838708224008009,214203.20550140706
321.6,-0.657888936651605,-0.808808156430552,-0.6791998590738121,-0.15091921977894707,184524.9794263545,-1.509939650980497,-1.0665865434185389,-0.852050714328892,202241.21859582342
321.65,-0.640378303167434,-0.8423161313831822,-0.6609659361142606,-0.20193782821574813,174750.38748136032,-1.5624637090567617,-1.0341570304920762,-0.9220854058893276,190129.9135495447
321.7,-0.622867669683263,-0.8748896715926788,-0.6418271337607225,-0.2520220019094158,164776.82785260177,-1.6133339385419265,-1.0004424378027876,-0.9904662688586635,177935.1237967617
321.75,-0.605357036199091,-0.9064842370622928,-0.6218116960721428,-0.30112720086320177,154659.91414884597,-1.6624874313497355,-0.9654963938792384,-1.0571303951506446,165721.4731722335
321.8,-0.58784640271494,-0.9370567126487678,-0.600948372855394,-0.34921030993382773,144455.5787350183,-1.7098639282508508,-0.9293711997023405,-1.1220175255359108,153552.14699309648
321.85,-0.568077099099105,-0.9665654334513195,-0.5792664253455783,-0.39848833435221453,134219.83661305776,-1.7554057492049464,-0.8921177043743813,-1.1873286501058415,141488.7108370162
321.9,-0.547244891891896,-0.9949702106053668,-0.5567956342271201,-0.4477253187134709,124008.55131775237,-1.7990577184501864,-0.8537852172093099,-1.2518128265582904,129590.96837780418
321.95,-0.526412684684688,-1.0222323572328098,-0.5335662957733073,-0.49581967254812176,113877.19679409938,-1.8407670857893188,-0.8144214411833471,-1.3143544011046306,117916.8504638507
322.0,-0.505580477477479,-1.0483147136606368,-0.5096091949563757,-0.5427342361831577,103880.61263363413,-1.8804834448054133,-0.7740724148388273,-1.3749029673279343,106522.32949589574
322.05,-0.484050009049801,-1.073181670571016,-0.48495554898791904,-0.589131661521215,94072.75379766957,-1.9181586481876154,-0.7327824537600703,-1.4341086391378144,95461.35547353415
322.1,-0.46030838009052,-1.0967991885881239,-0.45963692217657104,-0.6364908084976039,84506.44009118048,-1.9537467200660021,-0.6905940899852008,-1.4934383399754823,84785.81282177557
322.15,-0.436566751131239,-1.1191348130346064,-0.43368511929132986,-0.6825680619033674,75233.113077894,-1.9872037653606218,-0.6475480142577944,-1.5506370142293828,74545.4988034156
322.2,-0.412825122171958,-1.1401576830556395,-0.40713206934125395,-0.7273325608836815,66302.60875443665,-2.018487876512554,-0.6036830312594567,-1.605662754340596,64788.12484099664
322.25,-0.389083493212677,-1.1598385350038465,-0.38000971460413147,-0.7707550417911695,57762.95327740538,-2.0475590385888487,-0.5590360415905504,-1.6584755453761717,55559.341475063404
322.3,-0.363787157657687,-1.1781497007243984,-0.3523499201627996,-0.8143625430667114,49660.1864954925,-2.0743790344638824,-0.5136420653976316,-1.7105918768061954,46902.78601705686
322.35,-0.338149545045066,-1.1950651021203387,-0.324184417343884,-0.8569155570752727,42038.214579437416,-2.098911352518043,-0.46753432127708605,-1.760761807472977,38860.14961280454
322.4,-0.312511932432445,-1.2105602439255028,-0.29554478953086705,-0.8980483114930577,34938.6890475378,-2.1211210998631103,-0.42074436948411426,-1.8086091674306652,31471.25768045953
322.45,-0.286874319819824,-1.2246122068893175,-0.26646250255883625,-0.9377378870694935,28400.906107967126,-2.140974924409512,-0.37330232219338644,-1.854100604589688,24774.15533421776
322.5,-0.260732239819002,-1.237199643505442,-0.23696897467603356,-0.97646740368644,22461.717983604252,-2.1584409490369456,-0.32523711594294225,-1.8977087092179437,18805.187837668065
322.55,-0.233767081447986,-1.2483027780223659,-0.20709567594845602,-1.01453569657438,17155.44759861916,-2.173488720726656,-0.276576835576469,-1.93972163927867,13599.065951554341
322.6,-0.20680192307694,-1.2579034118687216,-0.17687424266113166,-1.0511014887917816,12513.799086779556,-2.1860891768585122,-0.2273490737840177,-1.9792872537815722,9188.906906746795
322.65,-0.17983676470589294,-1.265984934822377,-0.14633659003568902,-1.0861481701164841,8565.759033309329,-2.196214629975011,-0.17758130712009082,-2.016377865269118,5606.243669063115
322.7,-0.152871606334847,-1.2725323414385359,-0.11551500735527674,-1.119660735103689,5337.486769715856,-2.203838771355387,-0.12730126925305843,-2.05096716502054,2880.997893944832
322.75,-0.12556344324324,-1.2775322515290317,-0.08444222354633857,-1.1519688082857917,2852.195646979926,-2.2089366928347984,-0.07653730547382517,-2.0833732495915585,1041.4149563010897
322.8,-0.0982409882883073,-1.2809729330430992,-0.05315143701553219,-1.182731944754792,1130.0301027264343,-2.211484925650819,-0.02531869791067857,-2.113243937362512,113.96203802527987
322.85,-0.0709185333333437,-1.2828443255270976,-0.02167630957983912,-1.2119257921937538,187.94495880041006,-2.2114614947081472,0.026324043041555542,-2.1405429613748037,123.19204303176333
322.9,-0.04359607837838007,-1.2831380625033735,0.009949069262688286,-1.2395419841249935,39.59359167750753,-2.208845986606786,0.07835891878345908,-2.165249908228406,1091.576916073375
322.95,-0.0162758999999945,-1.2818474915451472,0.041690236580992475,-1.2655715915451526,695.2303304716493,-2.2036196300330744,0.13075220624008393,-2.18734373003308,3039.3136776265683
323.0,0.0110421769230882,-1.2789676914806913,0.07351241397606573,-1.2900098684037795,2161.6300034353853,-2.1957653876227585,0.1834682329881809,-2.206807564545847,5984.105336143189
323.05,0.0383602538461397,-1.2744954869220722,0.10538055446553954,-1.3128557407682118,4442.024503785818,-2.1852680590606206,0.23646915073605332,-2.22362831290676,9940.917199969832
323.1,0.0656783307692225,-1.2684294609881825,0.13725936606315436,-1.3341077917574051,7536.053428823605,-2.172114395783894,0.28971469608857764,-2.2377927265531166,14921.707578612783
323.15,0.09292087027026652,-1.2607699676000355,0.1691133047388743,-1.3536908378703019,11439.723935881344,-2.1562932281162968,0.3431619321282543,-2.249214098386563,20935.13096213273
323.2,0.119483572972972,-1.2515191449380008,0.2009065350309751,-1.3710027179109727,16145.374327260972,-2.1377956058289147,0.3967649699902204,-2.2572791788018867,27986.21180646053
323.25,0.146046275675676,-1.2406809315971823,0.23260286301177063,-1.3867272072728583,21641.636752509014,-2.1166149530168004,0.4504746764384534,-2.2626612286924765,36075.98828663632
323.3,0.17260897837835,-1.2282610865618835,0.26416565267441816,-1.4008700649402335,27913.39682116053,-2.0927472376823637,0.5042383805511427,-2.265356216060714,45201.127897038044
323.35,0.199171681081055,-1.2142672134697925,0.29555774070923096,-1.4134388945508476,34941.751237258,-2.066191155641792,0.557999597442944,-2.2653628367228467,55353.5201327089
323.4,0.2250370316741866,-1.198708788832865,0.3267413660077082,-1.4237458205070515,42703.96810423325,-2.0369483273948483,0.6116977892824852,-2.261985359069035,66519.8551845475
323.45,0.250543140271477,-1.1815971931027496,0.35767812857011655,-1.4321403333742266,51173.457462968334,-2.005023505602088,0.6652681830107188,-2.2555666458735653,78681.20094691258
323.5,0.276049248868768,-1.1629457428066343,0.38832898928355286,-1.4389949916754023,60319.761567194284,-1.9704247899004526,0.7186416614857365,-2.246474038769221,91812.59335519643
323.55,0.301555357466029,-1.1427697215391932,0.4186543161934133,-1.4443250790052222,70108.5745869498,-1.9331638450797408,0.7717447390772203,-2.2347192025457696,105882.65640770966
323.6,0.326659459459433,-1.1210864074862354,0.44861397633924543,-1.4477458669456684,80501.79990676363,-1.8932561182684282,0.8244996258645737,-2.2199155777278614,120853.26809792392
323.65,0.3504905405405219,-1.0979150953646863,0.47816746532748633,-1.4484056359052082,91457.64995908515,-1.8507210507490546,0.8768243769514279,-2.2012115912895767,136679.2867584462
323.7,0.37432162162161,-1.0732771112040098,0.5072740618821612,-1.44759873282562,102930.78954337067,-1.8055822803735744,0.9286331173628672,-2.1799039019951842,153308.34962899142
323.75,0.398152702702699,-1.0471958190905357,0.5358929920184343,-1.4453485217932347,114872.51955778788,-1.757867831116291,0.9798363290882254,-2.1560205338189897,170680.75232019363
323.8,0.421983783783761,-1.019696619796195,0.5639835871837928,-1.441680403579956,127230.99464507954,-1.7076102870407424,1.0303411851516082,-2.1295940708245036,188729.41472348812
323.85,0.444274162895911,-0.990806941937748,0.591505422839963,-1.435081104833659,139951.46609963337,-1.6548469486870938,1.0800519164478366,-2.099121111583005,207379.9363951368
323.9,0.466179366515825,-0.960556226900257,0.6184184284613498,-1.426735593416082,152976.54106424222,-1.599619970538922,1.1288702005129643,-2.065799337054747,226550.7430410987
323.95,0.48808457013574,-0.9289759090326827,0.644682966850732,-1.4170604791684227,166246.4510989848,-1.5419764786127723,1.1766955675786768,-2.0300610487485122,246153.3260016541
324.0,0.509989773755654,-0.8960993925729278,0.6702598867637525,-1.4060891663285817,179699.32632182332,-1.481968667302634,1.2234258249290648,-1.991958441058288,266092.5776183756
324.05,0.530955153153134,-0.8619620264199709,0.6951105583900291,-1.392917179573105,193271.47535411923,-1.419653874425381,1.2689575059738465,-1.950609027578515,286267.2270164204
324.1,0.550387135135122,-0.8266010772891272,0.7191969048098501,-1.3769882124242492,206897.67515522742,-1.355094632988505,1.3131863540305193,-1.905481768123627,306570.382295461
324.15,0.56981911711711,-0.7900557010850955,0.7424814444049508,-1.3598748182022056,220511.47811426478,-1.288358697655507,1.3560078526982282,-1.858177814772617,326890.18605853507
324.2,0.589251099099098,-0.7523669115882117,0.7649273576808077,-1.3416180106873097,234045.5450114169,-1.2195190433006586,1.397317813122944,-1.8087701423997566,347110.5903770109
324.25,0.608683081081086,-0.7135775449837383,0.7864985880037381,-1.3222606260648244,247432.01157274947,-1.1486538326439728,1.4370130241784353,-1.7573369137250587,367112.2545170582
324.3,0.625741380090487,-0.673732218413202,0.8071599798169258,-1.299473598503689,260602.893207224,-1.0758463497944195,1.4749919650307044,-1.7015877298849065,386773.5638942469
324.35,0.642648167420807,-0.6328772807345412,0.8268774511609479,-1.2755254481553482,273490.5276953703,-1.0011848967649215,1.5111555718465877,-1.6438330641857286,405971.7621907533
324.4,0.659554954751127,-0.591060753968039,0.8456181917733382,-1.250615708719166,286028.05050320405,-0.9247626505956299,1.5454080436438409,-1.584317605346757,424584.18157494825
324.45,0.676461742081448,-0.5483322644827001,0.8633508727511496,-1.224794006564148,298149.8917920687,-0.8466774796472804,1.5776576656264736,-1.5231392217287283,442489.54842843977
324.5,0.691802189189191,-0.5047429637607647,0.8800458508967767,-1.1965451529499558,309792.27987225266,-0.7670317188257555,1.6078176241315891,-1.4588339080149466,459569.335549893
324.55,0.705696783783771,-0.4603454394338881,0.8956753509126327,-1.166042223217659,320893.7336929871,-0.6859319048346441,1.635806786202929,-1.391628688618415,475709.1274288987
324.6,0.719591378378366,-0.4151936180542624,0.9102136120856786,-1.1347849964326284,331395.5278504233,-0.6034884738511463,1.661550419508002,-1.3230798522295122,490799.96383417194
324.65,0.7334859729729608,-0.3693426616112026,0.9236369906854555,-1.1028286345841634,341242.11622499366,-0.5198154251226679,1.684980832646933,-1.2533013980956287,504739.6278022315
324.7,0.747118954751123,-0.32284886010551456,0.9359240155566106,-1.0699678148566376,350381.5051582443,-0.4350299548368032,1.7060379224640019,-1.182148909587926,517433.8476240511
324.75,0.757743389140269,-0.2757695224360873,0.9470554011262596,-1.0335129115763562,358765.5731209682,-0.3492520650828117,1.724669622613098,-1.1069954542230807,528797.3879403388
324.8,0.768367823529402,-0.22816286750656373,0.9570140277234633,-0.9965306910359657,366350.33970379434,-0.2626041528416076,1.7408322546957162,-1.0309719763710097,538755.011375817
324.85,0.778992257918547,-0.18008791684050568,0.965784903393612,-0.9590801747590527,373096.1918492034,-0.1752105837076623,1.754490789348913,-0.9542028416262093,547242.2986506972
324.9,0.7896166923076892,-0.13160438924912377,0.9733551224340729,-0.9212210815568129,378968.0777474596,-0.08719725459348754,1.7656190276649715,-0.8768139469011766,554206.3201515732
324.95,0.797735729729731,-0.08277259736322581,0.9797138342095988,-0.8805083270929568,383935.67877666926,0.001308850872222364,1.7741997136180263,-0.7964268788575086,559606.1553426287
325.0,0.80456410810811,-0.03365334525389051,0.9848522319965491,-0.8382174533620005,387973.5675474339,0.09018011103052022,1.780224586158973,-0.7143839970775897,563413.2581626464
325.05,0.811392486486481,0.015692174000274332,0.9887635665626302,-0.7957003124862067,391061.35622466117,0.17928871609160302,1.7836943761235255,-0.632103770394878,565611.6670959454
325.1,0.81822086486486,0.0652024820139535,0.9914431822800462,-0.7530183828509065,393183.833475834,0.2685071165027488,1.7846187473796797,-0.5497137483621113,566198.0575109364
325.15,0.8241318914027093,0.11481592099482327,0.9928885671864555,-0.709315970407886,394331.08273982897,0.35770846685953167,1.7830161760893195,-0.4664234245431776,565181.6327459874
325.2,0.826790488687782,0.16447076223389354,0.9930994041580015,-0.6623197264538885,394498.570615591,0.44676706203416305,1.7789137582791554,-0.380023426653619,562583.8505590879
325.25,0.82944908597285,0.21410531686884599,0.9920776081850435,-0.615343769104004,393687.1922648627,0.5355587616476418,1.7723469341555893,-0.29389032432520823,558437.9831130164
325.3,0.832107683257916,0.26365804785399716,0.9898273351020218,-0.5684496354039188,391903.2613260681,0.6239613984454029,1.7633591183454091,-0.20814628481251307,552788.512044782
325.35,0.834766280542984,0.3130676813962578,0.9863549499531944,-0.5216985991467262,389158.4349188674,0.7118551656645677,1.7520012285423785,-0.12291111487841622,545690.3653002674
325.4,0.8339327747747751,0.3622733156495173,0.9816689484095588,-0.4716594591252578,385469.5697086116,0.7991229782440987,1.738331110915453,-0.034809796530676396,537208.0090980538
325.45,0.832226243243244,0.41121452429039845,0.9757798311826412,-0.42101171895284556,380858.51157712954,0.8856508028271685,1.7224128680176987,0.05342455958392445,527414.4156289697
325.5,0.830519711711712,0.45983145277271775,0.9686999385196782,-0.37068825893899426,375351.8283552113,0.9713279519945409,1.7043161031172347,0.1408082402828289,516389.9341057274
325.55,0.828813180180182,0.5080649055604135,0.960443257118364,-0.3207482746197685,368980.50005765277,1.0560473390407217,1.6841151012773494,0.22723415886053966,504221.0976622963
325.6,0.825531515837107,0.5558564233362203,0.951025215032036,-0.2696750925008867,361779.5838506921,1.139705690729605,1.6618879718457353,0.314174174892498,490999.40106053895
325.65,0.819449615384617,0.6031483500163537,0.9404624818125817,-0.21630126536826333,353787.8718788323,1.2222037167779756,1.6377157796166117,0.40275410139335854,476820.0844098216
325.7,0.813367714932128,0.6498838902408163,0.9287727897104726,-0.16348382469131173,345047.5579626295,1.3034462361722718,1.6116816911122607,0.49007852124014384,461780.9552829291
325.75,0.807285814479638,0.6960071587006262,0.915974787308452,-0.11127865577901175,335603.9243939056,1.3833422616532465,1.5838701581526908,0.5760564471736085,445981.2760687342
325.8,0.801203914027154,0.741463223077835,0.9020879306670272,-0.059740690949319,325505.0538620477,1.4618050446505888,1.554366154226272,0.6606011306234348,429520.73624963034
325.85,0.791147472972979,0.7861981424702681,0.8871324109465721,-0.004949330502710958,314801.56582075113,1.5387520835476407,1.52325447219324,0.7476046105746617,412498.52214341436
325.9,0.78083733783784,0.83015900297037,0.8711291111891476,0.04932166513253,303546.3713444777,1.614105098401359,1.4906190842775988,0.8332677605635189,395012.48967334884
325.95,0.770527202702702,0.8732939515701293,0.8540995805389379,0.10276674886742732,291794.4373907158,1.6877899751193464,1.4565425592790522,0.9172627724166443,377158.44035398605
326.0,0.760217067567563,0.9155522289195634,0.8360660115752763,0.15533516135200043,279602.550284556,1.7597366817404125,1.4211055275819953,0.9995196141728495,359029.4969820624
326.05,0.747812113122179,0.9568842007192093,0.8170512062384108,0.20907208759703033,267029.06944625685,1.8298791589192076,1.3843861826010029,1.0820670457970287,340715.5737913915
326.1,0.73331233936652,0.9972413868877701,0.7970785195432716,0.2639290475212501,254133.66652691743,1.8981551861947084,1.3464598094889977,1.1648428468281884,322302.9366345152
326.15,0.71881256561086,1.0365764872300351,0.7761717754640297,0.3177639216191751,240977.05001079367,1.964506225256614,1.307398335935513,1.2456936596457537,303873.85045456863
326.2,0.704312791855201,1.0748434021984288,0.7543551553711116,0.37053061034322776,227620.6801739896,2.0288772412928786,1.2672699050965617,1.3245644494376776,285506.3133090575
326.25,0.689504891891885,1.111997247505915,0.7316530650586383,0.42249235561403,214126.48304387997,2.0912165036377224,1.2261384759647374,1.4017116117458372,267273.87773175625
326.3,0.671153540540553,1.1479943617960155,0.7080899925716498,0.47684082125546257,200556.57503204767,2.151475367348531,1.1840634626132398,1.480321826807978,249245.56151033868
326.35,0.652802189189201,1.1827923072987345,0.6836903722625606,0.5299901181095336,186973.01004980746,2.2096080380292005,1.1410994271903276,1.5568058488399994,231485.84937495002
326.4,0.634450837837849,1.216349864176236,0.6584784710474519,0.5818990263383871,173437.558733196,2.265571322972086,1.0972958423726673,1.631120485134237,214054.7850112607
326.45,0.616099486486496,1.248627020038724,0.6324783107094637,0.6325275335522279,160011.52540715874,2.3193243724612023,1.0526969371215293,1.7032248859747061,197008.1495866754
326.5,0.595474248868786,1.2795849566742976,0.6057136353044141,0.6841107078055116,146755.60319747552,2.3708284156448105,1.007341634848626,1.7753541667760246,180397.7189865782
326.55,0.573569950226273,1.3091860363688876,0.5782079273831163,0.7356160861426146,133729.76291547166,2.4200464957169294,0.9612635875742199,1.8464765454906564,164271.58840818846
326.6,0.551665651583734,1.3373937902067332,0.5499844699305165,0.7857281386229992,120993.1668659005,2.46694320914464,0.9144913023836554,1.915277557560906,148674.54971295188
326.65,0.5297613529411952,1.3641729104250184,0.5210664445596022,0.8344115574838232,108604.095858394,2.5114844533146483,0.867048349417218,1.9817231003734532,133648.50492926614
326.7,0.507202855855872,1.3894892482853907,0.49147705122858165,0.8822863924295187,96619.87675373674,2.5536371862751452,0.818953634486031,2.0464343304192734,119232.89874451193
326.75,0.482324927927936,1.4133098181322397,0.46123963360604087,0.9309848902043036,85096.79984361392,2.593369201324524,0.7702217173630417,2.111044273396588,105465.15447069747
326.8,0.457447000000028,1.4356028075406764,0.43037779471346804,0.9781558075406483,74090.01847297122,2.6306489182585246,0.7208631565636276,2.1732019182584965,92381.10053171149
326.85,0.432569072072092,1.4563375927247035,0.39891549017684735,1.0237685206526115,63653.42732121376,2.6654451921500204,0.6708848636164362,2.2328761200779286,80015.37781860342
326.9,0.40769114414415464,1.4754847578818056,0.3668770915137057,1.067793613737651,53839.520111022386,2.6977271398195453,0.6202904547697096,2.2900359956753906,68401.82191616233
326.95,0.380683647058831,1.4930161169113554,0.334287418390183,1.1123324698525243,44699.2312375893,2.7274639836956953,0.569080594809425,2.3467803366368645,57573.81749131536
327.0,0.353075502262445,1.508904736082833,0.30117174567971444,1.155829233820388,36281.76815830664,2.7546249127044153,0.5172533351883456,2.4015494104419703,47564.62449128302
327.05,0.32546735746609,1.5231249566420595,0.2675557961057075,1.1976575991759695,28634.44161190357,2.779178960078462,0.4648044545199566,2.4537116026123718,38407.67661183901
327.1,0.297859212669705,1.5356524169799588,0.23346573244989885,1.2377932043102537,21802.499291347103,2.8010948985045814,0.4117278137582093,2.5032356858348765,30136.85202170928
327.15,0.2695322972973115,1.5464640746970924,0.1989281633491456,1.2769317773997808,15828.965669385741,2.8203411536783975,0.35801573947829485,2.550808856381086,22786.714615856054
327.2,0.239927567567574,1.5555382295725932,0.16397017569005834,1.3156106620050192,10754.48740633144,2.8368857380052006,0.30365944855403026,2.5969581704376266,16392.721901535602
327.25,0.210322837837835,1.5628545490114427,0.12861940203624211,1.3525317111736077,6617.180232064193,2.850696206781583,0.2486495235792568,2.640373368943748,10991.392991322913
327.3,0.180718108108129,1.5683940977920463,0.09290412514906145,1.3876759896839173,3452.4705878849886,2.861739639493512,0.19297644221687993,2.681021531385383,6620.427955677297
327.35,0.15111337837839,1.5721393738825788,0.05685341462992555,1.4210259955041888,1292.924302032893,2.8699826488658844,0.13663115642934492,2.7188692704874944,3318.768516839133
327.4,0.11995047782805983,1.5740743516799311,0.020497285399333855,1.4541238738518714,168.05548349669795,2.8753914199165567,0.07960571162971333,2.7554409420884967,1126.5901020574358
327.45,0.0886520841628946,1.574184533433477,-0.016133136238655504,1.4855324492705824,104.11123395800779,2.8779317806722244,0.02189389098336393,2.78927969650933,85.21643775847545
327.5,0.0573536904977297,1.572457008806206,-0.0530054557890612,1.5151033183084763,1123.8313373624485,2.8775693053426292,-0.036508133528240096,2.8202156148448996,236.95001132725488
327.55,0.0260552968326003,1.5688805217094317,-0.09008587897462936,1.5428252248768315,3246.186236252627,2.8742694498302264,-0.0956011618020863,2.848214152997626,1624.8146022948772
327.6,-0.0056666488687633,1.5634455428033764,-0.1273391183488549,1.5691121916721398,6486.100424745469,2.8679977185573695,-0.1553823545080878,2.873664367426133,4292.2090831070345
327.65,-0.03781214660632666,1.556144345559123,-0.16472834467364814,1.5939564921654497,10854.171015568088,2.8587198609065987,-0.21584466082521606,2.8965320075129255,8282.474241200454
327.7,-0.0699576443438901,1.5469710836106887,-0.20221518365945612,1.6169287279545788,16356.39220097103,2.846402095189917,-0.276976290004988,2.9163597395338074,13638.376039987063
327.75,-0.102103142081453,1.5359218672388513,-0.23975975237099395,1.6380250093203044,22993.895542800135,2.831011357954472,-0.33876022548767165,2.933114500035925,20401.509399548115
327.8,-0.134256135135111,1.522994837256647,-0.2773207249900322,1.6572509723917581,30762.713803598825,2.8125155766437357,-0.40117377547831046,2.9467717117788466,28611.626334492776
327.85,-0.16649532432431,1.5081902351607952,-0.3148554135119498,1.6746855594851051,39653.57256711236,2.7908839640239287,-0.46418814948060494,2.9573792883482386,38305.89122101839
327.9,-0.19873451351350996,1.4915104692040744,-0.3523198482003095,1.6902449827175843,49651.71017435565,2.7660873333885783,-0.527768049211663,2.964821846902088,49518.06466998833
327.95,-0.230973702702709,1.4729601767076899,-0.3896688456337931,1.7039338794103989,60736.72370302915,2.738098434041897,-0.5918712652257122,2.969072136744606,62277.6168177574
328.0,-0.263212891891909,1.452546283463229,-0.4268560564469622,1.715759175355138,72882.43717018086,2.7068923069148267,-0.6564482750027908,2.9701051988067357,76608.77115629149
328.05,-0.295165787330305,1.4302780613044765,-0.46383399084222,1.7254438486347816,86056.78842424824,2.672446660203803,-0.7214418447632043,2.967612447534108,92529.48184450407
328.1,-0.326957642533932,1.406167184896184,-0.5005540255818499,1.733124827430116,100221.7330104781,2.634742264659976,-0.7867866437484055,2.961699907193908,110050.35071660094
328.15,-0.358749497737558,1.3802277884338903,-0.5369664027245687,1.7389772861714483,115333.16706198551,2.593763367524713,-0.8524088873965762,2.9525128652622707,129173.49534447448
328.2,-0.390541352941185,1.3524765223217246,-0.5730202341729115,1.7430178752629095,131340.87550863132,2.549498123139761,-0.9182260309366507,2.940039476080946,149891.38558038668
328.25,-0.422015405405419,1.3229326091459894,-0.6086635280976366,1.7449480145514085,148188.51617450497,2.501939037106555,-0.9841465381803612,2.923954442511974,172185.67264220252
328.3,-0.452362702702684,1.2916178974710273,-0.6438432513917435,1.7439806001737113,165813.6529450767,2.4510834196144113,-1.0500697494352942,2.9034461223170953,196026.0406540625
328.35,-0.482709999999983,1.2585569113882047,-0.6785054387064464,1.7412669113881876,184147.85214169094,2.396933842455615,-1.1158858694852338,2.879643842455598,221369.115327434
328.4,-0.513057297297282,1.2237768933168447,-0.7125953534305203,1.7368341906141267,203116.85509230726,2.339498593288039,-1.181476091526127,2.8525558905853208,248157.46752850726
328.45,-0.543404594594581,1.187307837478055,-0.7460576992047027,1.730712432072636,222640.8362170458,2.278792120111597,-1.2467128656769526,2.8221967147061777,276318.7501234559
328.5,-0.572226999999992,1.1491825116803487,-0.7788368738679602,1.7214095116803407,242634.75043856679,2.214835458666274,-1.3114603128954525,2.7870624586662665,305765.0048533046
328.55,-0.600619307692274,1.1094364656314142,-0.8108772520205415,1.7100557733236883,263008.7671377539,2.147656635628178,-1.3755747777370384,2.748275943320452,336392.17229267606
328.6,-0.629011615384587,1.0681080247391355,-0.8421234801047941,1.6971196401237225,283668.7822975238,2.0772910409169736,-1.438905509021589,2.7063026563015606,368079.8335809206
328.65,-0.6574039230768998,1.0252382692042428,-0.8725207668947135,1.6826421922811425,304516.9954650156,2.0037817630674186,-1.5012954540992367,2.6611856861443184,400691.2071998282
328.7,-0.684734081081068,0.9808709990205448,-0.9020151547136518,1.6656050801016127,325452.5357332373,1.9271798823532116,-1.5625821523528556,2.6119139634342794,434073.4191736325
328.75,-0.710175972972968,0.9350526861233874,-0.9305537608890359,1.6452286590963554,346372.12076189154,1.8475447170213133,-1.62259871533314,2.557720689994281,468058.0606223567
328.8,-0.735617864864839,0.8878324153145037,-0.9580849853134545,1.623450280179343,367170.7356332329,1.7649440185463239,-1.681174884984146,2.500561883411163,502462.04336025886
328.85,-0.761059756756739,0.8392618156170011,-0.9845586863454738,1.60032157237374,387742.32274333003,1.6794541121132476,-1.738138165711253,2.440513868869987,537088.7614403696
328.9,-0.786501648648635,0.7893949834778311,-1.0099263328783976,1.575896632126466,407980.47913648316,1.5911599786727624,-1.7933150297423395,2.3776616273213973,571729.5637155144
328.95,-0.808504936936935,0.738288398715102,-1.0341411444517583,1.546793335652037,427779.162659197,1.5001552748556495,-1.8465321975511717,2.3086602117925845,606165.538949895
329.0,-0.830209216216222,0.6860008334887319,-1.0571582324238726,1.516210049704954,447033.4113526267,1.4065422869616562,-1.897617994569053,2.236751503177878,640169.6094777377
329.05,-0.851913495495483,0.63259325391683,-1.0789347548035089,1.484506749412313,465640.0820491632,1.3104318152137318,-1.9464037832975332,2.162345310709215,673508.9222462134
329.1,-0.873617774774769,0.5781287134199697,-1.099430093149868,1.4517464881947388,483498.61188941094,1.2119429846465053,-1.9927254639715024,2.0855607594212744,705947.515512967
329.15,-0.8931203619909472,0.5226722366006438,-1.1186060542374705,1.4157925985915911,500511.80183068913,1.1112029795329725,-2.0364250293148576,2.0043233415239197,737249.2266702256
329.2,-0.910237782805434,0.466290692483454,-1.1364270927155993,1.376528475288888,516586.6148232117,1.008346699177969,-2.0773521505177395,1.918584481983403,767180.7924018982
329.25,-0.927355203619917,0.4090526562859822,-1.1528605453831695,1.3364078599058993,531634.9748404715,0.9035163342544704,-2.115365764058835,1.8308715378743874,795515.0783559501
329.3,-0.944472624434381,0.3510282594741023,-1.1678768626772804,1.2955008839084834,545574.5465507709,0.7968608645351385,-2.150335622318704,1.7413334889695196,822034.3624200475
329.35,-0.961273999999997,0.29228902867993395,-1.181449819823812,1.2535630286799309,558329.4707046871,0.6885354808622581,-2.1821437665194945,1.6498094808622552,846533.5853795352
329.4,-0.973123999999999,0.2329077149288134,-1.1935566906760886,1.2060317149288124,569831.0295430626,0.5787009362815632,-2.210685880487149,1.5518249362815622,868823.4777218208
329.45,-0.984974000000002,0.1729581154158377,-1.2041783699045663,1.1579321154158397,580018.2186184074,0.4675228332848296,-2.235872486568202,1.4524968332848316,888733.4713231421
329.5,-0.996824000000004,0.11251489066060555,-1.2132994348858894,1.1093388906606096,588838.2074777675,0.3551708558862482,-2.2576299518629503,1.3519948558862522,906114.3110308814
329.55,-1.00867399999999,0.05165338013764812,-1.220908144801199,1.0603273801376383,596246.6792167622,0.2418179566361704,-2.275901281243678,1.2504919566361605,920840.2919051759
329.6,-1.01694576576576,-0.009550580544071104,-1.2269963808450794,1.0073951852216887,602208.0474427693,0.12763950963086987,-2.290646683078346,1.1445852753966297,932811.0625240585
329.65,-1.02320477477477,-0.07102083820748029,-1.231559537984647,0.9521839365672896,606695.5582403827,0.012812441013915335,-2.3018439039901057,1.0360172157886853,941952.9525931398
329.7,-1.02946378378378,-0.13268109436087056,-1.234596383506741,0.8967826894229094,609691.2920671696,-0.102485651585974,-2.3094883382500435,0.9269781321978059,948219.8016911907
329.75,-1.03572279279279,-0.19445506989896372,-1.2361088989358078,0.8412677228938261,611186.084011318,-0.21807737969216984,-2.313592923547295,0.8176454131006201,951593.2828245546
329.8,-1.04092954751131,-0.2562666617980533,-1.2361021200915707,0.7846628857132567,611179.3805179504,-0.3337864343689874,-2.3141878378802714,0.7071431131423227,952082.7287098605
329.85,-1.04192728506787,-0.3180400920270623,-1.2345839873519588,0.7238871930408077,609679.0487303446,-0.44943843682883894,-2.311320014198808,0.5924888482390311,949724.4814286184
329.9,-1.04292502262443,-0.3797000493830061,-1.2315652128510504,0.6632249732414239,606701.1494019412,-0.5648617605455531,-2.3050524882559733,0.47806326207887684,944580.7953093429
329.95,-1.04392276018099,-0.4411718251266422,-1.227059164873801,0.6027509350543477,602269.677640316,-0.6798883168570224,-2.295463592214576,0.3640344433239675,936738.3294546924
330.0,-1.04492049773756,-0.5023814431557105,-1.2210817634186062,0.5425390545818494,596416.2691813972,-0.7943542965911345,-2.282646003149198,0.25056620114642536,926306.2712343127
330.05,-1.04210432432433,-0.5632557850130029,-1.2136513760471537,0.4788485393113271,589179.8650324598,-0.9081008606249608,-2.2667056529325844,0.13400346369936922,913414.1363620505
330.1,-1.03821243243244,-0.6237227094260834,-1.204788701118082,0.41448972300635656,580606.3257367181,-1.0209747725975715,-2.247760505575044,0.01723765983486847,898209.2960751961
330.15,-1.03432054054054,-0.6837111654276022,-1.194516625961108,0.35060937511293777,570747.9878790039,-1.1328289673269178,-2.2259392096449284,-0.09850842678637783,880854.2871172779
330.2,-1.03042864864865,-0.7431512975400962,-1.1828600498594168,0.2872773511085538,559663.1590213688,-1.2435230489388434,-2.201379636413521,-0.21309440029019333,861523.9650873113
330.25,-1.02490423076923,-0.8019745410957122,-1.1698456660573706,0.22292968967351778,547415.5529572853,-1.3529237133522247,-2.1742273190939816,-0.32801948258299474,840402.5662390403
330.3,-1.01621079185521,-0.8601137056431097,-1.1555017041352666,0.15609708621210017,534073.6753038021,-1.46090509070814,-2.1446338158131963,-0.4446942988529301,817680.7473652393
330.35,-1.00751735294118,-0.9175030446405635,-1.139857640877019,0.09001430830061652,519710.1765862892,-1.5673490046422176,-2.1127550256878678,-0.5598316517010375,793552.6753012164
330.4,-0.9988239140271539,-0.9740783101696137,-1.1229438927114503,0.02474560385754021,504401.1944711781,-1.6721451468905035,-2.0787494920260383,-0.6733212328633497,768213.2356619578
330.45,-0.990130475113125,-1.029776792148381,-1.1047915061048346,-0.039646317035255896,488225.7087845555,-1.7751911674969258,-2.0427767293511976,-0.7850606923838008,741855.4250628935
330.5,-0.976928801801803,-1.0845373423868039,-1.08543186381838,-0.10760854058500091,471264.9323968969,-1.8763926827462263,-2.004995611481883,-0.8994638809444233,714667.9825887306
330.55,-0.96333510810812,-1.138300384700329,-1.0648964232891294,-0.17496527659220906,453601.75693359226,-1.9756632047525888,-1.9655628548101585,-1.012328096644469,686833.3042150151
330.6,-0.949741414414422,-1.191007913012947,-1.0432164995334998,-0.241266498598525,435320.26595957146,-2.07292399819655,-1.9246316251324385,-1.1231825837821283,658525.6697706544
330.65,-0.9361477207207213,-1.2426034798644603,-1.0204230986641558,-0.306455759143739,416505.32011494297,-2.1681038709264073,-1.882350287676311,-1.231956150205686,629909.7965360162
330.7,-0.920154149321267,-1.2930321778440064,-0.9965468007299214,-0.3728780285227393,397242.21041801665,-2.261138905855355,-1.8388613097308373,-1.340984756534088,601139.7184755574
330.75,-0.901560710407236,-1.3422406162666103,-0.9716176850724518,-0.44067990585937433,377616.3703782201,-2.3519721418373236,-1.7943003166226972,-1.4504114314300875,572357.9779968554
330.8,-0.882967271493226,-1.3901768949512177,-0.9456652868878238,-0.5072096234579917,357713.13392985205,-2.4405532110419723,-1.7487952940049643,-1.5575859395487464,543695.1076149172
330.85,-0.864373832579195,-1.436790576308608,-0.9187185705182128,-0.572416743729413,337617.5247260114,-2.5268379398322174,-1.7024659230482173,-1.6624641072530224,515269.37229163
330.9,-0.8455045810810831,-1.482032656193814,-0.8908059044137309,-0.6365280751127309,317414.063735346,-2.6107879193712455,-1.6554230315590612,-1.7652833382901625,487186.7401628787
330.95,-0.822314265765771,-1.5258555332965336,-0.8619550263423935,-0.7035412675307625,297186.5869747665,-2.692370051343242,-1.607768145144037,-1.8700557855774709,459541.0504070929
331.0,-0.799123950450454,-1.5682129764011705,-0.8321929921945398,-0.7690890259507165,277018.07050308055,-2.7715560734558418,-1.559593125351427,-1.9724321230053876,432414.34962549905
331.05,-0.775933635135164,-1.6090600886487467,-0.8015461079010993,-0.8331264535135827,256990.46523656027,-2.848322068836063,-1.510979886556828,-2.0723884337008993,405877.3720140951
331.1,-0.752743319819847,-1.6483532680835633,-0.7700398501247927,-0.8956099482637163,237184.54831208527,-2.922647963174753,-1.4620001888097371,-2.169904643354906,379990.1425919479
331.15,-0.7269633393665382,-1.686050164159588,-0.7376987861211012,-0.9590868247930497,217679.7996178185,-2.9945170134386383,-1.4127155084398821,-2.2675536740721,354802.68582872086
331.2,-0.699596144796391,-1.7221096305211807,-0.7045465074571883,-1.0225134857247897,198554.31246804874,-3.0639152921845776,-1.3631769928068005,-2.3643191473881866,330355.82466094074
331.25,-0.672228950226242,-1.7564916751455426,-0.6706055932172359,-1.0842627249193006,179884.74466169634,-3.1308311718818995,-1.3134255070990009,-2.4586022216556573,306682.05559080315
331.3,-0.644861755656125,-1.7891574096714313,-0.6358976161249879,-1.1442956540153064,161746.31127737698,-3.1952548140168084,-1.2634917795757084,-2.5503930583606835,283806.4848098472
331.35,-0.616817909909916,-1.820069000296527,-0.600443199971638,-1.203251090386611,144212.81455687218,-3.2571776679750184,-1.213396647230755,-2.6403597580651024,261747.80862414883
331.4,-0.586067459459464,-1.8491896229085187,-0.5642621318167421,-1.2631221634490548,127356.70136094978,-3.3165919846734395,-1.1631513994078237,-2.7305245252139754,240519.32052344512
331.45,-0.555317009009012,-1.8764834251491502,-0.5273735257548816,-1.3211664161401382,111249.13426685391,-3.3734903496575,-1.1127582105285418,-2.818173340648488,220129.9262397658
331.5,-0.524566558558559,-1.9019154977573531,-0.4897960284494066,-1.377348939198794,95960.05979392478,-3.4278652397487654,-1.062210646583995,-2.9032986811902064,200585.14803846914
331.55,-0.493816108108142,-1.9254518569417463,-0.4515480519050555,-1.4316357488336042,81558.25727170028,-3.4797086064537113,-1.0114942252819108,-2.985892498345569,181888.1009384272
331.6,-0.460803710407271,-1.94705943871274,-0.412648016389721,-1.486255728305469,68111.35417214858,-3.529011488243473,-0.960587007105098,-3.068207777836202,164040.4263500675
331.65,-0.42707701357468497,-1.9667061052762864,-0.3731145874762695,-1.5396290917016016,55685.79815503472,-3.575763652703988,-0.9094601956501104,-3.148686639129303,147043.1728838999
331.7,-0.393350316742099,-1.984360662845093,-0.33296689389901923,-1.5910103461029939,44346.780973104294,-3.6199532685354017,-0.8580787286141223,-3.2266029517933026,130897.61857778284
331.75,-0.359623619909512,-1.9999928896764712,-0.29222471787113646,-1.6403692697669592,34158.11429394612,-3.661566606579883,-0.8064018463355859,-3.3019429866703707,115606.03338194522
331.8,-0.325108914414457,-2.013573572868404,-0.2509086551054638,-1.6884646584539469,25182.06128273303,-3.7005877685642212,-0.7543836313199718,-3.3754788541497645,101172.38456951237
331.85,-0.289064545045076,-2.0250745524773155,-0.20904024916234798,-1.7360100074322395,17479.13030794261,-3.736998442115037,-0.7019735208222083,-3.447933897069961,87602.99092187153
331.9,-0.25302017567569596,-2.0344687719162855,-0.16664211004499138,-1.7814485962405895,11107.837136098808,-3.770777680910165,-0.649116801411413,-3.517757505234469,74907.1327777038
331.95,-0.216975806306315,-2.0417303341500115,-0.12373802990472413,-1.8247545278436965,6124.440017880961,-3.80190170937898,-0.5957550990483096,-3.584925903072665,63097.62454081088
332.0,-0.180931436936934,-2.0468345638883636,-0.08035310912726429,-1.8659031269514297,2582.6488585672178,-3.8303437521253203,-0.5418268802756377,-3.6494123151883864,52191.35434475205
332.05,-0.142990804751163,-2.0497580765910848,-0.03651390464252625,-1.9067672718399218,533.3060928973999,-3.856073889011432,-0.4872679801580225,-3.713083084260269,42209.79279773849
332.1,-0.104839476696856,-2.0504788556272384,0.007751391612179942,-1.9456393789303825,24.033628770149424,-3.8790589375935633,-0.43201216989597063,-3.7742194608967075,33179.46932235111
332.15,-0.06668814864254957,-2.0489763391513565,0.052412742667455124,-1.982288190508807,1098.8382375699484,-3.899262365089055,-0.3759917712877806,-3.8325742164465058,25132.41103575515
332.2,-0.028536820588243,-2.0452315181804677,0.09743803002973267,-2.0166946975922246,3797.667878430034,-3.916644232275638,-0.3191383190534881,-3.888107411687395,18106.536300139727
332.25,0.0101648029729754,-2.0392270469242355,0.14279280234807573,-2.049391849897211,8155.913760966649,-3.9311611715964054,-0.2613832654086214,-3.9413259745693807,12145.993144119788
332.3,0.0494625799999702,-2.030947365741994,0.18844002427653725,-2.0804099457419643,14203.85709973678,-3.942766401356656,-0.20265871744137945,-3.9922289813566265,7301.4321342195335
332.35,0.0887603570270097,-2.020378836288299,0.23433984321426513,-2.109139193315309,21966.064847074547,-3.9514097773511585,-0.14289819457410408,-4.040170134378168,3630.2033800068457
332.4,0.12805813405404903,-2.007509887507031,0.2804493910390808,-2.13556802156108,31460.744373676498,-3.9570378825884758,-0.08203739321416909,-4.085096016642525,1196.4682462891014
332.45,0.167381167420822,-1.9923311703561541,0.32672263547607794,-2.159712337776976,42699.072212973646,-3.9595941551946545,-0.020014947487040795,-4.126975322615476,71.21744407271123
332.5,0.207310352941192,-1.9748357185238679,0.3731102894439681,-2.18214607146506,55684.515235584666,-3.959019054118533,0.04322681933981828,-4.166329407059725,332.18807293107335
332.55,0.247239538461517,-1.9550191121878566,0.4195597801714328,-2.2022586506493735,70412.1636550004,-3.9552502621902823,0.10774115191946634,-4.202489800651799,2063.672145232627
332.6,0.287168723981888,-1.9328796418839642,0.46601527428619943,-2.220048365865852,86868.09434721667,-3.9482229262240893,0.17357612218787122,-4.235391650205977,5356.208034449564
332.65,0.3270979095022575,-1.908418469915992,0.51241774943369,-2.2355163794182493,105028.77997387516,-3.937869934337857,0.24077387930112,-4.264967843840115,10306.144169548497
332.7,0.366615774774775,-1.881639787278693,0.5587050996536681,-2.248255562053468,124860.55535160608,-3.9241222313135617,0.3093698752623145,-4.290738006088337,17015.061283523566
332.75,0.405881540540544,-1.8525509647770797,0.6048122599050392,-2.2584325053176237,146319.14789257626,-3.9069091736315613,0.37939204983788877,-4.312790714172105,25589.035996479128
332.8,0.445147306306267,-1.821162697696264,0.6506713379890778,-2.266310004002531,169349.27603219872,-3.886158926557657,0.4508599619024583,-4.331306232863923,36137.725377188646
332.85,0.484413072072035,-1.787489143865933,0.6962117457910426,-2.271902215937968,193884.31799096454,-3.861798906179824,0.523783859202276,-4.3462119782518585,48773.2499841475
332.9,0.5234220452488356,-1.7515480552361364,0.7413603281149214,-2.274970100484972,219846.05444106556,-3.833756269519673,0.5981636866207856,-4.357178314768508,63608.852620759
332.95,0.561261185520338,-1.713360903002668,0.7860414924563685,-2.2746220885230057,247144.49114521404,-3.8019584556179935,0.6739880404674439,-4.363219641138332,80757.31176767018
333.0,0.599100325791839,-1.672952996051082,0.8301773488744365,-2.272053321842921,275677.7722336751,-3.7663337799462564,0.7512330849889606,-4.365434105738095,100329.09297458327
333.05,0.636939466063297,-1.6303535918637921,0.8736878736670792,-2.2672930579270894,305332.2002371609,-3.726812083436826,0.8298614552131202,-4.363751549500123,122430.2284175
333.1,0.674778606334798,-1.5855959983420773,0.9164911118921052,-2.2603746046768753,335982.3832708909,-3.6833254361224244,0.9098211751734553,-4.358104042457223,147159.9236967124
333.15,0.7105190540540233,-1.5387176642304534,0.9585034323554165,-2.2492367182844766,367491.5319348458,-3.6358088938178166,0.9910446228510795,-4.34632794787184,174607.9012412513
333.2,0.745596756756738,-1.4897602552859124,0.9996398441023582,-2.2353570120426505,399711.9271667948,-3.5842013047569843,1.0734475721017251,-4.329798061513722,204851.50045352682
333.25,0.780674459459452,-1.4387697129750119,1.0398143789713403,-2.219444172434464,432485.5770862217,-3.528446161595926,1.156928340576025,-4.309120621055378,237952.5662627546
333.3,0.815752162162126,-1.385796292438241,1.0789405371403105,-2.201548454600367,465645.0730738487,-3.468492492854571,1.2413670677442938,-4.284244655016697,273954.168334234
333.35,0.849710556561062,-1.330894576793388,1.1169317860588621,-2.18060513335445,499014.6458834559,-3.404295786788965,1.3266251427198408,-4.254006343350027,312877.2034304779
333.4,0.881290420814463,-1.2741234654766156,1.1537020967155733,-2.1554138862910786,532411.4111863641,-3.3358189398069404,1.4125447966135498,-4.217109360621404,354716.94265600265
333.45,0.912870285067863,-1.2155461352389583,1.1891664982394405,-2.1284164203068214,565646.7842140214,-3.2630332208979844,1.498948871988448,-4.175903505965848,399439.5948151895
333.5,0.944450149321263,-1.1552299733615274,1.2232416310150647,-2.0996801226827904,598528.0351393583,-3.1859192429078034,1.585640781351344,-4.130369392229066,446978.9666639113
333.55,0.976030013574628,-1.0932464836468063,1.255846280140164,-2.069276497221434,630859.9517367549,-3.1044679309036463,1.6724046677888253,-4.0804979444782745,497233.3107274403
333.6,1.00308502702701,-1.0296711665256322,1.286901875148311,-2.0327561935526424,662446.5745040956,-3.0186814771188315,1.7590057838791322,-4.021766504145841,550062.4618169316
333.65,1.0296372792792703,-0.9645833752253874,1.316332947129799,-1.9942206545046577,693092.971079769,-2.928574271101681,1.8451911084526436,-3.958211550380951,605285.3736378126
333.7,1.05618953153153,-0.8980661501835024,1.3440675421301553,-1.9542556817150323,722607.0231231188,-2.8341737925692367,1.930690226051876,-3.8903633241007665,662678.1775950656
333.75,1.08274178378379,-0.8302060338072241,1.3700375948482586,-1.9129478175910142,750801.2045190405,-2.735521453163243,2.0152164957744882,-3.8182632369470326,721972.8933051747
333.8,1.10657972850677,-0.7610928673824271,1.394179270556147,-1.867672595889197,777494.3353793882,-2.6326733719782367,2.098468535758102,-3.7392531004850067,782856.9236563116
333.85,1.12723131221719,-0.6908195714761141,1.416433284946716,-1.818050883693304,802513.300281978,-2.525701068488109,2.1801320458895197,-3.652932380705299,844973.4644470086
333.9,1.1478828959276,-0.6194819106930403,1.4367452117300263,-1.7673648066206402,825694.7213716633,-2.4146920555319884,2.259881984724143,-3.562574951459588,907922.9484232413
333.95,1.16853447963801,-0.5471782432102064,1.4550657843015076,-1.7157127228482163,846886.5746579847,-2.299750314469326,2.3373851051320282,-3.468284794107336,971265.6230565445
334.0,1.18890684684685,-0.47400925535193145,1.4713511922420166,-1.6629161021987815,865949.7323648015,-2.1809966347694125,2.4123028383877396,-3.3699034816162623,1034525.3305055192
334.05,1.20257801801801,-0.4000776815530018,1.4855633679006395,-1.6026556995710117,882759.4080193164,-2.0585688011902183,2.4842945006555603,-3.2611468192082285,1097194.5183977706
334.1,1.21624918918918,-0.3254880104566182,1.4976702522520324,-1.5417371996457983,897206.4737922667,-1.9326216134380743,2.553020778780454,-3.148870802627254,1158740.461668401
334.15,1.22992036036035,-0.25034617853485064,1.5076460255893964,-1.4802665388952005,909198.6153902011,-1.8033267257358512,2.618147437424151,-3.033247086096201,1218612.6229494489
334.2,1.24359153153152,-0.17475925340678586,1.515471285891773,-1.418350784938306,918661.2873449855,-1.6708722969669207,2.679349175915601,-2.914463828498441,1276251.0233741528
334.25,1.25273466063348,-0.0988351099137505,1.5211331576015672,-1.3515697705472305,925538.4332619658,-1.5354624459270576,2.736313552990357,-2.7881971065605375,1331095.4418273265
334.3,1.25885909502262,-0.022682102789571723,1.524625317231424,-1.2815411978121918,929792.943177208,-1.397316510445341,2.788744892686246,-2.6561756054679613,1382595.2135970886
334.35,1.26498352941176,0.053591259699397695,1.5259479284264192,-1.2113922697123622,931406.8321075521,-1.25666811350224,2.8363680843454215,-2.5216516429139997,1430219.3617588119
334.4,1.2711079638008984,0.1298766365730653,1.5251074855332853,-1.1412313272278332,930381.1369718642,-1.1137640437646334,2.8789321921013333,-2.384872007565532,1473466.7674164248
334.45,1.27579027027027,0.20606616494640229,1.5221165711727076,-1.0697241053238677,926735.542495424,-0.9688629620806792,2.9162137944723234,-2.244653232350949,1511876.0702347853
334.5,1.27390288288288,0.2820527568256842,1.516993540915855,-0.9918501260571958,920507.7612721695,-0.8222339492228301,2.948019984076267,-2.09613683210571,1545034.991380095
334.55,1.2720154954955,0.357730378683706,1.5097621528119147,-0.914285116811794,911752.7032253068,-0.6741549134202957,2.974190966895621,-1.9461704089157958,1572588.783566846
334.6,1.27012810810811,0.4329943115479301,1.5004511618874834,-0.8371337965601798,900541.4756837995,-0.5249108790185197,2.9946022104208216,-1.7950389871266297,1594247.5375390702
334.65,1.268240720720713,0.5077413903486035,1.4890938987736255,-0.7604993303721094,886960.2557459347,-0.3747921798895173,3.009166099018144,-1.6430329006102302,1609792.1087075688
334.7,1.26000678733032,0.5818702221310409,1.4757278479507727,-0.6781365651992791,871109.0724869675,-0.2240925831085691,3.0178330631613455,-1.4840993704388892,1619078.470597296
334.75,1.24954298642534,0.6552813834122609,1.4603942365307199,-0.5942616030130791,853100.5304368577,-0.07310736984750038,3.020592158078878,-1.3226503562728404,1622040.3529684648
334.8,1.23907918552037,0.7278775973606754,1.4431376388901107,-0.5112015881596946,833058.4979125295,0.07786859855393222,3.017471076227192,-1.1612105869664378,1618690.079265367
334.85,1.22861538461539,0.7995638915936114,1.4240055958730806,-0.4290514930217786,811116.774831139,0.22854280082021441,3.008535586324823,-1.0000725837951756,1609117.5776325061
334.9,1.2154337556561134,0.8702477371502773,1.4030482410867429,-0.3451860185058362,787417.7467266412,0.37862693359288124,2.9938884003001953,-0.8368068220632322,1593487.6006137002
334.95,1.19647674208146,0.9398391687686453,1.3803179254723899,-0.25663757331281467,762111.0301521608,0.527838718593259,2.9736674824422087,-0.6686380234882009,1572035.2526460772
335.0,1.17751972850679,1.0082508861652808,1.3558688313635605,-0.16926884234150918,735352.1151452749,0.675903611848994,2.9480438284264894,-0.501616116657796,1545059.9847686247
335.05,1.15856271493215,1.075398335599319,1.3297565691094495,-0.08316437933283094,707301.0132358937,0.8225563894495782,2.9172187557464464,-0.3360063254825718,1512918.270022906
335.1,1.13960570135749,1.1411997707588835,1.302037753074504,0.0015940694013933943,678120.9241725212,0.9675425867412707,2.881420761125054,-0.17206311461621937,1476015.218247553
335.15,1.1142167567567791,1.205576291976197,1.2727695601464073,0.09135953521941786,647976.9412941117,1.11061977099486,2.840902015133256,-0.003596985761919136,1434795.4239267898
335.2,1.08811315315316,1.2684518631252981,1.2420092803648233,0.18033870997213808,617034.8210049385,1.2515586314461498,2.795934576905462,0.16344547829298972,1389733.361481871
335.25,1.06200954954955,1.3297533061500597,1.2098138745539813,0.26774375660050964,585459.8444253266,1.390143874972002,2.7468064209218612,0.328134325422452,1341323.646936456
335.3,1.03590594594597,1.3894102740255365,1.1762395568066895,0.35350432807956644,553415.7979987189,1.5261749204194488,2.6938173721799714,0.4902689744734787,1290071.4728281968
335.35,1.0071180765766,1.4473552038285706,1.1413414192484337,0.44023712725197073,521064.0941168116,1.6594663893845236,2.637275044550509,0.6523483128079237,1236483.495219358
335.4,0.9751791126126219,1.5035232524658833,1.1051731162772453,0.5283441398532613,488563.04677678307,1.7898483959012155,2.5774908734346313,0.8146692832885936,1181059.4138024566
335.45,0.943240148648648,1.5578522183870067,1.0677866212028355,0.6146120697383587,456067.30736790714,1.9171666418454985,2.5147763240068515,0.9739264931968504,1124284.4372951845
335.5,0.911301184684674,1.6102824530778288,1.0292320612662906,0.6989812683931548,423727.454375383,2.0412823285670147,2.449439341952112,1.1299811438823406,1066622.7715382746
335.55,0.879256728506805,1.660756766240777,0.9895576289421809,0.7815000377339719,391689.7203990684,2.1620718982002813,2.3817810966231634,1.2828151696934764,1008512.2119522558
335.6,0.842043153846164,1.7092203282943124,0.9488095621299847,0.8671771744481483,360095.8340757173,2.27942662019014,2.312093051331705,1.437383466343976,950359.8716473519
335.65,0.804829579185522,1.7556205733589183,0.9070321805995418,0.9507909941733963,329082.9506572639,2.393252039948206,2.2406543798927525,1.588422460762684,892539.0311346801
335.7,0.767616004524881,1.7999071051307136,0.8642679626651677,1.0322911006058326,298783.6445157599,2.5034673071179085,2.1677297347585003,1.7358513025930276,835387.0583033169
335.75,0.73040242986424,1.8420316072566878,0.8205576456350617,1.1116291773924478,269325.93992406223,2.610004400956818,2.093567361770997,1.879601971092578,779204.3196929373
335.8,0.690528621621648,1.8819477590004736,0.7759403350701494,1.1914191373788257,240833.36143551028,2.712807269863554,2.018397549003381,2.022278648241906,724253.9850351745
335.85,0.648881324324349,1.9196111563951275,0.7304536141004847,1.2707298320707785,213424.99294098394,2.8118309014046146,1.9424313955455834,2.1629495770802656,670762.6180268733
335.9,0.6072340270270491,1.9549792387880092,0.6841336497173148,1.34774521176096,187215.54027021345,2.9070403384688404,1.8658598853325483,2.2998063114417913,618921.4420787893
335.95,0.565586729729749,1.9880112206704985,0.6370152988771943,1.4224244909407495,162315.3964014405,2.998409656443173,1.7888532520436295,2.432822926713424,568888.1701950345
336.0,0.523358221719474,2.01866802895174,0.5891322214164896,1.4953098072322661,138830.7097244511,3.0859209156344978,1.7115606216876513,2.562562693915024,520789.2909709901
336.05,0.478078357466122,2.0469122462876626,0.5405170120507045,1.5688338888215405,116863.45612648856,3.1695631025323348,1.634109922456202,2.6914847450662127,474722.70909685583
336.1,0.432798493212719,2.072708061781878,0.49120136488475713,1.6399095685691587,96511.51234585933,3.249331073045369,1.5566080514422467,2.81653257983265,430760.64458930277
336.15,0.38751862895931594,2.096021230952144,0.44121628139259117,1.708502601992828,77868.72278636247,3.3252245102191127,1.479141285021536,2.937705881259797,388952.7006320286
336.2,0.342238764705913,2.116819047347191,0.3905923287753665,1.774580282641278,61024.94691926559,3.3972469082313292,1.4017759159855878,3.0550081435254164,349329.01664661936
336.25,0.295222746606357,2.1350703283677395,0.33935994970809225,1.8398475817613824,46066.07018635156,3.4654045934568996,1.324559095356336,3.1701818468505425,311903.43059399026
336.3,0.247596728506853,2.150745417785562,0.28754981911581023,1.9031486892787088,33073.95938941408,3.529705792205596,1.2475198525192974,3.2821090636987433,276676.5835430702
336.35,0.199970710407296,2.163816207053,0.23519323670813352,1.9638454966457037,22126.343437299252,3.5901597532654708,1.1706702616610318,3.3901890428581747,243638.90871777933
336.4,0.15234469230773764,2.1742561768058706,0.18232253925118694,2.021911484498133,13296.60332760024,3.6467759316926447,1.0940067191626417,3.494431239384907,212773.4580574235
336.45,0.104413818018053,2.182040459073688,0.12897151319846958,2.077626641055635,6653.460486681205,3.699563238471676,1.0175112948221139,3.595149420453623,184058.53068276885
336.5,0.0558351243243437,2.1871459197481777,0.07517579004584826,2.131310795423834,2260.5597636069833,3.7485293588636512,0.9411531233017574,3.6926942345393075,157470.08026678275
336.55,0.0072564306306898,2.1895512600730473,0.020973209265011346,2.1822948294423576,175.9502027495831,3.79368014072378,0.8648898067741976,3.78642371009309,132983.8893976727
336.6,-0.0413222630630193,2.1892371352234967,-0.033595861991466566,2.230559398286516,451.47277717986714,3.835019052738434,0.7886688063892174,3.8763413158014535,110577.5086526921
336.65,-0.08990095675672877,2.186186287682387,-0.08848825739057131,2.2760872444391156,3132.0686784079994,3.872546711655606,0.7124288086180915,3.9624476684123344,90231.96575093214
336.7,-0.138804727601792,2.1803836930040084,-0.14365778611225818,2.3191884206058004,8255.02380427013,3.906260477087046,0.636101062293444,4.045065204688838,71933.25536903963
336.75,-0.187752827149314,2.1718167158580837,-0.19905504561718135,2.3595695430073977,15849.164474263258,3.93615411252555,0.5596106912062925,4.123906939674864,55673.622348868346
336.8,-0.23670092669678,2.160475274693623,-0.2546272620682457,2.397176201390403,25934.01703534843,3.9622175115768403,0.48287799226948214,4.19891843827362,41452.64985212552
336.85,-0.285649026244302,2.1463520139412116,-0.3103181465978845,2.4320010401855137,38518.940843178454,3.9844364890310273,0.4058197332797694,4.270085515275329,29278.16105231345
336.9,-0.33398694594591616,2.1294424832150054,-0.3660677577448086,2.4634294291609216,53602.24130412476,4.002792637110337,0.3283504644104404,4.336779583056254,19166.93821840923
336.95,-0.381608567567554,2.1097453233908268,-0.4218123630694923,2.491353890958381,71170.26785530768,4.017263247912466,0.25038385657615525,4.39887181548002,11145.257890479767
337.0,-0.429230189189191,2.08726245965408,-0.47748429959064537,2.516492648843271,91196.50254222768,4.027821303623463,0.1718340742469625,4.457051492812654,5249.235390633
337.05,-0.476851810810773,2.0619993014347306,-0.5330118390286224,2.5388511122455037,113640.64821786962,4.034435536269236,0.09261718425564584,4.5112873470800094,1524.9676123456447
337.1,-0.524433742081426,2.0339649487209415,-0.588319070356615,2.5583986908023677,138447.73141810868,4.037070558719658,0.012652595271565786,4.561504300801084,28.460118596630917
337.15,-0.570070846153834,2.0031724034748013,-0.6433258153607042,2.5732432496286353,165547.24188380595,4.035687068226068,-0.06813548162347931,4.605757914379902,825.3233521890642
337.2,-0.615707950226242,1.9696387840974718,-0.6979475945305939,2.5853467343237138,194852.3378844169,4.030242123268702,-0.14981656391880352,4.645950073494944,3990.2227243443454
337.25,-0.66134505429865,1.9333855399488469,-0.7520956614804959,2.5947305942474967,226259.15360711387,4.020689493734403,-0.23245243569456756,4.6820345480330525,9606.068419615478
337.3,-0.706982158371006,1.8944386621298173,-0.8056771201406521,2.6014208205008233,259646.24876725386,4.00698008373059,-0.31609570636496975,4.713962242101596,17762.932547976743
337.35,-0.750464162162142,1.8528288861411557,-0.8585951330803825,2.6032930483032977,294874.2410197279,3.989062425717399,-0.40078840027576523,4.739526587879541,28556.68298588569
337.4,-0.792509432432425,1.8085918818224713,-0.9107492215625067,2.601101314254896,331785.65783068474,3.966883244282084,-0.4865605818775971,4.759392676714509,42087.324415478375
337.45,-0.834554702702709,1.7617684260868047,-0.9620356524910219,2.5963231287895137,370205.03866553045,3.9403880877260224,-0.5734290181689331,4.774942790428732,58457.03802278873
337.5,-0.876599972972992,1.712404554358423,-1.0123479007649328,2.589004527331415,409939.3088732665,3.909522025637621,-0.6613958759648315,4.7861219986106125,77767.91195436209
337.55,-0.917936895927588,1.6605516873311497,-1.0615771716714975,2.5784885832587374,450778.43656562234,3.8742304108173644,-0.7504474502868553,4.792167306744952,100119.3556696964
337.6,-0.955554995475107,1.6062667304721288,-1.1096129652336535,2.561821725947236,492496.3730458485,3.834459704074914,-0.8405529203240648,4.790014699550021,125605.19322050021
337.65,-0.9931730950226261,1.5496121446277573,-1.156343665771892,2.5427852396503834,534852.2693483108,3.7901583605466582,-0.9316631338805726,4.783331455569284,154310.43467238575
337.7,-1.03079119457015,1.490655986783193,-1.2016571441444857,2.5214471813533432,577591.9568293925,3.7412777759070437,-1.0237094289722175,4.772068970477194,186307.73243851087
337.75,-1.06840929411766,1.4294719205781385,-1.2454413647227056,2.4978812146957985,620449.6771849422,3.6877732902434106,-1.1166025096757293,4.7561825843610706,221653.54037584658
337.8,-1.10171166666665,1.3661391964175333,-1.287584994195235,2.467850863084183,663150.0469106975,3.6296052462451356,-1.2102314024974146,4.731316912911786,260384.0084605972
337.85,-1.13349770270269,1.300742601075016,-1.3279780140220108,2.434240303777706,705410.2422903375,3.566740096854497,-1.3044625284054006,4.700237799557187,302510.6645357885
337.9,-1.16528373873872,1.2333723764357942,-1.3665123437241047,2.3986561151745143,746942.3942201383,3.499151555507475,-1.399138935059866,4.664435294246195,348015.9572623033
337.95,-1.19706977477476,1.164124106643404,-1.4030824824685448,2.3611938814181643,787456.1810440378,3.4268217797518488,-1.4940797375845758,4.623891554526609,396848.7577352524
338.0,-1.22687769230769,1.093098572576334,-1.4375861751923784,2.319976264884024,826661.6044417006,3.349742576576256,-1.5890798176763825,4.576620268883946,448919.940790472
338.05,-1.25206999999997,1.020401572342294,-1.4699251054870437,2.2724715723422637,864271.9262964386,3.2679166153252255,-1.683909828311405,4.5199866153251955,504098.18842377694
338.1,-1.27726230769228,0.9461437065059605,-1.5000056127350383,2.2234060141982406,900006.7352946469,3.181358631845769,-1.7783165465298252,4.458620939538049,562206.1759398691
338.15,-1.3024546153846,0.8704401270234599,-1.527739424235463,2.17289474240806,933595.0993453215,3.090096605555591,-1.8720236082531752,4.392551220940191,623017.3137523978
338.2,-1.32764692307691,0.7934102495251842,-1.5530443863084051,2.121057172602094,964778.7463376202,2.9941728897159026,-1.9647326485933925,4.321819812792812,686253.223190899
338.25,-1.34556261261261,0.7151774294934418,-1.5758451733103216,2.0607400421060516,993315.2040981749,2.893645274257612,-2.0561248603536604,4.239207886870222,751582.1229092195
338.3,-1.36248603603602,0.6358686040556151,-1.5960739500475158,1.9983546400916352,1018980.8216081121,2.7885879601792545,-2.145862972311336,4.151073996215274,818618.2926109941
338.35,-1.37940945945945,0.5556139023079253,-1.6136709645715355,1.9350233617673753,1041573.5927604919,2.679092424652587,-2.2335936409703767,4.058501884112037,886922.7649748096
338.4,-1.3963328828828752,0.4745462281855042,-1.6285850501978112,1.8708791110683793,1060915.7062911228,2.5652681565039424,-2.3189502404262634,3.9616010393868173,956005.3720129821
338.45,-1.40905524886878,0.39280082086390283,-1.6407740201432113,1.8018560697326829,1076855.754070766,2.4472432427180357,-2.4015560273950523,3.8562984915868155,1025328.2404831119
338.5,-1.41643081447964,0.310514798317494,-1.650204945754483,1.726945612797134,1089270.5451970224,2.3251647878903032,-2.4810276530535673,3.7415956023699435,1094310.7938162654
338.55,-1.42380638009049,0.22782668990248062,-1.6568543180653041,1.6516330699929707,1098066.4925166576,2.199199150096997,-2.556978988678206,3.6230055301874873,1162336.2752963237
338.6,-1.43118194570135,0.14487596364698502,-1.6607080993533658,1.576057909348335,1103180.5565031474,2.0695319784415003,-2.62902522554767,3.5007139241428504,1228759.7576117292
338.65,-1.438344999999988,0.0618025534904323,-1.6617616758038851,1.5001475534904203,1104580.7468682146,1.9363680397361511,-2.696787200864884,3.374713039736139,1292917.5478664278
338.7,-1.435095,-0.02125360895845807,-1.6600197270034711,1.413841391041542,1102266.1976162714,1.7999308243871213,-2.7598958936960636,3.2350258243871215,1354137.8389405145
338.75,-1.431845,-0.10415305440337233,-1.6554960283456113,1.3276919455966276,1096266.8399472372,1.660461924593124,-2.817997024135041,3.092306924593124,1411752.396094924
338.8,-1.428595,-0.18675722459694605,-1.6482132013800097,1.241837775403054,1086642.7028813362,1.518220181601593,-2.8707556783252257,2.9468151816015933,1465109.007046494
338.85,-1.425345,-0.2689289075321181,-1.6382024224663876,1.156416092467882,1073482.8707898962,1.3734806028954876,-2.9178608699104194,2.7988256028954877,1513584.365538558
338.9,-1.415814072398185,-0.35053265711220016,-1.6255030937653967,1.0652814152859849,1056904.1231363504,1.2265330549837539,-2.9590299372390816,2.6423471273819388,1556597.0079070444
338.95,-1.40173488687783,-0.4314351954502861,-1.6101624771479537,0.970299691427544,1037049.2811260938,1.0776807426385162,-2.9940126702750423,2.479415629516346,1593619.8879586647
339.0,-1.38765570135746,-0.5115057958701803,-1.5922352875461308,0.8761499054872797,1014085.2843628438,0.9272384908109931,-3.022595058525245,2.314894192168453,1624192.1578348854
339.05,-1.37357651583711,-0.5906166444364799,-1.5717832396703166,0.7829598714006302,988201.0210034064,0.7755308508539256,-3.044602553677492,2.1491073666910356,1647929.7261972455
339.1,-1.35783972972974,-0.6686431774887033,-1.548874540003432,0.6891965522410367,959604.9362683374,0.6228900578422133,-3.0599027472427958,1.9807297875719532,1664534.1906816014
339.15,-1.3334005405405502,-0.745464392320371,-1.5235833212300105,0.5879361482201793,928522.4546921076,0.46965387040887274,-3.068407380906517,1.8030544109494229,1673799.7964802831
339.2,-1.30896135135136,-0.8209631281820206,-1.495989020828781,0.4879982231693395,895193.2601761019,0.3161633280722985,-3.070073627398551,1.6251246794236587,1675618.1471374396
339.25,-1.28452216216217,-0.8950263149366872,-1.4661757109160838,0.3894958472254829,859868.4861121133,0.16276046363231117,-3.064904603243924,1.4472826257944813,1669980.4847974747
339.3,-1.260082972973,-0.9675451872618464,-1.4342313922145615,0.29253778571115374,822807.8745654878,0.009786009433129905,-3.052949100812638,1.26986898240613,1656977.459938257
339.35,-1.22842443438918,-1.038415463005356,-1.4002472702389228,0.190008971383824,784276.967124622,-0.14242286367974955,-3.0343005536272454,1.0860015707094304,1636796.4177320192
339.4,-1.19395837104076,-1.1075374854039899,-1.3643170374065656,0.08642088563677008,744544.3914231313,-0.2935347373163907,-3.0090952760592473,0.9004236337243693,1609716.3342937026
339.45,-1.15949230769233,-1.1748163300498273,-1.3265361848108022,-0.015324022357497302,703879.2998449595,-0.4432260315908376,-2.9775100392399505,0.7162662761014924,1576100.6282266118
339.5,-1.12502624434391,-1.2401618786521256,-1.2870013653952868,-0.1151356343082155,662549.005811733,-0.5911829549861706,-2.9397590618495015,0.5338432893577395,1536388.1496402242
339.55,-1.0878753378379,-1.3034888625800725,-1.2458098238777686,-0.21561352474217244,620816.8469081428,-0.7371032909614823,-2.896090504194944,0.3507720468764177,1491082.703731222
339.6,-1.04445979729734,-1.3647168798229428,-1.2030589056360457,-0.3202570825256028,578940.2921720799,-0.8806979988653898,-2.8467825636795405,0.16376179843195016,1440741.5048657523
339.65,-1.00104425675679,-1.4237703894920117,-1.1588456487747927,-0.42272613273522164,537169.295073708,-1.0216926117492993,-2.792139270982804,-0.020648354992509166,1385962.970411446
339.7,-0.957628716216235,-1.4805786879194198,-1.1132664553392149,-0.5229499717031848,495744.88023341604,-1.159828418506478,-2.7324860832464073,-0.20219970229024298,1327374.2569129409
339.75,-0.914213175675681,-1.5350758700894043,-1.0664168303173187,-0.6208626944137233,454897.94239361474,-1.2948634225120093,-2.6681653647117147,-0.3806502468363283,1265618.9179461685
339.8,-0.863880217194623,-1.5872007794057545,-1.0183911747096976,-0.7233205622111315,414848.23389063915,-1.426573073257822,-2.5995318407672454,-0.5626928560631989,1201345.0295400433
339.85,-0.812421167420856,-1.6368969481967486,-0.9692826189190722,-0.8244757807758926,375803.5181354461,-1.554750771743828,-2.52694810629814,-0.742329604322972,1135194.0856753346
339.9,-0.76096211764709,-1.6841125305860705,-0.9191828825287598,-0.9231504129389805,337958.8686135519,-1.679208154163941,-2.450780261413198,-0.918246036516851,1067790.91373023
339.95,-0.709503067873323,-1.7288002288077744,-0.8681821505746049,-1.0192971609344514,301496.0986305384,-1.7997751619954785,-2.3713937421928946,-1.0902720941221555,999734.805424288
340.0,-0.655518099099107,-1.7709172136017137,-0.8163689602253561,-1.1153991145026068,266583.3116877716,-1.916299909769808,-2.28914940710272,-1.260781810670701,931592.0014291084
340.05,-0.598318324324379,-1.8104250392443428,-0.7638301007220248,-1.2121067149199638,233374.56910760744,-2.028648364771639,-2.2043999371730796,-1.43033004044726,863889.6147570981
340.1,-0.541118549549586,-1.8472895540529,-0.7106505333763021,-1.306171004503314,202009.67223520906,-2.136703855668752,-2.1174866003369344,-1.595585306119166,797111.0226855943
340.15,-0.483918774774793,-1.881480807588442,-0.6569133417885237,-1.3975620328136489,172614.05544790628,-2.240366429350699,-2.0287364221206357,-1.7564476545759058,731692.7058557934
340.2,-0.426719,-1.9129729563406181,-0.6026997216184586,-1.486253956340618,145298.781775587,-2.33955207713555,-1.9384597930004883,-1.9128330771355497,668022.4656141326
340.25,-0.365891171945689,-1.9417441700863747,-0.5480890203789399,-1.5758529981406857,120160.62970397841,-2.4341918526975506,-1.846948533437898,-2.068300680751862,606438.9129188271
340.3,-0.305063343891446,-1.9677765416738748,-0.4931588342851742,-1.6627131977824288,97282.25433340477,-2.5242309049153304,-1.7544744247464215,-2.2191675610238843,547232.0901492066
340.35,-0.244235515837135,-1.9910560030599136,-0.43798516165415047,-1.7468204872227786,76732.40073168493,-2.6096274487547544,-1.6612881978250562,-2.3653919329176194,490645.06244139076
340.4,-0.18340768778282324,-2.011572250327303,-0.38264260645556913,-1.8281645625444798,58566.14571004463,-2.6903516966349272,-1.5676189584557667,-2.5069440088521038,436876.30202843435
340.45,-0.122890833333335,-2.0293186798539,-0.327204618659698,-1.9064278465205649,42825.14498889536,-2.7663847712616785,-1.473674014531733,-2.6434939379283433,386082.6846410799
340.5,-0.0625991666666487,-2.044292337098357,-0.27174375554795427,-1.981693170431708,29537.86747172253,-2.8377176190093754,-1.379639063001861,-2.775118452342727,338382.92340633826
340.55,-0.0023075000000314,-2.0564938785604476,-0.21633194380917137,-2.0541863785604164,18719.803964901792,-2.904349940604161,-1.2856786861181084,-2.90204244060413,293861.2771446019
340.6,0.0579841666666543,-2.0659275464453,-0.16104072277184142,-2.1239117131119545,10373.645756350834,-2.96628915325075,-1.191937104489382,-3.0242733199174046,252571.38863262793
340.65,0.11775624434389334,-2.0726011546399037,-0.10594145056855463,-2.190357398983797,4489.4363794278015,-3.0235493957434794,-1.098539134567743,-3.141305640087373,214540.12980921706
340.7,0.17433656108599,-2.0765260838032935,-0.05110546193700391,-2.2508626448892834,1044.7072959178222,-3.076150585577754,-1.0055913049393208,-3.250487146663744,179771.35512347842
340.75,0.230916877828084,-2.0777172830408968,0.003395827186327277,-2.308634160868981,4.612656911759773,-3.124117535052176,-0.9131830932801304,-3.35503441288026,148249.4865515853
340.8,0.287497194570113,-2.0761932754611343,0.057490867888537904,-2.3636904700312473,1322.0799562309276,-3.167479131557835,-0.8213882529360755,-3.454976326127948,119942.87325535616
340.85,0.344077511312206,-2.071976165149761,0.11110797208536821,-2.4160536764619667,4937.992584369184,-3.206267585979918,-0.730266207544533,-3.5503450972921238,94806.88602337331
340.9,0.3952637297297226,-2.065091643536392,0.16417534066905906,-2.4603553732661148,10781.41699352064,-3.2405177522095263,-0.6398634991537494,-3.635781481939249,72786.71956431649
340.95,0.444352243243242,-2.055568993793052,0.21662111187383082,-2.4999212370362938,18769.88244378189,-3.270266520220726,-0.5502152814317252,-3.714618763463968,53819.88549706534
341.0,0.493440756756758,-2.043441092564971,0.2683734180247965,-2.5368818493217287,28809.71660092486,-3.295552284781389,-0.4613468504172064,-3.7889930415381468,37838.385135977995
341.05,0.542529270270219,-2.0287444088473965,0.31936044166626737,-2.5712736791176156,40796.436680509345,-3.3164144914830147,-0.3732752052581183,-3.858943761753234,24770.556241864953
341.1,0.589020357466026,-2.0115190001724814,0.3695104670410357,-2.6005393576385076,54615.19410115373,-3.332893261358718,-0.28601062878536776,-3.9219136188247443,14542.591960569143
341.15,0.628832348416261,-1.9918085063084014,0.41875192873388356,-2.6206408547246625,70141.271127339,-3.345029094734926,-0.19955827372343082,-3.973861443151187,7079.734153151243
341.2,0.668644339366495,-1.9696601404547536,0.46701346503254837,-2.6383044798212487,87240.63060868291,-3.352862654158175,-0.11391973583489869,-4.02150699352467,2307.14777114544
341.25,0.70845633031673,-1.9451246773908129,0.5142239887425559,-2.653581007707543,105770.52423932172,-3.3564346251725583,-0.029094590795009145,-4.064890955489289,150.4880379607166
341.3,0.748268321266919,-1.918256437360261,0.5603127890060496,-2.66652475862718,125580.16860949517,-3.355785652535368,0.054918128937012325,-4.104053973802287,536.177935278633
341.35,0.778652610859699,-1.8891132638062171,0.6052096777749264,-2.667765874665916,146511.5016289721,-3.350956348281669,0.1381185410302949,-4.129608959141368,3391.418911348845
341.4,0.807502158371017,-1.85775649243578,0.6488451911149102,-2.665258650806797,168400.03281317774,-3.341987366905566,0.2205046243611427,-4.149489525276583,8643.962553715315
341.45,0.836351705882336,-1.824250908723626,0.6911508512425449,-2.660602614605962,191075.7996693178,-3.3289195420455573,0.3020710503705128,-4.165271247927893,16221.674572790202
341.5,0.865201253393654,-1.7886646907903823,0.7320594881907287,-2.6538659441840364,214364.4377000287,-3.3117940783783073,0.38280814372443384,-4.176995331771961,26051.924426977206
341.55,0.888909144144122,-1.7510693348968973,0.7715056116895278,-2.6399784790410195,238088.36354737298,-3.2906527922319166,0.4627009726434579,-4.179561936376039,38060.833792924794
341.6,0.906073108108092,-1.7115395613627842,0.8094258196830366,-2.6176126694708763,262068.06302782227,-3.265538394520031,0.5417285646040075,-4.1716115026281235,52172.41559251882
341.65,0.9232370720720608,-1.670153199513026,0.8457592254281782,-2.593390271585087,286123.46695874876,-3.2364948099442175,0.6198632380349992,-4.1597318820162785,68307.63268750829
341.7,0.940401036036031,-1.6269910512014432,0.8804478845032389,-2.567392087237474,310075.39093049144,-3.203567526939297,0.6970700393777599,-4.143968562975328,86383.40263077542
341.75,0.957565,-1.5821367333931462,0.9134372017605168,-2.539701733393146,333747.00862403325,-3.1668039733816618,0.7733062730322839,-4.124368973381662,106311.57189530335
341.8,0.963709819819815,-1.5356765012366584,0.9446763037458278,-2.4993863210564733,356965.32754355174,-3.126253913667417,0.8485211167333547,-4.089963733487232,127997.8818742079
341.85,0.969854639639636,-1.4876990535475505,0.9741183681278114,-2.4575536931871866,379562.6380495961,-3.08196986291161,0.922655320786663,-4.051824502551246,151340.9495068338
341.9,0.975999459459458,-1.4382953229777018,1.0017209077346794,-2.41429478243716,401377.91079711606,-3.0340075140288434,0.9956409956327228,-4.010006973488301,176231.28749947014
341.95,0.98214427927928,-1.3875582530373274,1.027446012622419,-2.3697025323166074,422258.12354148313,-2.982426173000347,1.0674014982349695,-3.9645704522796272,202550.39261053473
342.0,0.982870515837103,-1.3355825639409529,1.0512605569972509,-2.318453079778056,442059.50347926805,-2.9272891970796553,1.1378514313047052,-3.9101597129167582,230169.93417282955
342.05,0.979339294117649,-1.2824645087320388,1.0731363831003007,-2.2618038028496876,460648.6786934381,-2.868664429811207,1.206896774707417,-3.848003723928856,258951.07996429616
342.1,0.975808072398191,-1.2283016205489223,1.0930504733288353,-2.2041096929471133,477903.73489775637,-2.8066246257872867,1.2744351672912502,-3.7824326981854774,288743.9992228759
342.15,0.9722768506787316,-1.1731924513862868,1.1109851194564304,-2.1454693020650186,493715.17426144757,-2.7412478572288554,1.340356354197062,-3.7135247079075873,319387.58333092264
342.2,0.967597248868777,-1.1172363024073197,1.1269280907293135,-2.0848335512760965,507986.7686699264,-2.672617893898894,1.4045428062254635,-3.640215142767671,350709.4212479466
342.25,0.955863312217191,-1.06053294591085,1.1408727998389605,-2.016396258128041,520636.2981649556,-2.600824547716647,1.4668705129381103,-3.556687859933838,382526.06252930046
342.3,0.944129375565618,-1.003182339161071,1.1528184599396247,-1.947311714726689,531596.1606310273,-2.525963973474179,1.5272099426952557,-3.470093349039797,414643.592723066
342.35,0.932395438914032,-0.9452843308726352,1.1627702196334928,-1.8776797697866672,540813.8334666084,-2.4481389177209265,1.5854271532679356,-3.3805343566349584,446858.53481231467
342.4,0.9206615022624405,-0.8869383618156397,1.1707392597031527,-1.8075998640780802,548252.1656841144,-2.36745890880788,1.6413850298726997,-3.2881204110703206,478959.0784515917
342.45,0.904078702702704,-0.828243161912852,1.176742834674726,-1.7323218646155558,553889.4795833237,-2.2840403824348097,1.6949446228744112,-3.1881190851375134,510726.62659748975
342.5,0.885610234234235,-0.7692964469036827,1.1808042465187405,-1.6549066811379176,557719.4674386762,-2.198006738382917,1.745966557868885,-3.083616972617152,541937.6393238263
342.55,0.867141765765786,-0.7101946182222608,1.1829527416022936,-1.577336383988047,559750.875545753,-2.109488325506814,1.794312491167391,-2.9766300912726003,572365.7450594363
342.6,0.848673297297317,-0.6510324700118503,1.1832233282581655,-1.4997057673091674,560006.9778137321,-2.0186223533167595,1.839846586944857,-2.8672956506140768,601784.0823986914
342.65,0.8286891312217376,-0.591902907201382,1.1816565176607015,-1.4205920384231194,558524.8502920063,-1.9255527296044668,1.88243699518937,-2.7542418608262045,629967.8294857928
342.7,0.804807457013592,-0.5328966782317528,1.1782979999430827,-1.3377041352453447,555354.4706679475,-1.8304298244531019,1.9219573170453916,-2.635237281466694,656696.8761856569
342.75,0.780925782805442,-0.47410212523892303,1.1731982723098733,-1.2550279080443651,550557.6744603486,-1.7334101614875663,1.9582880479055644,-2.514335944293008,681758.5917457398
342.8,0.75704410859732,-0.4156049536553422,1.1664122377384019,-1.1726490622526622,544207.0033383624,-1.634656037711286,1.9913179899046247,-2.391700146308606,704950.6376742746
342.85,0.73316243438917,-0.35748802221837,1.1579987923261894,-1.09065045660754,536384.4812115652,-1.534335073652012,2.020945624918524,-2.267497508041182,726083.7722448574
342.9,0.7064531486486736,-0.2998311535712812,1.1480204170095667,-1.0062843022199548,527180.3511483277,-1.4326196960771271,2.047080437165283,-2.139072844725801,744984.5895510765
342.95,0.679283554054071,-0.2427109648972611,1.1365427856737378,-0.9219945189513321,516691.8014668079,-1.3296865561086781,2.069644171514145,-2.0089701101627493,761498.1327435505
343.0,0.652113959459468,-0.18620071762640622,1.1236343945720146,-0.8383146770858743,505021.7010660871,-1.225715886440864,2.088572007459716,-1.877829845900332,775490.3165056548
343.05,0.624944364864895,-0.13037018515099966,1.1093662117023115,-0.7553145500158946,492277.3566666952,-1.1208908024761723,2.1038136236928136,-1.7458351673410673,786850.0912418644
343.1,0.59741070135749,-0.07528553772526111,1.093811338440109,-0.6726962390827511,478569.29764005705,-1.0153965535858058,2.115334123401271,-1.612807254943296,795491.2806445907
343.15,0.569374276018117,-0.021009244183081276,1.0770446736649424,-0.5903835202011982,464010.0916280089,-0.909419732218456,2.123114790343461,-1.478794008236573,801354.0289733616
343.2,0.541337850678745,0.03240000939355493,1.0591425697261567,-0.50893784128519,448713.1932024507,-0.8031474500297232,2.127153647365258,-1.344485300708468,804405.8025776572
343.25,0.513301425339372,0.08488738338219445,1.0401824701870521,-0.42841404195717747,432791.828513775,-0.6967664915544727,2.1274657926926945,-1.2100679168938446,804641.902058232
343.3,0.485265000000032,0.1364019296215545,1.0202425232553194,-0.34886307037847747,416357.9225033524,-0.5904624569942439,2.124083496973016,-1.0757274569942759,802085.4581534427
343.35,0.459318153153174,0.1868966164604416,0.9994011708857944,-0.2724215366927324,399521.0801471587,-0.4844189062993854,2.1170560543606705,-0.9437370594525594,796786.904409808
343.4,0.433371306306319,0.23632833277698614,0.9777367199994283,-0.19704297352933284,382387.6374540962,-0.37881651677370504,2.1064493921300302,-0.812187823080024,788822.9407297733
343.45,0.407424459459464,0.28465787033996603,0.9553269071617828,-0.12276658911949795,365059.79981891904,-0.27383226595452687,2.0923454531901733,-0.6812567254139908,778295.0214196608
343.5,0.381477612612609,0.3318498845584859,0.9322484723097861,-0.04962772805412308,347634.885649572,-0.16963865056902244,2.074841375143825,-0.5511162631816314,765327.4190237722
343.55,0.357683486486505,0.37787283450490267,0.9085767586528185,0.020189348018397668,330204.6905456248,-0.0664029510048691,2.0540484958680776,-0.4240864374913741,750064.9286005177
343.6,0.335580783783801,0.4226989039324929,0.8843853551939529,0.08711812014869186,312854.98259261367,0.03571345085558342,2.030091219198343,-0.2998673329282176,732670.2859139937
343.65,0.3134780810810969,0.46630390576859115,0.8597457947660704,0.15282582468749423,295665.1326471768,0.13655569429711045,2.0031057743126057,-0.17692238678398647,713321.3765483563
343.7,0.291375378378393,0.5086671730468568,0.8347273141094438,0.21729179466846382,278707.8755681464,0.23597599837680427,1.9732388986771547,-0.05539938000158873,692208.311333801
343.75,0.269847832579195,0.5497714394192444,0.809396676606128,0.27992360684004947,262049.19204041798,0.33383415330877475,1.9406464701411466,0.06398632072957977,669530.4394793408
343.8,0.252538104072419,0.589602712252643,0.7838180511787324,0.33706460818022405,245748.29494145035,0.42999794259792773,1.9054921073168565,0.17745983852550873,645493.3637416594
343.85,0.235228375565624,0.6281501408320321,0.7580529355598483,0.3929217652664081,229857.7012443614,0.524343494687467,1.8679457518130884,0.28911511912184296,620306.0145273892
343.9,0.217918647058828,0.6654058815151542,0.7321601080011026,0.4474872344563262,214423.3694992745,0.6167555634538772,1.8281822407574744,0.39883691639504915,594177.832074848
343.95,0.200608918552033,0.7013649608298275,0.7061955910320196,0.5007560422777945,199484.88511722538,0.7071277372099973,1.7863798760093594,0.5065188186579643,567316.0998064381
344.0,0.186809959276012,0.736025136762428,0.6802126129667458,0.549215177486416,185075.6795356192,0.7953625762282244,1.7427189966934151,0.6085526169522124,539923.466921974
344.05,0.174515615384621,0.769386757824793,0.6542615564553294,0.594871142440172,171223.27370214005,0.8813716791305715,1.6973805632447057,0.7068560637459504,512195.69359660696
344.1,0.162221271493215,0.801452619119293,0.6283898894626451,0.639231347626078,157949.54127155012,0.965075679019092,1.650544765237385,0.802854407525877,484319.648364895
344.15,0.1499269276018114,0.8322278145264075,0.6026420800384394,0.6823008869245961,145270.99065322272,1.0464041709206657,1.6023896693254447,0.8964772433188544,456471.58264193917
344.2,0.138888414414413,0.8617195843893297,0.5770595033353905,0.7228311699749167,133199.06815587502,1.1252955730735483,1.5530899289411275,0.9864071586591353,428815.70264504116
344.25,0.131079180180179,0.8899371585998047,0.5516803525023417,0.7588579784196257,121740.48453484321,1.2016969257304189,1.5028155789013895,1.07061774555024,401503.0514113278
344.3,0.123269945945953,0.9168915956067758,0.526539567314771,0.7936216496608228,110897.5663792105,1.275563632304356,1.451730938632904,1.152293686358403,374670.70545492845
344.35,0.115460711711718,0.9425956185841845,0.5016687934649324,0.8271349068724665,100668.6313346244,1.3468591488494264,1.3999936450916155,1.2313984371377085,348441.2811194504
344.4,0.10765147747748628,0.9670634505444097,0.47709638285591066,0.8594119730669234,91048.38341367747,1.4155546287793885,1.3477538320106877,1.3079031513019022,322922.7363021321
344.45,0.102798342986428,0.9903106506243003,0.45284744011300887,0.8875123076378724,82028.32160676207,1.4816285304340624,1.2951534649937486,1.3788301874476343,298208.44406850013
344.5,0.0985082751131236,1.0123539538177109,0.4289439133419072,0.9138456787045872,73597.15231722782,1.5450661953102622,1.2423258325645876,1.4465579201971386,274377.5065346304
344.55,0.0942182072398244,1.0332111162097084,0.4054047215319408,0.938992908969884,65741.19529615619,1.605859404601822,1.1893951853353995,1.5116411973619976,251495.27233760522
344.6,0.0899281393665204,1.0529007672358237,0.38224590591998203,0.9629726278693033,58444.773037035106,1.6640059210905964,1.1364765080191894,1.574077781724076,229614.01836079836
344.65,0.08674325810811112,1.0714422698031167,0.3594807905406639,0.9846990116950056,51690.57550709627,1.7195090225581091,1.0836754047147719,1.632765764449998,208773.75693932883
344.7,0.0850845869369377,1.0888555883282116,0.3371201356161335,1.003771001391274,45459.9943351361,1.7723770318162135,1.0310880743801079,1.6872924448792759,189003.1319340229
344.75,0.0834259157657661,1.105161163962067,0.31517226987471536,1.021735248196301,39733.42387919217,1.8226228472920492,0.9788013542926335,1.739196931526283,170320.37176268327
344.8,0.0817672445945962,1.120379795705453,0.2936431926978859,1.0386125511108568,34490.5298471231,1.870263477094755,0.9268928130995027,1.7884962325001588,152734.27324009058
344.85,0.0801085734234245,1.1345325258066983,0.2725366436696707,1.0544239523832737,29710.488857091616,1.9153195787007034,0.8754308812949906,1.8352110052772788,136245.19607554202
344.9,0.08020581538461528,1.1476405278911812,0.25185414307292403,1.067434712506566,25372.20375319876,1.9578150059666735,0.8244750130818116,1.8776091905820582,120846.05283488949
344.95,0.0803388923076923,1.1597249965579042,0.23159501217947942,1.079386104250212,21454.49986656529,1.9977763649998213,0.7740758794610194,1.917437472692129,106523.28305126233
345.0,0.0804719692307692,1.1708070377676745,0.21175638694585866,1.0903350685369053,17936.30696494569,2.0352325805752725,0.7242755981235084,1.9547606113445033,93257.80302882948
345.05,0.080605046153846,1.1809075600705536,0.19233324057355417,1.1003025139167075,14796.830171809866,2.0702144751414266,0.6751080087011827,1.9896094289875808,81025.92416221798
345.1,0.0813667405405397,1.190047167499704,0.1733184296935384,1.1086804269591644,12015.711228573604,2.102754362916858,0.626599002399684,2.0213876223763183,69800.2328548052
345.15,0.08262234864864818,1.1982460555948422,0.1547027746406071,1.115623706946194,9573.179392600987,2.132885661957698,0.5787669117325596,2.0502633133090495,59550.424554034566
345.2,0.0838779567567567,1.2055239124135229,0.13647517909345488,1.1216459556567662,7450.189803436234,2.160642527251161,0.5316229615985713,2.0767645704944044,50244.08414201528
345.25,0.0851335648648652,1.2118998265050742,0.11862278823375265,1.126766261640209,5628.54635533989,2.186059507816914,0.4851717772129345,2.100925942952049,41847.40504959241
345.3,0.0864527923076913,1.2173922036266809,0.10113117881275978,1.1309394113189897,4091.006131223357,2.209171230423503,0.43941193871042294,2.1227184381158115,34325.84033444489
345.35,0.0882385615384609,1.2220186935137538,0.08398456865828344,1.133780131975293,2821.36310908717,2.2300121118776954,0.3943365662063733,2.1417735503392343,27644.68043509928
345.4,0.09002433076923047,1.2257961272851772,0.06716603012401003,1.1357717965159466,1804.5102410477691,2.248616100917244,0.3499339157210424,2.1585917701480137,21769.554732775392
345.45,0.0918101000000001,1.2287404653009872,0.050657692249576294,1.1369303653009872,1026.4807136211127,2.265016449761358,0.30618796632013057,2.173206349761358,16666.857016756872
345.5,0.0935958692307697,1.2308667545668022,0.03444091882656816,1.1372708853360325,474.4707558473029,2.2792455144237436,0.2630789810692881,2.185649645192974,12304.09782763642
345.55,0.0953142531531519,1.2321890942550884,0.018496453950032753,1.1368748411019365,136.84752349027292,2.291334582139968,0.2205840288730429,2.1960203289868163,8650.189118909055
345.6,0.0970037576576565,1.232720607616044,0.002804532209456548,1.1357168499583874,3.1461603655516908,2.301313723746503,0.17867746023046818,2.2043099660888466,5675.668407895207
345.65,0.09869326216216108,1.2324734185874213,-0.012655042328334998,1.1337801564252603,64.0600385327802,2.3092116686960513,0.13733133766335773,2.21051840653389,3352.8704541168318
345.7,0.100382766666666,1.2314586317701177,-0.027902838463387057,1.1310758651034518,311.4273577255489,2.315055700605597,0.09651582830352304,2.2146729339389313,1656.05424233158
345.75,0.101881411764705,1.2296863150402588,-0.04295974751003977,1.1278049032755537,738.2159624505472,2.3188715717464543,0.05619957143091229,2.216990159981749,561.4918807143489
345.8,0.102836841628958,1.2271654848129048,-0.05784692528943844,1.1243286431839468,1338.5067061767488,2.320683435598154,0.016350035864861966,2.217846593969196,47.52420849462624
345.85,0.103792271493212,1.2239040946916313,-0.07258571248634758,1.1201118231984193,2107.474262860286,2.3205137973306087,-0.02306611785052993,2.216721525837397,94.58591870125075
345.9,0.10474770135746492,1.2199090288790966,-0.08719752260034357,1.1151613275216317,3041.3631790549707,2.3183834827882404,-0.062082657974994945,2.213635781430775,685.201141553814
345.95,0.105703131221719,1.2151861021197548,-0.1017036923155057,1.1094829708980358,4137.456412242822,2.314311627043101,-0.10073337753601445,2.208608495821382,1803.949039966795
346.0,0.10552472972973,1.2097400680469694,-0.11612529590375371,1.1042153383172395,5394.033739493743,2.3083156837913026,-0.1390516652670543,2.2027909540615727,3437.3983312961623
346.05,0.105130360360361,1.2035746375505612,-0.13048293169081043,1.0984442771902,6810.318185051481,2.300411456705343,-0.17707005790358268,2.195281096344982,5574.009849951667
346.1,0.104735990990991,1.1966925082683453,-0.1447964929780055,1.0919565172773542,8386.40975149184,2.290613153407836,-0.2148197852954618,2.185877162416845,8204.007138557921
346.15,0.10434162162162114,1.1890954056012668,-0.15908493883110866,1.0847537839796457,10123.207105159034,2.278933462053578,-0.2523303236805522,2.174591840431957,11319.216399774621
346.2,0.103227570135747,1.18078413485893,-0.17336608054027927,1.077556564723183,12022.319152759439,2.265383649695152,-0.28962897373475066,2.162156079559405,14912.87865362576
346.25,0.101033995475113,1.1717586434026364,-0.18765639711167387,1.0707246479275234,14085.969350773697,2.249973680807922,-0.3267404782978843,2.1489396853328087,18979.43825036981
346.3,0.098840420814482,1.1620180910953264,-0.20197088842438496,1.0631776702808444,16316.895908374143,2.2327123537030036,-0.36368669039888535,2.1338719328885216,23514.312670807944
346.35,0.0966468461538481,1.1515609270870122,-0.21632296849566746,1.054914080933164,18718.250679511013,2.2136074521724987,-0.40048629611242514,2.1169606060186505,28513.64859979539
346.4,0.0944532714932116,1.140384970998439,-0.2307243952586122,1.0459316995052275,21293.498626980927,2.1926659096460623,-0.43715459048271377,2.0982126381528508,33974.06861868608
346.45,0.0900693463963979,1.128487496885297,-0.24518522757114278,1.038418150488899,24046.31832764523,2.169893983378556,-0.47370329851593085,2.079824636982158,39892.41155997744
346.5,0.0856407202702704,1.11586531894276,-0.2597137963271957,1.0302245986724896,26980.502401073638,2.1452974367201256,-0.5101404286445287,2.0596567164498554,46265.46790002195
346.55,0.0812120941441479,1.1025148786034384,-0.27431667519842795,1.0213027844592906,30099.855316767927,2.1188817282065484,-0.5464701439376152,2.0376696340624005,53089.709904924064
346.6,0.0767834680180204,1.0884323333866504,-0.2889986380880908,1.01164886536863,33408.08512670851,2.0906522069430657,-0.582692637202233,2.013868738925045,60361.015013278775
346.65,0.07076372669683305,1.0736136484038146,-0.30376259431051106,1.0028499217069815,36908.68548090085,2.06061431436047,-0.618803999630261,1.9898505876636368,68074.38043705032
346.7,0.0633885909502267,1.0580546917574798,-0.3186094975460032,0.994666100807253,40604.80477060665,2.0287737928267235,-0.6547960775844814,1.9653852018764968,76223.62723911506
346.75,0.0560134552036188,1.0417513351044236,-0.3335382314008663,0.9857378799008049,44499.100722407136,1.99513690169794,-0.6906563191663239,1.939123446494321,84801.09354744444
346.8,0.0486383194570193,1.0246995603497109,-0.3485454804432437,0.9760612408926916,48593.58077496463,1.9597106411342056,-0.7263676188626068,1.9110723216771863,93797.31870793481
346.85,0.0408207754054115,1.0068955728657043,-0.3636256009902084,0.9660747974602928,52889.4310781961,1.922502983441092,-0.7619081748211539,1.8816822080356805,103200.72299720925
346.9,0.029758903783786372,0.9883359208405854,-0.3787705074600942,0.9585770170567991,57386.83892863091,1.883523110870446,-0.7972513758048004,1.8537642070866596,112997.28999513727
346.95,0.0186970321621613,0.9690176195953418,-0.3939695900653809,0.9503205874331805,62084.81515851371,1.842781657964902,-0.8323657356808236,1.8240846258027406,123170.26096630734
347.0,0.0076351605405361,0.948938278937603,-0.4092096771742784,0.9413031183970668,66981.02395723086,1.8002909556380944,-0.8672148915208115,1.7926557950975583,133699.85210230274
347.05,-0.0034267110810764,0.9280962310963344,-0.42447505095341975,0.9315229421774108,72071.62755276331,1.7560652735119884,-0.9017576769604074,1.7594919845930648,144563.00585902765
347.1,-0.0174726315384588,0.9064906564768285,-0.43974751830953457,0.9239632880152873,77351.15194375778,1.710121056576753,-0.9359482757848676,1.7275936881152119,155733.1866568296
347.15,-0.03292281027149374,0.8841217045902733,-0.4550065318084603,0.917044514861767,82812.37759534536,1.6624771522182653,-0.9697364528098872,1.695399962489759,167180.228961476
347.2,-0.0483729890045287,0.8609906078909115,-0.4702293502454928,0.9093635968954402,88446.25673291933,1.6131550239383963,-1.0030678532413768,1.661528012942925,178870.2432366692
347.25,-0.0638231677375636,0.837099786895234,-0.48539122424958403,0.9009229546327976,94241.85623140399,1.5621789486865498,-1.0358843562848647,1.6260021164241134,190765.5821503482
347.3,-0.0803634671171072,0.8124529457115993,-0.5004655919649439,0.8928164128287065,100186.32349632868,1.5095761954852,-1.0681244672532986,1.5899396626023072,202824.8671191365
347.35,-0.100006417567559,0.7870551578502248,-0.5154242695000246,0.8870615754177839,106264.8710358536,1.4553771838410916,-1.0997237309837704,1.5553836014086506,215003.07279802032
347.4,-0.11964936801800997,0.7609129428957218,-0.530237625041179,0.8805623109137317,112460.77560372396,1.399615621263859,-1.1306151526754291,1.519264989281869,227251.66639276157
347.45,-0.139292318468462,0.734034335000575,-0.5448747310577646,0.873326653469037,118755.38901810853,1.3423286197437507,-1.1607296172720432,1.4816209382122127,239518.79900666737
347.5,-0.158935268918914,0.7064289443132992,-0.5593034960340543,0.8653642132322131,125128.16027036615,1.283556791367044,-1.189996305327505,1.442492060285958,251749.5478565534
347.55,-0.181266067873275,0.6781080121849175,-0.5734907824977732,0.8593740800581925,131556.67104396326,1.2233443231485137,-1.2183431088337364,1.4046103910217886,263886.2099275829
347.6,-0.204186882352918,0.6490844606179103,-0.5874025217597582,0.8532713429708283,138016.68902788925,1.1617390309368043,-1.245697054501667,1.3659259132897223,275868.64917228965
347.65,-0.22710769683256093,0.6193729357648012,-0.6010038392013245,0.8464806325973622,144482.2458938926,1.0987923917246418,-1.2719847459444138,1.3259000885572028,287634.70114049333
347.7,-0.250028511312204,0.5889898446277837,-0.6142592031161291,0.8390183559399877,150925.7474451448,1.034559553147181,-1.2971328358501049,1.284588064459385,299120.63890498405
347.75,-0.273474333333325,0.5579533834835816,-0.6271326082795394,0.8314277168169066,157318.12334699932,0.9690993184117538,-1.3210685377147893,1.2425736517450787,310261.70334931405
347.8,-0.297707666666639,0.5262835561501529,-0.6395877986684594,0.8239912228167918,163629.0208822263,0.9024741045727955,-1.3437201799765919,1.2001817712394345,320992.69725801324
347.85,-0.32194099999998,0.49400218015568115,-0.651588528295574,0.8159431801556611,169827.04408255682,0.8347498720960644,-1.3650177995853028,1.1566908720960445,331248.6387883914
347.9,-0.346174333333321,0.4611328790484112,-0.6630988526075203,0.8073072123817322,175880.035331764,0.7659960239450567,-1.3848937649135526,1.1121703572783777,340965.4649060328
347.95,-0.370407666666662,0.4277010596316663,-0.6740834382043491,0.7981087262983284,181755.39266455863,0.6962852731168647,-1.4032834123435807,1.0666929397835268,350080.7707304256
348.0,-0.393845126696833,0.39373387357858425,-0.6845078744714321,0.7875790002754173,187420.41208535916,0.6256934784189159,-1.4201256757800005,1.019538605115749,358534.56622392946
348.05,-0.417249425339345,0.3592601638118128,-0.6943389688612654,0.7765095891511578,192842.64147173014,0.5542994494495158,-1.4353636855572791,0.9715488747888608,366270.02841183566
348.1,-0.440653723981884,0.3243103968478598,-0.7035450105792654,0.7649641208297437,197990.2327643915,0.48218472284043074,-1.4489453155878995,0.9228384468223148,373234.2271225098
348.15,-0.4640580226244212,0.2889165830051738,-0.7120959910260598,0.752974605629595,202832.2801741545,0.4094333128234172,-1.4608236609074154,0.8734913354478384,379378.8032474566
348.2,-0.485848429864248,0.25311218679517467,-0.719963775644355,0.7389606166594227,207339.13529603006,0.3361314399100723,-1.4709574342480884,0.8219798697743204,384660.5819323946
348.25,-0.506264040723981,0.21693202994128813,-0.7271222274452576,0.7231960706652691,211482.69345798116,0.26236724188682103,-1.4793112765387886,0.768631282610802,389042.10718130134
348.3,-0.52667965158369,0.18041218930044411,-0.7335472891425284,0.7070918408841341,215236.65016334088,0.18823047140062088,-1.4858559839252938,0.7149101229843109,392492.0897718405
348.35,-0.547095262443423,0.14358989146990106,-0.7392170356663913,0.6906851539133241,218576.73032776272,0.11381218410276518,-1.49056866011936,0.6609074465461882,394985.76542755985
348.4,-0.5669381891891763,0.10650340522028451,-0.7441117110695211,0.6734415944094607,221480.89542032417,0.03920442078707473,-1.4934328066253655,0.606142609976251,396505.1640719851
348.45,-0.582581432432429,0.06919193217661886,-0.7482137637162528,0.6517733646090479,223929.5344857762,-0.03550011372466261,-1.4944383647537058,0.5470813187077663,397039.2935195965
348.5,-0.598224675675677,0.03169549555215306,-0.7515078903744135,0.6299201712278302,225905.64371800056,-0.11020837284808507,-1.4935817213353517,0.488016302827592,396584.24147681287
348.55,-0.613867918918907,-0.005945173688517602,-0.7539810955931244,0.6079227452303895,227394.99700472326,-0.18482729006916448,-1.4908656867819545,0.42904062884974253,395143.1992931252
348.6,-0.629511162162156,-0.04368875403069413,-0.7556227661539384,0.5858224081314618,228386.3058920518,-0.25926409906109893,-1.4862994481362524,0.37024706310105704,392726.4088053562
348.65,-0.6410994615384578,-0.08149345458857152,-0.756424754449285,0.5596060069498863,228871.36365746445,-0.33342665077057837,-1.4798984940193414,0.3076728107678794,389351.0315734604
348.7,-0.650779552036199,-0.11931714045795813,-0.7563814597354184,0.5314624115782408,228845.16505259293,-0.40722372589278316,-1.471684503383539,0.2435558261434158,385040.9382220896
348.75,-0.660459642533939,-0.15711746177685415,-0.7554898928231847,0.5033421807570848,228305.99126319485,-0.4805653406335873,-1.4616851862883782,0.17989430190035166,379826.414900425
348.8,-0.670139733031668,-0.194851985294797,-0.7537497092828032,0.475287747736871,227255.4496975641,-0.5533630430481271,-1.4499340640827583,0.11677668998354085,373743.78492223006
348.85,-0.678065432432431,-0.2324783265231084,-0.751163197527928,0.4455871059093226,225698.45972815243,-0.6255301966240419,-1.4364701773906474,0.05253523580838915,366834.9458724832
348.9,-0.680997864864864,-0.26995427997788074,-0.7477352138556538,0.4110435848869833,223643.18001590413,-0.6969822473162197,-1.4213377159452172,-0.015984382451355694,359146.82715882076
348.95,-0.683930297297296,-0.3072379447927035,-0.7434730620533041,0.37669235250459254,221100.87759956648,-0.7676369701084838,-1.4045855700973755,-0.08370667281118771,350730.7775512479
349.0,-0.686862729729729,-0.34428784299445614,-0.7383863218950871,0.3425748867352728,218085.74414470207,-0.8374146913159968,-1.3862668110315242,-0.15055196158626782,341641.89713200205
349.05,-0.689795162162158,-0.3810630281297091,-0.7324866362917802,0.30873213403244887,214614.6689384187,-0.9062384833901147,-1.3664381129186396,-0.21644332122795673,331938.3318109605
349.1,-0.687059621621626,-0.4175231825090934,-0.7257874721321045,0.2695364391125326,210706.9818815641,-0.9740343297611677,-1.345159136347713,-0.2869747081395416,321680.5514843955
349.15,-0.683079891891895,-0.45362870221493967,-0.7183038724413635,0.22945118967695532,206384.18126570346,-1.040731258370251,-1.3224918958509804,-0.35765136647835605,310930.6337051592
349.2,-0.679100162162164,-0.48934076984497893,-0.7100522166324025,0.18975939231718503,201669.6601378353,-1.1062614436457832,-1.298500134153191,-0.4271612814836192,299751.57304815203
349.25,-0.675120432432433,-0.5246214157800393,-0.7010500027604329,0.15049901665239374,196588.44254816123,-1.170560277800046,-1.273248723315795,-0.4954398453676129,288206.63314227585
349.3,-0.66861605882354,-0.5594335692834328,-0.6913156594564813,0.10918248954010723,191166.93640389986,-1.233566413154513,-1.2468031066691527,-0.564950354330973,276358.7532088623
349.35,-0.657992529411773,-0.5937411010121416,-0.6808683904975824,0.06425142839963138,185432.70607150736,-1.2952217777764607,-1.219228790260821,-0.6372292483646878,264270.01653348707
349.4,-0.647369000000007,-0.6275088585092363,-0.6697280482232916,0.019860141490770644,179414.26343079182,-1.3554715669680195,-1.1905908849717024,-0.7081025669680125,252001.18317825807
349.45,-0.636745470588239,-0.6607026959104865,-0.6579150271495753,-0.023957225322247422,173140.87317969056,-1.4142642130316234,-1.1609536944422347,-0.7775187424433844,239611.28544694645
349.5,-0.626121941176473,-0.6932894985744585,-0.6454501645610325,-0.06716755739798552,166642.3659727456,-1.471551335369694,-1.1303803380806698,-0.845429394193221,227157.28155011014
349.55,-0.610167371040742,-0.7252372026249577,-0.6323546348858861,-0.11506983158421569,159948.95370466492,-1.527287672346263,-1.0989323970966323,-0.9171203013055209,214693.7623801867
349.6,-0.593990674208159,-0.7565148088323455,-0.6186498269007367,-0.16252413462418647,153091.04332972458,-1.5814309958038308,-1.0666695726254685,-0.9874403215956719,202272.70705155548
349.65,-0.577813977375577,-0.787092389760514,-0.6043571969618119,-0.20927841238493694,146099.04860781532,-1.6339420086065821,-1.033649348280619,-1.056128031231005,189943.2844801686
349.7,-0.561637280542994,-0.8169410889542672,-0.589498097339332,-0.2553038084112732,139003.20270667702,-1.6847842253731533,-0.9999266549006127,-1.1231469448301592,177751.70047657407
349.75,-0.543742864864869,-0.8460331109849063,-0.5740935835590655,-0.3022902461200373,131833.3770734759,-1.733923836535368,-0.9655535399671062,-1.190180971670499,165741.09129653516
349.8,-0.524385207207227,-0.8743417015570506,-0.5581642117745208,-0.34995649434982357,124618.91492234885,-1.7813295561780753,-0.9305788515411779,-1.2569443489708483,153951.46647745738
349.85,-0.505027549549563,-0.9018411175458607,-0.5417298412690162,-0.39681356799629774,117388.48836854141,-1.8269724547346857,-0.8950479511555167,-1.3219449051851226,142419.7039764779
349.9,-0.48566989189189996,-0.9285065876353064,-0.5248094587492955,-0.4428366957434064,110169.98719709141,-1.8708257783966358,-0.8590024722758289,-1.3851558865047358,131179.59953350868
349.95,-0.466286167420816,-0.9543142650348797,-0.5074210392221375,-0.4880280976140637,102990.44441810963,-1.9128647579139157,-0.8224801396329605,-1.4465785904930997,120261.9697938941
350.0,-0.446667841628957,-0.9792411744044937,-0.48958145519600527,-0.5325733327755366,95876.00050873525,-1.953066410151359,-0.7855146620285127,-1.506398568522402,109694.80609098109
350.05,-0.42704951583712,-1.0032651556052665,-0.47130644091966234,-0.5762156397681466,88851.90450094367,-1.9914093363001553,-0.7481357062872562,-1.5643598204630353,99503.47289278788
350.1,-0.407431190045261,-1.0263648070436548,-0.45261061133745073,-0.6189336169983939,81942.54619810435,-2.027873520837104,-0.7103689527498209,-1.6204423307918432,89710.94204993374
350.15,-0.38781286425340283,-1.0485194312101414,-0.4335075293563277,-0.6607065669567385,75171.51120345092,-2.0624401351808954,-0.672236226063645,-1.6746272709274925,80338.05220129636
350.2,-0.369819243243245,-1.0697089845349912,-0.4140098086600619,-0.6998897412917462,68561.64866669642,-2.0950913495052026,-0.633755687879494,-1.7252721062619576,71403.78167459744
350.25,-0.352590189189185,-1.0899140329516988,-0.3941292368601282,-0.7373238437625138,62135.14213917881,-2.125810155382164,-0.5949420746958707,-1.773219966192979,62925.52395438701
350.3,-0.335361135135146,-1.1091157138041048,-0.37387690338822044,-0.7737545786689588,55913.57555486589,-2.154580201076353,-0.5558069628714468,-1.819219065941207,54919.35644024567
350.35,-0.318132081081086,-1.1272957039557179,-0.3532633177353078,-0.809163622874632,49917.98866294281,-2.181385640394611,-0.5163590433410569,-1.8632535593135249,47400.295402682925
350.4,-0.30161327601810256,-1.144436193356333,-0.3322985083348482,-0.8428229173382304,44168.91945662607,-2.2062109952293354,-0.47660439288788126,-1.9045977192112329,40382.53285689349
350.45,-0.287343592760178,-1.160519862966766,-0.31099209780046183,-0.873176270206588,38686.43395773281,-2.229041031404513,-0.43654673422620127,-1.9416974386443349,33879.65354018873
350.5,-0.273073909502256,-1.175529865896008,-0.2893533573125391,-0.902455956393752,33490.14615521517,-2.2498606472219955,-0.39618768459733944,-1.9767867377197395,27904.83225361794
350.55,-0.258804226244351,-1.1894498108923726,-0.2673912477285956,-0.9306455846480215,28599.231744742076,-2.2686547742546788,-0.35552699805980303,-2.009850548010328,22471.01268434048
350.6,-0.244534542986429,-1.202263747800211,-0.24511445974780943,-0.957729204813782,24032.439350984198,-2.285408290304624,-0.3145628122792685,-2.040873747318195,17591.06895449641
350.65,-0.23215222522522846,-1.2139561552961478,-0.22253146664611176,-0.9818039300709193,19808.10145906782,-2.3001059450948578,-0.2732919127858917,-2.0679537198696294,13277.950150074923
350.7,-0.220184207207209,-1.2245119318307252,-0.19965060203547014,-1.0043277246235163,15944.14515725027,-2.312732299869241,-0.23171002742059998,-2.092548092662032,9544.806543512035
350.75,-0.20821618918919,-1.233916391303364,-0.17648017223708523,-1.025700202114174,12458.100477132506,-2.3232716827071926,-0.18981216146057783,-2.115055493518003,6405.094513482039
350.8,-0.196248171171185,-1.2421552652999805,-0.15302860666028725,-1.0459070941287956,9367.101782555565,-2.331708161714348,-0.1475929779634938,-2.135459990543163,3872.6554922901983
350.85,-0.184553687782817,-1.2492147137699183,-0.12930464399867458,-1.0646610259871014,6687.876383849589,-2.338025538353517,-0.10504722217318063,-2.1534718505707,1961.7633575647242
350.9,-0.17330549773756598,-1.2550813457301966,-0.10531754512264319,-1.0817758479926307,4436.714124263994,-2.342207362932346,-0.062170181403478485,-2.1689018651947802,687.1344810206973
350.95,-0.162057307692315,-1.259742251008914,-0.08107731943699822,-1.097684943316599,2629.41269083562,-2.3442369736960798,-0.01895816692526054,-2.1821796660037647,63.895483229518696
351.0,-0.150809117647063,-1.2631850433011274,-0.056594947861124845,-1.1123759256540644,1281.195249361376,-2.3440975602006056,0.02459100014713473,-2.1932884425535426,107.50529568646762
351.05,-0.139560927601825,-1.2653979139273361,-0.031882585668768,-1.125836986325511,406.59970757053225,-2.3417722506754295,0.06847751785098265,-2.2022113230736045,833.6303024056261
351.1,-0.127613724324336,-1.2663696949361858,-0.006953731171931224,-1.1387559706118497,19.341750884595196,-2.337244222211779,0.1126991641493941,-2.209630497887443,2257.9736177728137
351.15,-0.11563739549550392,-1.2660899295657178,0.01817664953806892,-1.1504525340702139,132.15623537191243,-2.330496831825253,0.15725090267872885,-2.214859436329749,4396.061581026676
351.2,-0.103661066666671,-1.2645489477635203,0.043492045110982605,-1.1608878810968493,756.6231951742983,-2.3215137659526324,0.20212454035316496,-2.2178526992859613,7262.9919667516815
351.25,-0.0916847378378386,-1.2617379444422572,0.06897436595662405,-1.1700532066044185,1902.9852636473197,-2.3102792057434884,0.24730843744833036,-2.2185944679056497,10873.149019223953
351.3,-0.0785471000000133,-1.2576490584506301,0.09460394670391237,-1.1791019584506168,3579.9626927826766,-2.296778005652765,0.29278726399833216,-2.218230905652752,15239.890126156275
351.35,-0.0643374846153949,-1.252275450806772,0.120359570849047,-1.187937966191377,5794.570517986705,-2.280995883279631,0.3385417914537979,-2.216658398664236,20375.207921910544
351.4,-0.05012786923077645,-1.2456113814517455,0.14621850296596256,-1.195483512220969,8551.94024384288,-2.2629196190174516,0.38454870642647976,-2.212791749786675,26289.370242538473
351.45,-0.0359182538461582,-1.237652284495866,0.17215651466170176,-1.2017340306497077,11855.146216185893,-2.2425372647388304,0.4307804335155835,-2.2066190108926724,32990.53900442205
351.5,-0.0214054333333347,-1.2283948425415487,0.19814789456285212,-1.206989409208214,15705.035247876463,-2.219838361321593,0.4772049579030069,-2.198432927988258,40484.36832839299
351.55,-0.0041637666666822,-1.2178370610249074,0.22416543682410026,-1.2136732943582251,20100.05722661587,-2.1948141651631032,0.5237856425401701,-2.190650398496421,48773.582103327804
351.6,0.0130778999999899,-1.2059783436700864,0.250180409237699,-1.2190562436700763,25036.094866537023,-2.167457883960933,0.5704810415789512,-2.180535783960923,57857.53223128978
351.65,0.030319566666662096,-1.192819569893311,0.2761625084854164,-1.223139136559973,30506.292437183074,-2.137764921737881,0.6172447187841924,-2.168084488404543,67731.7409541292
351.7,0.0475612333333342,-1.1783631745210534,0.30207981503758885,-1.2259244078543876,36500.88586125756,-2.1057331325371225,0.6640250854496621,-2.153294365870457,78387.43361892107
351.75,0.0671983764705945,-1.1626132294549627,0.32789876246191846,-1.2298116059255573,43007.03936962305,-2.071363081356887,0.7107652755479893,-2.1385614578274814,89811.0714532994
351.8,0.0880695529411634,-1.1455755262212028,0.35358413518940396,-1.2336450791623663,50008.69626305548,-2.034658310029437,0.7574030759480946,-2.1227278629706006,101983.89679211294
351.85,0.108940729411756,-1.1272576576437165,0.37909910743918845,-1.2361983870554725,57486.45330447574,-1.9956256048450558,0.8038709288094358,-2.1045663342568117,114881.50581065689
351.9,0.12981190588234978,-1.1076690963807008,0.4044053303746714,-1.2374810022630505,65417.46849417885,-1.9542752619930086,0.8500960178857695,-2.0840871678753583,128473.46482226533
351.95,0.151426972972972,-1.0868212678452718,0.42946306963166325,-1.2382482408182438,73775.41127098034,-1.9106213464430761,0.8960004453528031,-2.062048319416048,142722.98632398603
352.0,0.175397693693694,-1.064727615089082,0.4542313872541709,-1.2401253087827762,82530.46126673942,-1.8646819397386198,0.9415014970606428,-2.0400796334323137,157586.6789275434
352.05,0.199368414414389,-1.041403653714866,0.47866835700363813,-1.2407720681292551,91649.35839862494,-1.8164793724913302,0.9865119879800704,-2.015847786905719,173014.38265393613
352.1,0.223339135135112,-1.0168670154810835,0.5027312981178242,-1.2402061506161954,101095.50324289307,-1.7660404378555234,1.0309406744621734,-1.9893795729906354,188949.09764631483
352.15,0.24730985585583623,-0.9911374801060605,0.5263770116702544,-1.2384473359618968,110829.10336596286,-1.713396583062828,1.0746927175660226,-1.9607064389186641,205327.01105590095
352.2,0.273236669683244,-0.9642369954902874,0.549562004549883,-1.2374736651735314,120807.35873795424,-1.6585840768375946,1.117670181259605,-1.9318207465208386,222077.6238358895
352.25,0.299652506787329,-0.9361896873283659,0.5722426888808491,-1.235842194115695,130984.67799103368,-1.6016441513583353,1.1597725508802204,-1.9012966581456643,239123.97684892683
352.3,0.326068343891383,-0.9070218594829967,0.5943755513830407,-1.2330902033743798,141312.91843275743,-1.5426231179760268,1.20089726306271,-1.8686914618674098,256382.97536560136
352.35,0.352484180995468,-0.8767619866629245,0.6159172925687137,-1.2292461676583926,151741.6445140698,-1.4815724562494783,1.2409402431812107,-1.8340566372449463,273765.811048292
352.4,0.37901227927928116,-0.8454407007546878,0.636824943060394,-1.224452980033969,162218.40324154965,-1.4185488758649916,1.2797964535280881,-1.7975611551442727,291178.48221565725
352.45,0.405723540540543,-0.8130907716912886,0.657055967536901,-1.2188143122318316,172689.01779034123,-1.3536143507437886,1.3173604587024537,-1.7593378912843316,308522.4138938203
352.5,0.432434801801806,-0.7797470831554043,0.6765683701307151,-1.2121818849572104,183097.90378453294,-1.286836124254505,1.3535270181035028,-1.719270926056311,325695.1802197618
352.55,0.459146063063039,-0.7454466026820505,0.6953208146421422,-1.2045926657450896,193388.41410984492,-1.2182866839081354,1.3881917150923084,-1.6774327469711745,342591.3311734977
352.6,0.485857324324302,-0.7102283451493564,0.713272770816315,-1.1960856694736584,203503.21823519337,-1.1480437035278568,1.4212516301849625,-1.6339010278521588,359103.32378727343
352.65,0.5102722262443279,-0.6741333281456201,0.7303846930242425,-1.184405554389948,213384.71992164676,-1.0761899505855117,1.4526060604601156,-1.5864621768298397,375122.55411297013
352.7,0.534540552036189,-0.6372045176027913,0.746618230624357,-1.1717450696389804,222975.5129202582,-1.0028131565211358,1.4821572796575089,-1.5373537085573248,390540.4802918661
352.75,0.558808877828049,-0.59948676222696,0.7619364640605926,-1.1582956400550088,232218.87010606346,-0.9280058482632667,1.509811327353381,-1.4868147260913158,405249.8211919251
352.8,0.583077203619882,-0.5610267157257136,0.7763041545892838,-1.1441039193455955,241059.25617303306,-0.8518651399467118,1.5354788083670905,-1.4349423435665938,419145.80816789693
352.85,0.604456324324308,-0.5218727465236364,0.7896879923552629,-1.1263290708479443,249442.8501080343,-0.7744924848805605,1.55907567927926,-1.3789488092048685,432127.4619946819
352.9,0.623168486486476,-0.4820748354718568,0.8020568256514635,-1.1052433219583329,257318.06062964085,-0.6959933890509983,1.5805239960839856,-1.3191618755374743,444098.86261285166
352.95,0.641880648648644,-0.44168446289191005,0.8133818563139803,-1.083565111540554,264636.0176723106,-0.6164770887371942,1.599752598430222,-1.2583577373858383,454970.3779883107
353.0,0.660592810810812,-0.40075448692976556,0.8236367903953884,-1.0613472977405776,271351.0249971268,-0.5360561959362564,1.6166977098907838,-1.1966490067470685,464659.8195850853
353.05,0.678727873303159,-0.35933901563169834,0.8327979382610349,-1.0380668889348574,277420.9623887322,-0.45484631620897675,1.631303439000135,-1.1335741895121356,473093.4951277631
353.1,0.690226289592754,-0.3174932752676646,0.8408442653863428,-1.0077195648604187,282807.6314532394,-0.37296564412301014,1.6435221737970032,-1.063191933715764,480207.13524665363
353.15,0.701724705882349,-0.2752734772093305,0.8477574008700741,-0.9769981830916795,287477.0442919934,-0.290534541646317,1.6533148697131437,-0.992259247528666,485946.6770514825
353.2,0.713223122171944,-0.2327366851897035,0.8535216162490733,-0.9459598073616474,291399.65976177214,-0.2076751046799728,1.6606512379620486,-0.9208982268519168,490268.8949590906
353.25,0.72472153846154,-0.18994068405330422,0.8581237891998202,-0.9146622225148442,294550.57503626304,-0.1245107224238042,1.6655098455678703,-0.8492322608853442,493141.87478817976
353.3,0.731191918918916,-0.14694385040403132,0.8615533663943508,-0.8781357693229473,296909.6812581754,-0.04116563368914933,1.6678781398305573,-0.7723575526080653,494545.33143549156
353.35,0.735072099099097,-0.10380502486437948,0.8638023376373716,-0.8388771239634765,298461.7914031151,0.04223551639426598,1.6677524097435827,-0.6928365827048311,494470.77336987155
353.4,0.738952279279279,-0.06058338518311479,0.8648652287258769,-0.7995356644623938,299196.7455436253,0.12556811636672538,1.665137693753295,-0.6133841629125536,492921.51807254076
353.45,0.74283245945946,-0.01733831917794284,0.8647391148097712,-0.7601707786374028,299109.49467279465,0.20870802259142096,1.6600476387986893,-0.534124436868039,489912.5623255296
353.5,0.745214877828053,0.025870703392858338,0.8634236482876935,-0.7193441744351946,298200.15856897226,0.29153198511328005,1.6525043086219744,-0.4536828927147729,485470.309335856
353.55,0.742287049773757,0.06898426051405687,0.8609210915502717,-0.6733027892597001,296474.05035044457,0.37391806255321297,1.6425379360589574,-0.36836898722054406,479632.15491427906
353.6,0.739359221719458,0.11194310909039423,0.8572363412202728,-0.6274161126290638,293941.657883488,0.4557460230479555,1.6301866106045744,-0.28361319867150253,472445.93518123205
353.65,0.736431393665158,0.1546883168159109,0.8523769297992487,-0.5817430768492471,290618.57218159735,0.5368977277413818,1.6154958918972064,-0.1995336659237762,463969.24030875566
353.7,0.733503565610859,0.19716139329808352,0.8463529919000455,-0.5363421723127755,286525.35475926346,0.6172574929366957,1.5985183411865147,-0.11624607267416331,454268.6021528332
353.75,0.726012054054052,0.23930441840051994,0.8391771862325278,-0.48670763565353203,281687.33995725703,0.6967124266693147,1.579312967056957,-0.029299627384737348,443418.5685180887
353.8,0.717379621621629,0.28106016553043917,0.8308645713356917,-0.4363194560911899,276134.3743603371,0.7751527354888956,1.5579445889806036,0.05777311386726658,431500.68308158964
353.85,0.708747189189196,0.32237221762429197,0.8214324392428448,-0.386374971564904,269900.50089618,0.8524719975607224,1.534483129120048,0.14372480837152646,418602.3952984985
353.9,0.700114756756761,0.3631850739762035,0.8109001174700214,-0.33692968278055757,263023.6002051578,0.9285673989200536,1.5090028498377983,0.22845264216329253,404815.9290344172
353.95,0.689805990950234,0.4034442466508258,0.7992887528724804,-0.2863617442994082,255545.004187378,1.0033399306846635,1.481581558370258,0.31353393973442956,390237.14028494974
354.0,0.676517076923082,0.4430963459919237,0.7866210948225805,-0.23342073093115834,247509.09872795007,1.0766945462157254,1.4522998047940048,0.4001774692926433,374964.39520083636
354.05,0.663228162895945,0.4820891556391411,0.7729212946616747,-0.18113900725680387,238962.93109659172,1.1485402785676817,1.421240099487308,0.4853121156717367,359097.49695834547
354.1,0.649939248868793,0.5203716982108941,0.7582147349701173,-0.12956755065789882,229955.83373032208,1.2187903197819898,1.3884861730604037,0.5688510709131969,342736.6849386534
354.15,0.6366503348416361,0.5578942933801617,0.7425278964475684,-0.07875604146147441,220539.07080114036,1.2873620646157136,1.3541222957275039,0.6507117297740774,325981.7229842357
354.2,0.619976570135758,0.5946086102786226,0.7258882643321793,-0.02536795985713547,210765.50891807355,1.3541771219465524,1.318232666471962,0.7342005518107944,308931.0867473384
354.25,0.603086751131229,0.6304677161504193,0.708324270567502,0.027380965019190295,200689.30890999353,1.4191612974760393,1.2809008755019666,0.8160745463448102,291681.2538420808
354.3,0.58619693212672,0.665426122808,0.6898652619378866,0.07922919068127998,190365.63185145153,1.4822445513119953,1.242209436010701,0.8960476191852753,274326.0947402709
354.35,0.569307113122191,0.6994398318725932,0.6705414807564424,0.13013271875040222,179850.35096601697,1.5433609336898906,1.20223937595377,0.9740538205676996,256956.3585944374
354.4,0.5510698378378537,0.7324663790431201,0.6503840429799405,0.18139654120526638,169199.7613451732,1.6024485015175653,1.1610698771413468,1.0513786636797118,239659.24615200394
354.45,0.531588756756768,0.7644648769399885,0.6294249014702173,0.23287612018322057,158470.28263631713,1.6594492178121123,1.1187779502542778,1.1278604610553442,222518.06257336237
354.5,0.51210767567568,0.7953960555604058,0.607696786188639,0.28328837988472577,147718.15357760017,1.71430883560067,1.0754381372501167,1.2022011599249898,205611.94436480018
354.55,0.492626594594615,0.8252222990845176,0.5852331179928502,0.3325957044899026,136999.1209582533,1.766976767520937,1.0311222366692039,1.2743501729263218,189015.65634732475
354.6,0.472988558558575,0.8539076777509561,0.5620678984754957,0.3809191191923811,126368.12899866403,1.8174059422660276,0.9858990526858178,1.3444173837074525,172799.4563709854
354.65,0.45154554054054996,0.8814179738009176,0.5382355849971902,0.4298724332603676,115879.01798290701,1.8655526492161043,0.9398341754022607,1.4140071086755543,157029.02706738617
354.7,0.430102522522525,0.9077207010836347,0.5137709643542374,0.47761817856110966,105584.24152539323,1.9113763731157014,0.8929898044258199,1.4812738505931764,141765.47392150472
354.75,0.4086595045045,0.9327851186182352,0.48870903992935627,0.5241256141137351,95534.61028346926,1.95483962129682,0.8454246295477105,1.54618011679232,127065.38742149039
354.8,0.3872164864865,0.9565822391526646,0.463084946410552,0.5693657526661646,85779.06703682552,1.9959077466517214,0.7971937819508172,1.6086912601652215,112980.96461885283
354.85,0.36477931674209,0.9790848343772297,0.4369339026713777,0.6143055176351397,76364.49412145639,2.034548770149383,0.7483488660888463,1.6697694534072929,99560.18228914881
354.9,0.34178293665158693,1.000267438873631,0.41029120880530656,0.658484502222044,67335.55040916786,2.0707332070906648,0.69893807774696,1.7289502704390778,86847.01093770943
354.95,0.318786556561085,1.020106355024762,0.3831922868374296,0.701319798463677,58734.53147667957,2.1044339014106304,0.6490064069981205,1.7856473448495453,74881.65623548624
355.0,0.295790176470582,1.0385796609145854,0.3556727579394602,0.7427894844440035,50601.24429610473,2.1356258720854666,0.5985959174442408,1.8398356956148847,63700.812867717745
355.05,0.272570212669699,1.05566722274171,0.3277685432165942,0.7830970100720112,42972.88716893135,2.164286175103239,0.5477460865168542,1.8917159624335402,53337.915607916286
355.1,0.248557542986436,1.071350712538465,0.29951597268381736,0.822793169552029,35883.92715709329,2.190393783587082,0.49649418819506375,1.9418362406006462,43823.374028706734
355.15,0.2245448733031729,1.085613631209951,0.2709518863282076,0.861068757906778,29365.969881925575,2.213929487696228,0.4448756978807119,1.9893846143930551,35184.77983375119
355.2,0.20053220361991,1.0984413361126322,0.24211371266202122,0.8979091324927222,23447.61994359511,2.2348758149079826,0.3929246999356814,2.0343436112880724,27447.07907903027
355.25,0.176519533936647,1.109821071773077,0.21303951439715066,0.93330153783643,18154.333877829504,2.2532169704074936,0.34067428217535506,2.0766974364708464,20632.705161901056
355.3,0.152192117117138,1.1197420019582778,0.18376799678360853,0.9675498848411398,13508.270656744142,2.268938796652431,0.2881569074383638,2.116746679535293,14761.671698567427
355.35,0.127786013513533,1.1281952412693423,0.15433848107816567,1.0004092277558094,9528.146696606122,2.282028750875149,0.23540475958620305,2.154242737361616,9851.626815260099
355.4,0.10337990990992794,1.1351738846913477,0.12479085101206785,1.0317939747814198,6229.102598526447,2.2924758993048373,0.1824500673143557,2.1890959893949096,5917.871477868965
355.45,0.0789738063063228,1.140673034039419,0.09516548442827759,1.0616992277330963,3622.587770587498,2.3002709271952915,0.12932541429048003,2.2212971208889685,2973.3444944718744
355.5,0.0546603135135261,1.144689820905188,0.06550318385192636,1.0900295073916617,1716.2668378957062,2.305406164247883,0.07606404662856753,2.250745850734357,1028.5758559134035
355.55,0.0305114621621946,1.1472234263938998,0.035845119808372135,1.1167119642317052,513.949045630621,2.3078756255884336,0.022700189565048573,2.277364163426239,91.60864111806937
355.6,0.0063626108108355,1.1482750985790053,0.006232797284605827,1.14191248776817,15.539104796395906,2.3076750690121566,-0.030730617612221817,2.301312458201321,167.8881526806396
355.65,-0.017786240540523447,1.1478481689693554,-0.02329194976010615,1.1656344095098787,217.0059694509236,2.3048020695194267,-0.0841911645809583,2.3225883100599503,1260.1159455107568
355.7,-0.0419350918918825,1.1459480693910626,-0.052686937298293504,1.1878831612829452,1110.3653447497245,2.299256112215323,-0.137642193639484,2.3411912041072056,3368.06639464697
355.75,-0.065414149321263,1.1425823504447863,-0.08190959067923079,1.2079964997660493,2683.672418095652,2.2910387043319544,-0.1910420128551542,2.3564528536532174,6488.364564577583
355.8,-0.0888349638008793,1.137760702244912,-0.11091689636618554,1.2265956660457915,4921.023159802857,2.280153506574194,-0.24434611292516084,2.3689884703750734,10614.226293624082
355.85,-0.112255778280522,1.1314949774406091,-0.1396653615231922,1.2437507557211311,7802.565283761591,2.2666064831371973,-0.2975068066848216,2.3788622614177193,15735.164448675521
355.9,-0.13567659276016428,1.1237992157309316,-0.16811099715386627,1.2594758084910957,11304.522945626892,2.2504060687645926,-0.3504729112374936,2.386082661524757,21836.668713117164
355.95,-0.158451027149311,1.114689668345639,-0.19620933816593208,1.27314069549495,15399.241753405238,2.231563350243112,-0.4031894910718673,2.390014377392423,28899.869459696245
356.0,-0.180579081447958,1.1041848204143156,-0.22391550857504186,1.2847639018622736,20055.26199216786,2.2100922589190857,-0.4555976757766528,2.3906713403670437,36901.198608548984
356.05,-0.20270713574658,1.0923054088785844,-0.2511843346535886,1.2950125446251644,25237.427990146392,2.1860097702828023,-0.5076345605627778,2.3887169060293822,45812.06170271369
356.1,-0.224835190045227,1.079074433610317,-0.27797050219841607,1.303909623655544,30907.040036975854,2.159336106412428,-0.5592331907924784,2.384171296457655,55598.5354104776
356.15,-0.2468311621621453,1.0645171597577179,-0.3042287483711685,1.3113483219198632,37022.0525341951,2.1300949371947246,-0.6103226252289061,2.37692609935687,66221.10344289846
356.2,-0.26730818918918,1.0486611099213607,-0.32991407377691767,1.3159692991105407,43537.31843043259,2.0983135766314294,-0.6608280669199222,2.3656217658206096,77634.44160517711
356.25,-0.287785216216214,1.0315360455668137,-0.3549819585230009,1.3193212617830277,50404.87635073021,2.0640231712115034,-0.7106710475295689,2.3518083874277176,89787.26005275996
356.3,-0.308262243243224,1.0131739378449756,-0.3793885674703535,1.3214361810881996,57574.27405088279,2.0272588780186966,-0.7597696512884403,2.3355211212619205,102622.20853670368
356.35,-0.328739270270258,0.9936089286780255,-0.4030909329535106,1.3223481989482835,64992.92009173263,1.9880600309076362,-0.8080387668366457,2.3167993011778942,116075.84865971324
356.4,-0.3479153963963902,0.972877283422376,-0.4260471082184299,1.3207926798187661,72606.4553685146,1.946470293553593,-0.8553903595201673,2.294385689949983,130078.69638400729
356.45,-0.366359765765766,0.9510173366236598,-0.4482162908417557,1.3173771023894258,80359.13735037654,1.9025377984303466,-0.9017337623180637,2.268897564196113,144555.3383296516
356.5,-0.384804135135141,0.9280694322357416,-0.46955892219639456,1.3128735673708825,88194.23256569589,1.8563152706851882,-0.9469759902903399,2.241119405820329,159424.62687757684
356.55,-0.403248504504496,0.9040758592520461,-0.49003677345247715,1.3073243637565422,96054.41573428577,1.8078601355126862,-0.991022087981505,2.211108640017182,174599.96068750613
356.6,-0.421115447963798,0.8790807830970131,-0.5096130315623622,1.300196231060811,103882.17677527246,1.7572346070762874,-1.033775522367184,2.1783500550400854,189989.65878143007
356.65,-0.436672687782806,0.8531301724289939,-0.5282523988076782,1.2898028602118,111620.2387384265,1.7045057563693817,-1.0751386341967037,2.141178444152188,205497.43693197396
356.7,-0.452229927601814,0.8262717203827569,-0.5459212173537581,1.2785016479845708,119211.99022280367,1.6497455548215616,-1.1150131583679401,2.1019754824233754,221022.99437042652
356.75,-0.467787167420821,0.7985547587996098,-0.5625876256998096,1.2663419262204307,126601.93463621962,1.5930308900242625,-1.153300819028733,2.0608180574450836,236462.71629730606
356.8,-0.483344407239812,0.7700301638132213,-0.5782217476454709,1.2533745710530333,133736.15578007302,1.5344435498475713,-1.1899039980544999,2.0177879570873833,251710.49325974812
356.85,-0.495638882352938,0.7407502512769314,-0.5927959081592121,1.2363891336298694,140562.79549212204,1.4740701714631603,-1.2247264681863246,1.9697090538160984,266658.65277798194
356.9,-0.507013090497737,0.7107686609529247,-0.6062848648391099,1.2177817514506617,147032.53493319114,1.4120021524125062,-1.2576741750003468,1.9190152429102432,281198.9920822761
356.95,-0.518387298642536,0.6801402290438494,-0.6186660401172401,1.1985275276863854,153099.06767773864,1.348335521784379,-1.288656046786797,1.866722820426915,295223.89456358674
357.0,-0.529761506787334,0.648920849446764,-0.6299197373126407,1.178682356234098,158719.55018241052,1.2831707707071005,-1.31758480784652,1.8129322774944345,308627.50682096905
357.05,-0.539194675675672,0.6171673249473286,-0.6400293246776005,1.1563620006230007,163855.01457890618,1.2166126426133876,-1.3443777704241544,1.7558073182890597,321306.9492641103
357.1,-0.545177108108105,0.5849372102663911,-0.6489813757845841,1.1301143183744962,168470.73044610067,1.148769884901581,-1.3689575837570802,1.693946993009686,333163.53175573744
357.15,-0.551159540540538,0.5522886493191261,-0.6567657601528171,1.1034481898596642,172536.50548364306,1.0797549645717923,-1.3912529238245692,1.6309145051123304,344103.94632007333
357.2,-0.55714197297297,0.5192802091947593,-0.6633756843965741,1.0764221821677293,176026.91945944924,1.009683751079076,-1.4111991138551563,1.566825724052046,354041.4113681028
357.25,-0.563124405405403,0.4859707132051298,-0.6688076895813407,1.0490951186105328,178921.49025725242,0.9386751699840463,-1.4287386716539352,1.5017995753894493,362896.74522301357
357.3,-0.563364257918552,0.4524190749309807,-0.6730616165053768,1.0157833328495327,181204.77584513236,0.8668508310194991,-1.443821786856589,1.4302150889380512,370599.35150253394
357.35,-0.563104755656109,0.4186841344977633,-0.6761405533908598,0.9817888901538723,182866.41917587921,0.7943346338922403,-1.4564067353286352,1.3574393895483494,377088.10288188676
357.4,-0.562845253393665,0.3848244976032057,-0.6780507807317134,0.9476697509968707,183901.14450035445,0.7212523547574823,-1.4664602396211177,1.2840976081511473,382312.11278037797
357.45,-0.562585751131222,0.3508983771027372,-0.6788017254387031,0.9134841282339592,184308.7129834242,0.6477312158427718,-1.4739577832083477,1.210316966973994,386231.3860765274
357.5,-0.559082463963967,0.31696343650144276,-0.6784059313901365,0.8760459004654098,184093.84309812743,0.573899440430786,-1.4788838824003072,1.1329819043947529,388817.34002193884
357.55,-0.5523353918919,0.2830766344425445,-0.6768790488298481,0.8354120263344444,183266.09869791995,0.4998857952869816,-1.4812323161339818,1.0522211871788816,390053.1865528249
357.6,-0.545588319819826,0.24929406933224021,-0.6742398382719268,0.7948823891520662,181839.74380518158,0.42581912276114164,-1.4810063077657045,0.9714074425809677,389934.1659807653
357.65,-0.5388412477477516,0.21567082359576428,-0.6705101795343928,0.7545120713435158,179833.5603436975,0.351827865211512,-1.4782186484096422,0.8906691129592635,388467.6217788497
357.7,-0.531733361990954,0.18226080764822064,-0.6657150711268168,0.7139941696391746,177270.6223701531,0.27803958503428217,-1.4728917462890014,0.8097729470252362,385672.906006447
357.75,-0.518972728506788,0.14911660445180142,-0.6598826057952545,0.6680893329585894,174178.0213724541,0.2045804844009868,-1.465057587408262,0.7235532129077749,381581.10834178096
357.8,-0.506212095022637,0.11628931615105952,-0.6530439093215692,0.6225014111736965,170586.53900079915,0.1315749294402333,-1.454757594616182,0.6377870244628703,376234.6060610595
357.85,-0.493451461538472,0.08382841491277404,-0.6452330329866799,0.5772798764512461,166530.26674287597,0.059144984222244595,-1.4420423760479095,0.5525964457607166,369686.4381009601
357.9,-0.4806908280543026,0.05178160038427935,-0.6364867956598211,0.5324724284385819,162046.17641972276,-0.012590039859368879,-1.426971360433666,0.4681007881949337,361999.5135107391
357.95,-0.464967342342347,0.020194666292354654,-0.6268445774467948,0.48516200863470166,157173.64970978026,-0.08351401371019512,-1.409612323890814,0.38145332863215187,353245.671762642
358.0,-0.447577252252252,-0.010888621625790355,-0.6163480745843694,0.4366886306264616,151953.97961754372,-0.153514394063533,-1.3900408220140332,0.29406285818871897,343504.619887191
358.05,-0.430187162162176,-0.04142663474031241,-0.6050410290646715,0.3887605274218636,146429.85874065466,-0.22248259663331443,-1.368339546398929,0.20770456552886157,332862.7758647514
358.1,-0.41279707207208,-0.07137997684021737,-0.5929689495872457,0.34141709523186264,140644.8700698406,-0.2903143356938211,-1.3445976293190363,0.1224827363782589,321412.050625844
358.15,-0.3948029638009063,-0.10071156559913923,-0.5801788387906704,0.29409139820176705,134642.9939921963,-0.35690992809285593,-1.318909919870543,0.03789303570805036,309248.600308075
358.2,-0.374392782805429,-0.12938670085297396,-0.5667189411254385,0.24500608195245502,128468.1432921353,-0.4221745608426426,-1.2913762551472818,-0.04778177803721362,296471.57908590534
358.25,-0.35398260180995,-0.1573731210107525,-0.5526385207057634,0.19660948079919752,122163.73382714178,-0.48601852256976114,-1.2621007454243507,-0.13203592075981113,283181.9185067914
358.3,-0.333572420814494,-0.18464104915987514,-0.537987671606432,0.14893137165461887,115772.29392020404,-0.5483573998251269,-1.2311910852823038,-0.21478497901063287,269481.1535073097
358.35,-0.313162239819014,-0.21116323044049212,-0.5228171566727358,0.10199900937852185,109335.11172454557,-0.6091122397280119,-1.1987578955685292,-0.2959499999089979,255470.3097222913
358.4,-0.2919636621621697,-0.23691496187185992,-0.5071782653522655,0.055048700290309754,102891.91713829323,-0.668209680441089,-1.1649140944136083,-0.3762460182789193,241248.86175350702
358.45,-0.270542716216223,-0.2618741153072984,-0.49112267858055264,0.008668600908924573,96480.59416645473,-0.7255820508199626,-1.1297742917059694,-0.45503933460373963,226913.76892439555
358.5,-0.249121770270276,-0.28602115350734847,-0.47470232642926935,-0.03689938323707248,90136.91948694423,-0.7811674401753772,-1.093454197623625,-0.5320456699051013,212558.59240901787
358.55,-0.227700824324353,-0.30933913864615814,-0.4579692259301421,-0.08163831432180513,83894.32475962142,-0.8349097386202453,-1.056070036112317,-0.6072089142958923,198272.69709764808
358.6,-0.206462076923101,-0.3318137320050192,-0.44097528953149984,-0.12535165508191817,77783.68239095605,-0.8867586480550284,-1.017737956032523,-0.6802965711319273,184140.54171542363
358.65,-0.18557700904978797,-0.35343318327723133,-0.4237721014555651,-0.16785617422744337,71833.1175888263,-0.9366696636045565,-0.9785734386130739,-0.7510926545547685,170241.06217938053
358.7,-0.164691941176475,-0.3741883079537966,-0.4064106653669058,-0.20949636677732159,66067.85156958843,-0.9846040254193433,-0.9386907054960898,-0.8199120842428683,156647.15388173278
358.75,-0.143806873303162,-0.3940724515421309,-0.3889411320930911,-0.2502655782389689,60510.08169354214,-1.0305286410746708,-0.8982021367879633,-0.8867217677715088,143425.2584054157
358.8,-0.122921805429873,-0.4130814399507287,-0.37141252086318094,-0.2901596345208557,55178.904261577125,-1.0744159794160717,-0.8572177133250755,-0.9514941739861987,130635.05920680378
358.85,-0.104006345945952,-0.43121351609930936,-0.3538724499105775,-0.3272071701533574,50090.284322285675,-1.11624393746787,-0.8158444999244532,-1.0122375915219182,118329.2885434633
358.9,-0.0852621567567613,-0.4484692636367055,-0.33636689259763164,-0.3632071068799442,45257.07457431466,-1.1559956828953741,-0.7741861868895296,-1.0707335261386128,106553.64479476436
358.95,-0.066517967567571,-0.4648515193766673,-0.31893997165706883,-0.3983335518090963,40689.08220824475,-1.1936594752965775,-0.732342703509758,-1.1271415077290063,95346.81517937446
359.0,-0.0477737783783807,-0.4803652765726548,-0.3016337993729479,-0.4325914981942741,36393.17956966391,-1.2292284701627283,-0.6904099122916749,-1.1814546917843476,84740.59502055081
359.05,-0.0305946733031849,-0.49501758139813584,-0.28448836522818016,-0.46442290809495096,32373.45198008097,-1.2627005096266548,-0.6484793858472393,-1.2321058363234698,74760.09135445558
359.1,-0.0151110760181137,-0.5088174249061578,-0.26754146625056496,-0.4937063488880441,28631.374465400877,-1.2940779040257169,-0.6066382612607454,-1.2789668280076032,65423.996448970734
359.15,0.0003725212669573961,-0.5217756323760863,-0.2508286700885197,-0.5221481536430437,25166.00869535019,-1.3233672078953584,-0.5649691605513788,-1.3237397291623159,56744.915977623044
359.2,0.0158561185520286,-0.533904751339882,-0.2343832965509627,-0.5497608698919106,21974.21188083861,-1.3505789932955827,-0.5235501604495951,-1.3664351118476112,48729.736978986104
359.25,0.0310666837837808,-0.5452189388368842,-0.21823640306855607,-0.576285622620665,19050.851049720506,-1.3757276224766266,-0.48245479338192515,-1.4067943062604074,41380.022694612635
359.3,0.0419997468468349,-0.5557338477565439,-0.20241676051734211,-0.5977335946033788,16389.017975334013,-1.398831021001027,-0.4417520617287386,-1.440830767847862,34692.42382961623
359.35,0.0529328099099014,-0.5654665115150591,-0.18695080993879404,-0.6183993214249606,13980.242134708436,-1.4199104515924492,-0.4015064509958503,-1.4728432615023506,28659.09870067256
359.4,0.06386587297296786,-0.5744352260025778,-0.17186259621241082,-0.6383010989755457,11814.700790748066,-1.438990288424093,-0.36177793298807864,-1.502856161397061,23268.13738615586
359.45,0.0747989360360345,-0.5826594276711905,-0.15717368132918097,-0.657458363707225,9881.426441026771,-1.456097791250789,-0.32262195697878376,-1.5308967272868237,18503.987044412483
359.5,0.0825422760181002,-0.5901595669537782,-0.14290304585249938,-0.6727018429718784,8168.512205568616,-1.4712628788928523,-0.28408943353435295,-1.5538051549109526,14347.876665932363
359.55,0.0883306244343844,-0.5969569767052247,-0.1290669908320375,-0.6852876011396092,6663.315248974899,-1.484517901907745,-0.2462267202764054,-1.5728485263421295,10778.239604991146
359.6,0.0941189728506752,-0.603073736067899,-0.11567905528134383,-0.6971927089185742,5352.65753231368,-1.4958974148737232,-0.20907562279248554,-1.5900163877243985,7771.13174152279
359.65,0.09990732126696472,-0.608532530899572,-0.10274996333551267,-0.7084398521665367,4223.0219861796795,-1.5054379493771135,-0.17267342393659524,-1.6053452706440783,5300.642014931048
359.7,0.104640207207207,-0.6133565125630561,-0.09028761339227007,-0.7179967197702631,3260.7412528288105,-1.51317778943405,-0.13705295378215848,-1.617817996641257,3339.291047184795
359.75,0.105151243243243,-0.6175691573654223,-0.07829711494270333,-0.7227204006086653,2452.175283340359,-1.51915675157916,-0.10224270643388576,-1.624307994822403,1858.412625586799
359.8,0.105662279279279,-0.6211941290287073,-0.06678087290564874,-0.7268564083079863,1783.8739944161641,-1.523415971977124,-0.06826700412692184,-1.629078251256403,828.5126848826957
359.85,0.106173315315315,-0.6242551464562541,-0.05573871313665222,-0.7304284617715692,1242.7216568520028,-1.5259977028226643,-0.0351462027128316,-1.6321710181379794,219.60098935670248
359.9,0.10668435135134682,-0.6267758585668023,-0.045168037971592134,-0.7334602099181491,816.0606616812756,-1.5269451198119188,-0.0028969273046602143,-1.6336294711632657,1.4919444992863813
359.95,0.103576071493212,-0.628779727362329,-0.03506399683582207,-0.732355798855541,491.7935496410161,-1.5263021418424823,0.028467677599173347,-1.6298782133356942,144.07265206941796
360.0,0.0993248497737539,-0.6302899195405313,-0.02541965517562606,-0.7296147693142851,258.4635476990931,-1.5241132631906569,0.05893770168301889,-1.6234381129644109,617.5382541647159
360.05,0.0950736280543008,-0.631329206218984,-0.016226147720715157,-0.7264028342732848,105.31514794178788,-1.5204233975849666,0.08850624202476774,-1.6154970256392673,1392.5964226394246
360.1,0.0908224063348429,-0.631919869700793,-0.007472805855736226,-0.7227422760356359,22.337130943010248,-1.515277732851223,0.11716920842401551,-1.6061001391860659,2440.644160481847
360.15,0.08529450945945778,-0.6320836158778266,0.000852744288861746,-0.7173781253372844,0.29086912887453,-1.5087215943583798,0.14492516641340336,-1.5940161038178375,3733.920686213806
360.2,0.0772883608108114,-0.6318414908258073,0.008764511794034197,-0.7091298516366187,30.72666679510581,-1.5008003153532163,0.17177521847133623,-1.5780886761640278,5245.6401210444965
360.25,0.0692822121621623,-0.6312138003438623,0.016278091130403502,-0.7004960125060247,105.99050033988846,-1.4915591123989216,0.1977229166636185,-1.560841324561084,6950.106982038795
360.3,0.0612760635135222,-0.6302200317378619,0.023410620345284565,-0.6914960952513841,219.22285798042066,-1.4810429646498318,0.22277419460644607,-1.5423190281633539,8822.816316897903
360.35,0.0532699148648731,-0.6288787777970571,0.030180732132525444,-0.6821486926619302,364.35063682210154,-1.469296496363954,0.24693730275189976,-1.5225664112288273,10840.538931623716
360.4,0.0430124135746574,-0.6272076637041514,0.03660848396663201,-0.6702200772788087,536.0724393340611,-1.4563638629134088,0.2702227313674052,-1.4993762764880663,12981.391030695262
360.45,0.0325047619909568,-0.6252232781697883,0.042715257230289655,-0.657728040160745,729.837280099925,-1.4422886412109899,0.29264310871233695,-1.4747934032019467,15224.88694699034
360.5,0.0219971104072441,-0.622941110531633,0.04852361935314894,-0.6449382209388771,941.8166540517161,-1.4271137260512319,0.3142130656733591,-1.449110836458476,17551.973447084565
360.55,0.0114894588235435,-0.6203754956671214,0.054057149487971426,-0.6318649544906648,1168.8701643059558,-1.410881234110468,0.33494906471917324,-1.4223706929340114,19945.04461444425
360.6,0.0006071254054174,-0.6175395684227749,0.05934023380503407,-0.6181466938281923,1408.5053392144434,-1.3936324173280192,0.3548691970203958,-1.3942395427334366,22387.93724336009
360.65,-0.0106811133333376,-0.6144452287874469,0.06439784287847533,-0.6037641154541094,1658.8328669603184,-1.3754075870093803,0.37399295871680444,-1.3647264736760427,24865.908119066557
360.7,-0.0219693520720671,-0.6111031183285545,0.06925530624442569,-0.5891337662564874,1918.5189772036751,-1.3562460493359096,0.3923410208357148,-1.3342766972638425,27365.59584540637
360.75,-0.0332575908108094,-0.6075226076442801,0.0739380998220778,-0.5742650168334708,2186.7370421198166,-1.3361860522055218,0.40993500887325485,-1.3029284613947123,29874.97093331832
360.8,-0.0445050909502165,-0.6037117938350473,0.07847165935260805,-0.5592067028848308,2463.1205286207037,-1.3152647425433328,0.4267973062677892,-1.2707596515931163,32383.278335545077
360.85,-0.0547748647058748,-0.5996775064511366,0.08288122932602703,-0.5449026417452618,2747.719269837393,-1.2935181326085403,0.4429508927592956,-1.2387432679026655,34880.976603779025
360.9,-0.0650446384615447,-0.5954253200042974,0.08719175134448728,-0.5303806815427526,3040.96060100756,-1.2709810733737177,0.4584192232425178,-1.205936434912173,37359.67719791527
360.95,-0.0753144122171913,-0.5909595711334219,0.0914277886571898,-0.5156451589162306,3343.616215497505,-1.2476872329771491,0.47322614523849205,-1.1723728207599577,39812.08613996131
361.0,-0.0855841859728496,-0.5862833788111271,0.09561347805257846,-0.5006991928382776,3656.7748741243613,-1.223669078489564,0.4873958469787097,-1.1380848925167144,42231.94873815001
361.05,-0.0940683184684614,-0.5813986665429762,0.09977249590616293,-0.4873303480745148,3981.820375738119,-1.1989578597804744,0.5009528229101603,-1.104889541312013,44613.99658340595
361.1,-0.101458025675671,-0.5763061862172447,0.10392802371592595,-0.47484816054157375,4320.413645399227,-1.1735835949964766,0.513921841108508,-1.0721255693208056,46953.89489215264
361.15,-0.1088477328828883,-0.5710055439915682,0.1081026988883385,-0.46215781110867993,4674.477402777113,-1.147575057954139,0.5263278967612843,-1.0387273250712508,49248.18753940572
361.2,-0.11623744009009,-0.565495229253822,0.11231853958046085,-0.449257789163732,5046.18173339502,-1.12095976849569,0.5381961383920275,-1.0047223284056,51494.237045349415
361.25,-0.122889452488689,-0.5597726481208818,0.11659683794488208,-0.4368831956321928,5437.929047498038,-1.0937639873950746,0.5495517588470059,-0.9708745349063856,53690.1574492156
361.3,-0.126180855203618,-0.5538341630676283,0.12095802226293671,-0.42765330786401035,5852.337259904438,-1.0660127176436418,0.560419849397383,-0.9398318624400238,55834.739128637404
361.35,-0.129472257918551,-0.5476751400966163,0.1254214948603483,-0.41820288217806534,6292.220549201749,-1.0377297138571353,0.570825222262952,-0.9082574559385843,57927.36611049751
361.4,-0.1327636606334867,-0.5412900043820211,0.1300054572849105,-0.4085263437485344,6760.567569543476,-1.0089375011286041,0.5807922122666251,-0.8761738404951174,59967.92779192188
361.45,-0.136055063348416,-0.5346723046679356,0.13472673776322625,-0.3986172413195196,7260.5175473284535,-0.979657404013715,0.5903444728019621,-0.843602340665299,61956.728278724724
361.5,-0.135797850678733,-0.5278147859049541,0.13960063642364842,-0.3920169352262211,7795.33507595507,-0.9499095855065933,0.59950478270685,-0.8141117348278604,63894.39724237999
361.55,-0.134420022624435,-0.5207094689031722,0.14464080145323757,-0.3862894462787372,8368.384578013956,-0.9197130950837803,0.6082948790525751,-0.7852930724593453,65781.80620117101
361.6,-0.133042194570136,-0.5133477352043972,0.14985914495485225,-0.38030554063426125,8983.105330639768,-0.8890859242137299,0.6167353269089121,-0.7560437296435939,67619.99350354537
361.65,-0.1316643665158346,-0.5057204151035808,0.1552658011690705,-0.3740560485877462,9642.987605069333,-0.8580450673387133,0.6248454311013895,-0.7263807008228788,69410.10004769445
361.7,-0.128748540540541,-0.4978178767458161,0.16086912424984506,-0.36906933620527516,10351.550054764835,-0.8266065862208825,0.6326431892011536,-0.6978580456803415,71153.31641646339
361.75,-0.122847189189188,-0.48963011453089256,0.1666757160536807,-0.36678292534170454,11112.317728802876,-0.7947856757616576,0.6401452776359139,-0.6719384865724696,72850.84026303311
361.8,-0.116945837837834,-0.48114683565515126,0.17269047067970097,-0.3642009978173173,11928.799465430664,-0.7625967299507477,0.6473670582348626,-0.6456508921129137,74503.84143780623
361.85,-0.111044486486488,-0.47235754432181787,0.1789166203926954,-0.36131305783532985,12804.462821097548,-0.7300534072959693,0.6543225895296869,-0.6190089208094813,76113.43131890403
361.9,-0.1051431351351241,-0.4632516239207931,0.18535576932263917,-0.35810848878566903,13742.704488474968,-0.6971686958913966,0.66102462808606,-0.5920255607562726,77680.63269978914
361.95,-0.0956172972972956,-0.4538184180493643,0.1920079043186526,-0.35820112075206867,14746.814128336342,-0.6639549789219331,0.6674846076074574,-0.5683376816246375,79206.34691429003
362.0,-0.0856887387387364,-0.4440473117051168,0.19887137715813485,-0.3583585729663804,15819.929861109249,-0.6304241019514263,0.6737125881381131,-0.5447353632126899,80691.3158072453
362.05,-0.0757601801801773,-0.433927814071954,0.20594285898126552,-0.35816763389177675,16964.984466150967,-0.5965874435218048,0.6797171745433204,-0.5208272633416275,82136.07775451637
362.1,-0.0658316216216294,-0.4234496441535537,0.21321727384760114,-0.3576180225319243,18184.642346801174,-0.5624559904975649,0.6855054099690006,-0.49662436887593553,83540.91859498089
362.15,-0.0544268781900388,-0.4126028199895243,0.22068772413204826,-0.35817594179948553,19481.228633033214,-0.5280404191116723,0.691082656596201,-0.47361354092163355,84905.82013298894
362.2,-0.0412892220814538,-0.40137775150934324,0.2283454219613508,-0.36008852942788944,20856.65269228294,-0.4933511819865379,0.696452478382412,-0.4520619599050841,86230.40971466737
362.25,-0.0281515659728537,-0.38976533634965344,0.23617964177910092,-0.36161377037679976,22312.329276361772,-0.4583986006283201,0.7016165422060769,-0.43024703465546643,87513.91507505986
362.3,-0.0150139098642537,-0.3777570572396107,0.24417770656482757,-0.362743147375357,23849.100953303616,-0.4231929620876261,0.7065745519398454,-0.40817905222337236,88755.1284353766
362.35,-0.0017884513513657,-0.36534507904334657,0.2523250167181239,-0.3635566276919809,25467.165624720605,-0.38774461785406983,0.7113242268096021,-0.38595616650270415,89952.38322600503
362.4,0.0135442648648727,-0.3525223432224618,0.26060512361071975,-0.3660666080873345,27166.012180863407,-0.3520640826066339,0.715861328402739,-0.3656083474715066,91103.54515600608
362.45,0.0288769810810764,-0.339282657603659,0.2689998429860512,-0.3681596386847354,28944.366210608074,-0.3161621304552977,0.7201797334317245,-0.34503911153637407,92206.01750147372
362.5,0.0442096972972975,-0.3256207796641235,0.277489398546108,-0.369830476961421,30800.146522192303,-0.2800498865568129,0.7242715438315481,-0.3242595838541104,93256.75896962386
362.55,0.0595424135135185,-0.31153249217209006,0.2860525819940775,-0.3710749056856086,32730.43186619138,-0.24373891257259603,0.7281272207907045,-0.3032813260861145,94252.31105002583
362.6,0.0756485995475021,-0.29701467072285265,0.2946669144592932,-0.37266327027035473,34731.436190784174,-0.20724128514597476,0.7317357270615251,-0.28288988469347687,95188.830979246
362.65,0.09227043212671,-0.2820653434940259,0.3033087940889245,-0.3743357756207359,36798.48982867105,-0.1705696674100227,0.7350846609239267,-0.2628400995367327,96062.12599567008
362.7,0.10889226470588,-0.2666837442071113,0.311953618903485,-0.37557600891299125,38926.0241387923,-0.13373737428660706,0.7381603689193783,-0.24262963899248707,96867.68537656759
362.75,0.125514097285069,-0.2508703596918022,0.32057587935862136,-0.3763844569768712,41107.557770621344,-0.09675843285233096,0.7409480296127949,-0.22227253013739995,97600.70801548148
362.8,0.142195283783789,-0.23462697356872694,0.3291492219966293,-0.37682225735251595,43335.68413639455,-0.059647639272813364,0.7434317077551607,-0.20184292305660237,98256.1251725786
362.85,0.159146860360352,-0.21795670734388242,0.3376464904183704,-0.3771035677042344,45602.060996737084,-0.022420613672555163,0.745594383603199,-0.18156747403290716,98828.61953077941
362.9,0.1760984369369532,-0.20086405980682412,0.3460397546645067,-0.37696249674377735,47897.4047233088,0.014906146037435113,0.7474179677454602,-0.1611922908995181,99312.64329044512
362.95,0.193050013513516,-0.18335494494065194,0.35430034359279045,-0.37640495845416794,50211.49338798775,0.05231521102138606,0.7488833161815723,-0.14073480249212994,99702.43933424157
363.0,0.210001590090098,-0.16543672783352864,0.3623988949615725,-0.37543831792362664,52533.183627747545,0.08978816946469192,0.7499702613593282,-0.12021342062540608,99992.06985304518
363.05,0.226731506787342,-0.1471182573792991,0.37030543508510644,-0.37384976416664106,54850.446101427995,0.12730557676846255,0.750657672694553,-0.09942593001887945,100175.45628003603
363.1,0.243383542986421,-0.12840989411170084,0.3779894946123044,-0.37179343709812185,57150.42321490612,0.16484690969252905,0.7509235550982142,-0.07853663329389196,100246.4329957939
363.15,0.2600355791855389,-0.10932353130190095,0.3854202618708354,-0.36935911048743986,59419.51130423333,0.20239052646079447,0.7507451888940379,-0.057645052724744406,100198.81575956348
363.2,0.276687615384618,-0.08987260754405688,0.39256676865089546,-0.36656022292867485,61643.46713960227,0.2399136348365023,0.7500993075486599,-0.0367739805481157,100026.48376621852
363.25,0.292957810810816,-0.07007210945007113,0.3993980979996664,-0.36302992026088715,63807.53627430046,0.2773922698396389,0.7489623036438138,-0.015565540971177128,99723.47240523525
363.3,0.308416594594601,-0.04993856370852046,0.4058835990386607,-0.3583551583031215,65896.59838743052,0.31480128216668807,0.7473104480969704,0.006384687572087044,99284.07214842574
363.35,0.323875378378368,-0.029490018568396704,0.41199309277034624,-0.3533653969467647,67895.32339619004,0.35211433754399674,0.7451201056816761,0.02823895916562874,98702.92833619061
363.4,0.3393341621621706,-0.008746015562116176,0.417697054409453,-0.3480801777242868,69788.33170493341,0.3893039264268912,0.7423679307217637,0.049969764264720606,97975.13681139793
363.45,0.354792945945937,0.01227244706370393,0.4229667616032829,-0.34252049888223307,71560.35256846734,0.4263413827058902,0.7390310301680444,0.0715484367599532,97096.33129799837
363.5,0.368527402714927,0.033542957354770676,0.42777440310776865,-0.3349844453601563,73196.3759816831,0.46319690958256404,0.7350870863462695,0.09466950686763703,96062.75991343074
363.55,0.382026723981898,0.055041737095690574,0.43209314852300534,-0.3269849868862075,74681.79560020957,0.4998396105255501,0.7305144379286816,0.11781288654365207,94871.35004840136
363.6,0.395526045248854,0.07674369191634162,0.4358971865986353,-0.31878235333251237,76002.5429138422,0.5362375233451268,0.725292125179544,0.14071147809627277,93519.76299510388
363.65,0.4090253665158387,0.09862246277075169,0.4391617440675906,-0.310402903745087,77145.2149809952,0.5723576558648651,0.7193999108065648,0.16333228934902638,92006.44118550996
363.7,0.421087552036192,0.12065047817168484,0.44186309949703917,-0.3004370738645072,78097.19947885213,0.6081660223312012,0.7128182912099538,0.18707847029500918,90330.65178372951
363.75,0.431462665158366,0.14279900729740952,0.4439786065047441,-0.2886636578609565,78846.80121355774,0.6436276804725439,0.7055285136512717,0.21216501531417792,88492.53041332847
363.8,0.441837778280541,0.16503821475371316,0.4454867384857507,-0.27679956352682783,79383.37366666866,0.6787067698625433,0.6975126133273344,0.2368689915820023,86493.12813346267
363.85,0.452212891402703,0.18733721827882258,0.44636716223502476,-0.2648756731238804,79697.45740869957,0.7133665528493055,0.6887534799383715,0.2611536614466025,84334.4633115052
363.9,0.462418243243244,0.20966415088709559,0.4466008415640727,-0.25275409235614843,79780.92467429518,0.7475694596317471,0.6792349570293785,0.28515121638850316,82019.57810679142
363.95,0.468549324324321,0.23198622885157727,0.4461701658964611,-0.23656309547274373,79627.12677443025,0.7812771390693557,0.6689419708876563,0.3127278147450347,79552.59740712213
364.0,0.474680405405404,0.25426982652810687,0.4450590932072977,-0.22041057887729715,79231.03857860084,0.8144505164881424,0.6578606794807337,0.33977011108273836,76938.78641899602
364.05,0.480811486486487,0.2764805584004383,0.4432532936013123,-0.20433092808604875,78589.39291536447,0.8470498591574351,0.6459786280000919,0.3662383726709481,74184.60228140108
364.1,0.486942567567563,0.2985833680044405,0.4407402782866661,-0.18835919956312247,77700.79716168315,0.8790348493826955,0.6332848951828856,0.3920922818151325,71297.73483854193
364.15,0.4899952714932131,0.32054262263157,0.43750949981449644,-0.16945264886164307,76565.82497117235,0.910364664352967,0.6197702149508204,0.42036939285975394,68287.1323271442
364.2,0.4909957239819,0.34232221211089264,0.43355241379156195,-0.14867351187100736,75187.0782017959,0.9409980612010093,0.6054270617730523,0.45000233721910926,65163.009267049114
364.25,0.491996176470588,0.3638856496163279,0.4288624981200131,-0.1281105268542601,73569.2169174953,0.970893465287054,0.5902496938891051,0.478897288816466,61936.835757543515
364.3,0.492996628959276,0.3851961724115509,0.42343523211708706,-0.10780045654772508,71718.95831922056,1.0000090595920308,0.5742341550871407,0.5070124306327548,58621.30930998086
364.35,0.492997391891896,0.40621684069532743,0.4172680430098086,-0.08678055119656858,69645.04788689419,1.0283028732867951,0.5573782414467061,0.5353054813948992,55230.31182901735
364.4,0.4884440135135108,0.4269106332153446,0.41036023281431694,-0.061533380298166185,67358.20827016816,1.0557328680138864,0.5396814457600144,0.5672888545003756,51778.85562624345
364.45,0.483890635135136,0.44724053906036815,0.4027129009350388,-0.03665009607476788,64871.072231805745,1.0822570211680247,0.5211448955795868,0.5983663860328887,48283.02261131704
364.5,0.479337256756756,0.46716964579181425,0.3943288777269396,-0.012167610964941733,62198.10552375507,1.1078334062643367,0.5017713015597026,0.6284961495075807,44759.90027891876
364.55,0.474783878378376,0.48666122479570145,0.38521268104515005,0.011877346417325463,59355.523855197,1.1324202712910922,0.4815649301604336,0.6576363929127162,41227.51679296415
364.6,0.466218081447968,0.5056788151865925,0.37537050267871375,0.03946073373862452,56361.2057125081,1.1559761165044955,0.460531609910551,0.6897580350565276,37704.77577365403
364.65,0.4562425158370957,0.5241863078300182,0.3648102262378965,0.0679437919929225,53234.60046709809,1.1784597734722457,0.43867877501178887,0.72221725763515,34211.38980370554
364.7,0.446266950226245,0.5421480309541595,0.35354147166464084,0.09588108072791451,49996.628874720016,1.1998304871774148,0.41601554320706047,0.7535635369511697,30767.81016708722
364.75,0.436291384615383,0.5595288384500502,0.3415756560912358,0.12323745383466717,46669.57153366328,1.2200480026928089,0.3925528186515881,0.7837566180774258,27395.14941001006
364.8,0.424827639639633,0.5762942013173249,0.32892605612419434,0.1514665616776919,43276.94015896666,1.2390726573216932,0.3683034049478408,0.8142450176820603,24115.09299487524
364.85,0.410201513513519,0.5924103019461543,0.3156078569635245,0.18220878843263527,39843.32775084342,1.2568654783144373,0.34328211289066324,0.8466639648009182,20949.797161009432
364.9,0.3955753873873723,0.6078441302530685,0.3016381752661007,0.2122687428656962,36394.235511145154,1.2733882855345544,0.3175058482038798,0.8778128981471821,17921.77131442936
364.95,0.380949261261258,0.6225635800919126,0.2870360464781739,0.2416143188306546,32955.87679112816,1.2886037977552272,0.29099366783572783,0.9076545364939692,15053.744839198205
365.0,0.366323135135127,0.6365375440483753,0.2718223722734181,0.27021440891324827,29554.960827339477,1.3024757408413332,0.2637667981342845,0.9361526057062062,12368.519786313314
365.05,0.348354497737542,0.6497360046337459,0.25601983043609805,0.3013815068962039,26218.46143061136,1.3149689558661153,0.235848615094502,0.9666144581285733,9888.81230968792
365.1,0.329930063348419,0.6621301202197181,0.23965275623459767,0.33220005687129905,22973.377428335796,1.326049505442967,0.2072645941270903,0.9961194420945481,7637.08657398533
365.15,0.3115056289592541,0.6736923045879162,0.22274700822864713,0.3621866756286621,19846.491869925194,1.3356847770229736,0.17804224144238132,1.0241791480637195,5635.384842280391
365.2,0.293081194570131,0.6843962997013715,0.20532983366652524,0.3913151051312405,16864.13623740917,1.343843582620988,0.148211022200253,1.050762388050857,3905.156818070025
365.25,0.273464022522514,0.6942172420284043,0.18742974732971315,0.4207532195058903,14051.964073632045,1.3504962551752453,0.11780230001888287,1.0770322326527313,2467.090113731358
365.3,0.25244668018017,0.7031317234075076,0.1690764361623515,0.4506850432273376,11434.736506144687,1.3556147424547769,0.08684930145052891,1.103168062274607,1340.9424288790833
365.35,0.23142933783785,0.7111178479542636,0.15030069676044155,0.47968851011641356,9036.119778669683,1.35917270001249,0.055387114014725694,1.12774336217464,545.3746486898175
365.4,0.210411995495483,0.7181552866865483,0.1311344063470007,0.5077432911910653,6878.493011192118,1.3611455849304346,0.023452719774543634,1.1507335894349515,97.78312263524799
365.45,0.189358787330328,0.7242253314193471,0.11161052070230879,0.5348665440890191,4982.763332576199,1.3615107520356966,-0.008914941217720546,1.1721519647053686,14.129098118295587
365.5,0.16654815384616,0.7293109490016922,0.09176308828286808,0.5627627951555323,3368.185748483777,1.360247553809891,-0.04167488832630427,1.193699399963731,308.76378969065456
365.55,0.143737520361992,0.7333968363919047,0.07162726683769689,0.5896593160299126,2052.1861418554536,1.357337444619076,-0.0747840131284413,1.213599924257084,994.2486434835342
365.6,0.12092688687785,0.7364694762951148,0.051239327070747284,0.6155425894172648,1050.187455465206,1.3527640890526382,-0.10819700483724384,1.2318372021747883,2081.171885466768
365.65,0.0981162533936563,0.7385171923748384,0.03063662977147499,0.6404009389811821,375.4412335017711,1.3465134733384174,-0.14186630446885368,1.248397219944761,3577.964149982132
365.7,0.0749856621621736,0.7395302024377453,0.009857566627865372,0.6645445402755716,38.86864792912204,1.338574018048012,-0.17574210057293627,1.2635883558858383,5490.717495784542
365.75,0.0516417657657698,0.7395006676766709,-0.011058538176366008,0.687858901910901,48.91650663925778,1.3289366898362787,-0.209772372555382,1.277294924070509,7823.013028891375
365.8,0.028297869369366,0.7384227360629751,-0.03207156270032045,0.7101248666936092,411.43405361623445,1.3175951098145273,-0.24390298154711448,1.2892972404451613,10575.762561346146
365.85,0.0049539729729887,0.7362925782605663,-0.053140749715382074,0.7313386052875775,1129.575712125152,1.304545656310624,-0.2780778024322021,1.2995916833376353,13747.069192092946
365.9,-0.0183636457013751,0.7331084149795907,-0.07422488456437175,0.7514720606809657,2203.7333954377245,1.289787560224718,-0.3122388860594693,1.3081512059260931,17332.110572028134
365.95,-0.0415433063348378,0.7288705353673659,-0.09528247285760831,0.7704138417022037,3631.4998535443456,1.2733229918236089,-0.3463266365233954,1.3148662981584467,21323.046962774763
366.0,-0.0647229669683269,0.7235813068469266,-0.11627190294769067,0.7883042738152535,5407.662166030879,1.2551571386310232,-0.3802799879827285,1.31988010559935,25708.954535136734
366.05,-0.0879026276018159,0.7172451774498014,-0.13715158202031286,0.8051478050516173,7524.222580269842,1.2352982747485863,-0.4140365687253018,1.3232009023504023,30475.783154101613
366.1,-0.111082288235279,0.7098686721517611,-0.15788003955018176,0.8209509603870401,9970.442755346783,1.2137578224712475,-0.44753284473902244,1.3248401107065266,35606.33726581369
366.15,-0.1333053333333498,0.7014603848647077,-0.17841599789243862,0.8347657181980576,12732.907321581866,1.1905504072808437,-0.48070424108754073,1.3238557406141935,41080.27864880862
366.2,-0.155192270270269,0.6920309676235487,-0.19871841534676582,0.8472232378938176,15795.603439171893,1.1656939072537582,-0.5134852452832651,1.3208861775240273,46874.15059975376
366.25,-0.177079207207213,0.6815931180828657,-0.21874651289407285,0.8586723252900788,19140.01476132671,1.139209497537749,-0.5458095033123548,1.3162887047449618,52961.42469441412
366.3,-0.198966144144157,0.6701615657904203,-0.23845979879920273,0.8691277099345773,22745.2302573425,1.1111216899142908,-0.5776099226964169,1.3100878340584479,59312.57294175301
366.35,-0.22029419457013,0.657753056968905,-0.2578181061380327,0.878047251539035,26588.070341040755,1.081458366699496,-0.6088187985478458,1.301752561269626,65895.16968270978
366.4,-0.2403181764706097,0.6443863368256659,-0.2767816557090986,0.8847045132962756,30643.233974827992,1.050250807465567,-0.6393679765136727,1.2905689839361767,72674.02833621127
366.45,-0.260342158371044,0.6300821279009152,-0.29531115270421526,0.8904242862719592,34883.47076459693,1.0175337064770793,-0.6691890626298499,1.2778758648481232,79611.37805216305
366.5,-0.2803661402715,0.6148631026612799,-0.3133679200000306,0.8952292429327798,39279.78131405823,0.983345178352055,-0.6982136844646846,1.263711318623555,86667.08429755559
366.55,-0.300390122171957,0.5987538485809673,-0.33091406434232995,0.8991439707529243,43801.647191823875,0.9477267494290437,-0.7263738008134938,1.2481168716010007,93798.915290354
366.6,-0.317853882882874,0.5817808242780156,-0.347912665848968,0.8996347071608896,48417.28922325427,0.9107233326169113,-0.7536020505235926,1.2285772154997852,100962.85343170907
366.65,-0.3349685225225345,0.5639723058838146,-0.3643279766755083,0.8989408284063491,53093.94983538789,0.8723831841330184,-0.7798321253868108,1.2073517066555528,108113.44778405523
366.7,-0.352083162162156,0.5453583235733669,-0.38012561341749856,0.8974414857355228,57798.19279041183,0.8327578413578971,-0.8049991496624546,1.1848410035200532,115204.2010590711
366.75,-0.369197801801797,0.525970588949039,-0.39527272820250203,0.8951683907508361,62496.21186425962,0.7919020419257837,-0.8290400481860593,1.1610998437275808,122187.98248823883
366.8,-0.384748280542984,0.5058424146636067,-0.4097381465392838,0.8905906952065907,67154.13949177905,0.7498736250332533,-0.8518938873874135,1.1346219055762372,129017.45695431806
366.85,-0.398308009049759,0.48500862813266593,-0.4234924652373936,0.8833166371824249,71738.34724513801,0.7067334166107201,-0.8735021784104454,1.105041425660479,135645.52101116334
366.9,-0.4118677375565644,0.4635054813712087,-0.43650811010728924,0.8753732189277732,76215.73207577494,0.662545100393417,-0.8938091379484004,1.0744128379499813,142025.73779201118
366.95,-0.425427466063339,0.44137055883471255,-0.44875935947160084,0.8667980248980516,80553.98508534458,0.6173750769697713,-0.9127619091497542,1.0428025430331103,148112.76494128074
367.0,-0.438898513513509,0.41864268472716193,-0.46022234400118,0.8575411982406709,84721.84236717618,0.5712923126341054,-0.93031075014249,1.0101908261476145,153862.7718810102
367.05,-0.448024189189188,0.3953618306209918,-0.4708750369334279,0.8433860198101798,88689.32016282284,0.5243681793800495,-0.9464092021417561,0.9723923685692375,159233.84495975028
367.1,-0.457149864864856,0.3715690234984508,-0.4806972491469195,0.8287188883633068,92427.93813496624,0.4766762867173814,-0.9610142504228252,0.9338261515822374,164186.3803583546
367.15,-0.4662755405405454,0.3473062536490413,-0.489670641784013,0.8135817941895866,95910.93497006687,0.4282923053602297,-0.974086490407468,0.8945678459007751,168683.46503010456
367.2,-0.47540121621619935,0.32261638131160136,-0.49777876448953656,0.7980175975278008,99113.4793506918,0.3792937822967399,-0.9855903069935316,0.8546949985129393,172691.24502037402
367.25,-0.481716583710407,0.29754304071496424,-0.5050071211538087,0.7792596244253712,102012.87696642308,0.32975994650752893,-0.9954940692213148,0.8114765302179359,176179.27855196656
367.3,-0.485996900452489,0.2721305402090998,-0.5113432593669895,0.7581274406615888,104588.77156002253,0.2797715046311066,-1.003770336513871,0.7657684050835956,179120.86906047465
367.35,-0.490277217194567,0.2464237575183524,-0.516776874198875,0.7367009747129194,106823.33508270394,0.22941042622306715,-1.0103960666809344,0.7196876434176341,181493.37094476505
367.4,-0.4945575339366529,0.22046802972041607,-0.5212999129251389,0.715025563657069,108701.43968630295,0.17875971886409514,-1.0153528112678754,0.6733172528007481,183278.45890659158
367.45,-0.4980230900900811,0.19430903829746493,-0.5249066646829513,0.6923321283875461,110210.80265143212,0.12790319418300264,-1.0186268805415764,0.6259262842730837,184462.35053544227
367.5,-0.497211153153153,0.1679926903861973,-0.527593821068236,0.6652038435393504,111342.09601175276,0.07692522674012595,-1.0202094619045046,0.5741363798932789,185035.97265057403
367.55,-0.496399216216216,0.14156499794792948,-0.52936049714512,0.6379642141641455,112089.01437509144,0.025910508428760345,-1.0200966787623638,0.5223097246449764,184995.06382613425
367.6,-0.49558727927928,0.11507195700779772,-0.5302082075759275,0.6106592362870777,112448.29735235112,-0.02505619839842449,-1.018289582207027,0.4705310808808555,184340.2085744643
367.65,-0.4947753423423381,0.08855942919972844,-0.5301407986418203,0.5833347715420666,112419.70655383483,-0.07589030567724142,-1.0147940744438386,0.4188850366650967,183076.80240468038
367.7,-0.49049645248869134,0.0620730276900375,-0.5291643429040674,0.5525694801787289,112005.96072043738,-0.12650763894424807,-1.0096207696862445,0.36398881354444323,181214.95085899462
367.75,-0.484869303167419,0.03565800904442869,-0.5272870090813871,0.5205273122118477,111212.63597839794,-0.17682466838679725,-1.0027848051597092,0.3080446347806217,178769.3094149682
367.8,-0.479242153846151,0.009359171904141622,-0.5245189225285264,0.4886013257502926,110048.0400361945,-0.22675872953630286,-0.9943056188571422,0.25248342430984816,175758.87354504614
367.85,-0.47361500452489,-0.01677923745976614,-0.5208720319907052,0.4568357670651239,108523.06948405049,-0.27622823239881533,-0.9842067121154348,0.1973867721260747,172206.7292752132
367.9,-0.4667359999999918,-0.042713613356183705,-0.5163599950590163,0.4240223866438081,106651.05779893893,-0.3251528586717402,-0.9725154127346145,0.14158314132825162,168139.77386780045
367.95,-0.45693600000001205,-0.06840107382194985,-0.5109980915699999,0.3885349261780622,104447.6198352728,-0.37345374740779674,-0.9592626517395754,0.08348225259221531,163588.41511510077
368.0,-0.447135999999999,-0.09379954022841573,-0.5048031682892715,0.35333645977158323,101930.49548595463,-0.42105367003296207,-0.9444827611799074,0.02608232996703691,158586.2553184039
368.05,-0.437335999999997,-0.11886781484233246,-0.4977936115584756,0.31846818515766456,99119.39188337221,-0.4678771957989814,-0.9282132934623032,-0.0305411957989844,153169.7632284686
368.1,-0.427536000000006,-0.14356565753857525,-0.48998933850216075,0.28397034246143077,96035.82073831403,-0.5138508486306067,-0.910494856060676,-0.08631484863060068,147377.9347400802
368.15,-0.4148567747747631,-0.16785386226099813,-0.4814117937152563,0.247002912513765,92702.92605125619,-0.5589032558689083,-0.891370950948275,-0.1440464810941452,141251.9417234546
368.2,-0.4017849279279418,-0.19169433316751938,-0.47208393746542926,0.2100905947604224,89145.29760514533,-0.6029652888515017,-0.870887806354422,-0.2011803609235599,134834.76822343416
368.25,-0.388713081081076,-0.21505015968664928,-0.4620302121487082,0.1736629213944267,85388.76677527213,-0.6459701946196181,-0.8490941883590255,-0.25725711353854214,128170.83390312397
368.3,-0.375641234234225,-0.2378856891418518,-0.4512764772062481,0.13775554509237323,81460.18355187253,-0.687853717494661,-0.8260411827440773,-0.31221248326043594,121305.60632697497
368.35,-0.36147043891403,-0.2601665952103407,-0.43984990725287604,0.10130384370368933,77387.17636414546,-0.7285542088794401,-0.8017819417871649,-0.3670837699654101,114285.2057201772
368.4,-0.3459009819004343,-0.28185994039574047,-0.4277788555688188,0.06404104150469381,73197.89970870732,-0.7680127235491071,-0.776371398154612,-0.4221117416486728,107156.00851067503
368.45,-0.3303315248868917,-0.30293423097418437,-0.41509269118451564,0.027397293912707343,68920.77690992146,-0.8061731009864854,-0.7498659545443531,-0.4758415760995937,99964.25773950468
368.5,-0.314762067873296,-0.3233594633871906,-0.4018216221177806,-0.008597395513894601,64584.24640054579,-0.8429820308659807,-0.7223231626702398,-0.5282199629926847,92755.68912532226
368.55,-0.29916290090089,-0.34310716175932104,-0.3879965194404911,-0.04394426085843106,60216.51963917416,-0.8783891025640965,-0.6938014079988937,-0.5792262016632066,85575.18110955508
368.6,-0.282107945945953,-0.3621504069579592,-0.3736487575626817,-0.08004246101200618,55845.357611254265,-0.9123468394165966,-0.6643596179799863,-0.6302388934706435,78466.43591155793
368.65,-0.2650529909909776,-0.38046385836335933,-0.3588100839763062,-0.11541086737238171,51497.870545233556,-0.9448107193232095,-0.6340570098183526,-0.6797577283322318,71471.69630218497
368.7,-0.24799803603606038,-0.3980237700401489,-0.3435125265466345,-0.1500257340040885,47200.34235778091,-0.9757391839684494,-0.6029528887949313,-0.727741147932389,64631.49975220494
368.75,-0.230943081081085,-0.4148080032719591,-0.3277883404099856,-0.1838649221908741,42978.07844349305,-1.0050936393389418,-0.5711065018675777,-0.7741505582578568,57984.46870674161
368.8,-0.213485000000001,-0.43079603734125593,-0.3116699896100209,-0.21731103734125493,38855.272969404214,-1.0328384502574004,-0.5385769437280935,-0.8193534502573994,51567.13321164338
368.85,-0.195735000000018,-0.4459689800662379,-0.29519015389535247,-0.2502339800662199,34854.89078270475,-1.0589409313634643,-0.5054231068702797,-0.8632059313634464,45413.78079260554
368.9,-0.1779849999999938,-0.4603095790327063,-0.278381747194036,-0.2823245790327125,30998.558868321674,-1.0833713364280928,-0.4717036622548868,-0.905386336428099,39556.327997275075
368.95,-0.16023500000003016,-0.47380223371987673,-0.2612779324654953,-0.31356723371984657,27306.46319737757,-1.106102847125176,-0.43747705424654026,-0.9458678471251458,34024.20853195206
369.0,-0.142528455855862,-0.4864330079729089,-0.2439121184755413,-0.3439045521170469,23797.2486156906,-1.1271115615617946,-0.402801493386288,-0.9845831057059327,28844.274324306458
369.05,-0.125050054954956,-0.49818964163245466,-0.2263179282415483,-0.3731395866774987,20487.921857418645,-1.1463764821082512,-0.3677349340720742,-1.0213264271532951,24040.707864354266
369.1,-0.107571654054069,-0.5090615597731091,-0.20852913454647296,-0.4014899057190401,17393.75998188041,-1.1638795015677175,-0.33233502957123534,-1.0563078475136485,19634.946112020243
369.15,-0.0900932531531427,-0.519039877903382,-0.1905795636845689,-0.4289466247502393,14528.228037680263,-1.1796053864776048,-0.2966590626241,-1.0895121333244622,15645.617677690612
369.2,-0.07261485225227685,-0.5281174017008804,-0.17250297470242457,-0.4555025494486036,11902.910512474133,-1.1935417564201016,-0.26076385642912137,-1.1209269041678247,12088.49579018443
369.25,-0.055834473513512,-0.5362886203348228,-0.15433292589438863,-0.4804541468213108,9527.460806049141,-1.2056790585903778,-0.22470567597743768,-1.149844585076866,8976.469478484838
369.3,-0.0393255478378311,-0.5435496931008855,-0.13610264335815322,-0.5042241452630545,7409.57181163066,-1.2160105374742778,-0.1885401335610336,-1.1766849896364466,6319.5345712377575
369.35,-0.0228166221621689,-0.5498984298454133,-0.1178449061622713,-0.5270818076832443,5554.968763357812,-1.2245322002103642,-0.15232211280842284,-1.2017155780481954,4124.804631186114
369.4,-0.0063076964864696,-0.5553342663172972,-0.09959195994165845,-0.5490265698308276,3967.4233940083614,-1.2312427788783258,-0.11610572345604998,-1.2249350823918561,2396.5402700893787
369.45,0.009801875610843076,-0.559858236070268,-0.08137546589031365,-0.5696601116811111,2648.78657954624,-1.2361436914687582,-0.07994429451955187,-1.2459455670796014,1136.1938179962403
369.5,0.0248845385067935,-0.5634729407351622,-0.06322648634995601,-0.5883574792419557,1599.0354304644693,-1.2392390035209422,-0.04389040770291648,-1.2641235420277357,342.4654023694632
369.55,0.0399672014027242,-0.5661825203983345,-0.04517550205828218,-0.6061497218010587,816.3303944871429,-1.2405353923555549,-0.007995966366502329,-1.280502593758279,11.36630722386426
369.6,0.0550498642986379,-0.5679926254177406,-0.027252450307760297,-0.6230424897163785,297.07841911077776,-1.2400421154216543,0.027687711108498013,-1.2950919797202922,136.2861060315812
369.65,0.070132527194584,-0.5689103903778518,-0.009486769831732425,-0.6390429175724358,35.999520736107385,-1.2377709836059738,0.06310978897885428,-1.307903510800558,708.0614159920918
369.7,0.08361080135133556,-0.5689444101340221,0.008092562986728745,-0.6525552114853577,26.195830277668822,-1.2337363395192198,0.09821982028911871,-1.3173471408705553,1715.045884022538
369.75,0.0968278959459466,-0.5681047171566844,0.025457020267406084,-0.664932613102631,259.22395235804964,-1.2279550399128276,0.13296767793553066,-1.3247829358587742,3143.182822323023
369.8,0.110044990540542,-0.5664027587890524,0.042578541254961966,-0.6764477493295944,725.1728701601993,-1.220446440634867,0.16730352388211217,-1.330491431175409,4976.083396155107
369.85,0.123262085135122,-0.5638513726529539,0.059429587877633375,-0.687113457788076,1412.7503661221392,-1.2112323819956574,0.20117782416560046,-1.3344944671307795,7195.11412195649
369.9,0.1356734298642568,-0.5604647583836426,0.07598323524463212,-0.6961381882478994,2309.3808152964416,-1.2003371722088503,0.23454141050040953,-1.336010602073107,9779.497464803842
369.95,0.1469720723981701,-0.5562584440844898,0.09221329123264722,-0.7032305164826599,3401.316431982805,-1.1877875666592732,0.2673455847655589,-1.3347596390574432,12706.42874553576
370.0,0.158270714932122,-0.5512492464697614,0.10809442336967337,-0.7095199614018833,4673.761745448875,-1.1736127412419581,0.29954224573751614,-1.3318834561740802,15951.210130039914
370.05,0.169569357466061,-0.5454552247143555,0.12360228808067489,-0.7150245821804164,6111.010247511258,-1.1578442590426419,0.3310840330534005,-1.327413616508703,19487.402123183147
370.1,0.180867999999987,-0.5388956278585583,0.1387136514750707,-0.7197636278585453,7696.590842218953,-1.1405160294750574,0.36192447702744507,-1.3213840294750443,23286.99147939371
370.15,0.1901073665158394,-0.5315908369806769,0.15340647768845422,-0.7216982034965163,9413.418958711281,-1.1216642604112814,0.3920181286138382,-1.311771626927121,27320.57122878148
370.2,0.19934673303165748,-0.5235623038208317,0.16765998174495023,-0.7229090368524892,11243.947791486818,-1.101327404412447,0.42132066431096316,-1.3006741374441044,31557.529275632234
370.25,0.208586099547507,-0.5148324876890387,0.1814546456976403,-0.7234185872365457,13170.315378102468,-1.0795461004280056,0.44978896253712186,-1.2881321999755126,35966.24192359474
370.3,0.217825466063346,-0.5054247923926155,0.19477220295741474,-0.7232502584559615,15174.484417953743,-1.0563631123395567,0.47738115443299145,-1.2741885784029028,40514.26961916011
370.35,0.225845554054046,-0.4953635045413138,0.20759560089623832,-0.7212090585953598,17238.373404588106,-1.0318232654334591,0.5040566577769575,-1.2576688194875052,45168.553644315885
370.4,0.2329827162162181,-0.4846737339817268,0.21990895550258655,-0.7176564501979449,19343.979484095435,-1.0059733813317928,0.5297762071185717,-1.238956097548011,49895.61415625596
370.45,0.24011987837836687,-0.4733813563841663,0.23169751303560684,-0.7135012347625331,21473.49501875408,-0.9788622111975707,0.5545018951520052,-1.2189820895759376,54661.751418162734
370.5,0.247257040540539,-0.46151295728664693,0.24294763196763502,-0.708769997827186,23609.420751472575,-0.9505403662915727,0.5781972393079865,-1.1977974068321118,59433.25289660036
370.55,0.254092339366516,-0.4490957763343212,0.2536467942369429,-0.7031881157008372,25734.678490671227,-0.9210602443475437,0.6008272836173617,-1.1751525837140597,64176.608842492016
370.6,0.259073334841625,-0.43615765013600477,0.2637836494408647,-0.6952309849776297,27832.7254849364,-0.8904759498629093,0.6223587405017171,-1.1495492847045343,68858.73811180155
370.65,0.2640543303167447,-0.4227269521277303,0.2733480893536555,-0.686781282444475,29887.671181317615,-0.8588432063267354,0.6427601705421021,-1.1228975366434801,73447.22432627772
370.7,0.26903532579184736,-0.4088325281221463,0.2823313441677329,-0.6778678539139937,31884.395159823544,-0.8262192586780656,0.6620021916123753,-1.0952545844699129,77910.56030214898
370.75,0.274016321266967,-0.39450362677178785,0.29072608718516746,-0.6685199480387549,33808.66310799904,-0.7926627648591371,0.680057703206225,-1.0666790861261042,82218.39638935575
370.8,0.277273432432433,-0.37976982491282,0.2985265323532865,-0.657043257345253,35647.236207551134,-0.7582336761354882,0.6969021084947842,-1.0355071085679213,86341.7864576846
370.85,0.279860144144142,-0.36466094852686787,0.3057285097356223,-0.6445210926710099,37387.968666065804,-0.7229931067409436,0.712513516495151,-1.0028532508850856,90253.42421125084
370.9,0.2824468558558579,-0.3492069907381008,0.3123295070852712,-0.6316538465939587,39019.88839845139,-0.6870031942370176,0.7268729091989836,-0.9694500500928755,93927.8624226478
370.95,0.2850335675675632,-0.3334380287380685,0.31832867043720303,-0.6184715963056318,40533.256968926966,-0.6503269526254396,0.7399642630044206,-0.9353605201930029,97341.7085375423
371.0,0.286919248868778,-0.31738414174668617,0.32372676238538306,-0.6043033906154642,41919.60667380891,-0.613028120645412,0.7517746196745331,-0.89994736951419,100473.79178431803
371.05,0.287002280542986,-0.3010753320140891,0.32852608371989706,-0.588077612557075,43171.755073733126,-0.5751710077443233,0.7622941095692627,-0.8621732882873092,103305.29946382134
371.1,0.287085312217195,-0.28454145043086104,0.3327303695268453,-0.571626762648056,44283.79952218842,-0.5368203398999237,0.7715159361619126,-0.8239056521171187,105819.88262254087
371.15,0.2871683438914031,-0.2678121276783069,0.3363446740589993,-0.55498047156971,45251.0959071418,-0.4980411069162309,0.7794363350501026,-0.7852094508076339,108003.73340379301
371.2,0.2872513755656084,-0.2509167110989622,0.3393752593225406,-0.5381680866645706,46070.22665609667,-0.45889841209331356,0.7860545223172668,-0.746149787658922,109845.63769874249
371.25,0.285162004504504,-0.23388420675934657,0.3418295008966712,-0.5190462112638505,46738.963073306935,-0.41945732444523665,0.7913726465233939,-0.7046193289497407,111337.00722941165
371.3,0.282718986486485,-0.21674322557259015,0.3437158207775871,-0.49946221205907515,47256.226181124155,-0.3797827329816746,0.7953957554784492,-0.6625017194681596,112471.8947258903
371.35,0.280275968468469,-0.19952193200793977,0.34504365128161096,-0.47979790047640875,47622.04851589838,-0.3399392021525326,0.7981317834314151,-0.6202151706210015,113246.99443971756
371.4,0.277832950450446,-0.1822479938621948,0.3458234276575306,-0.4600809443126408,47837.537246721324,-0.29999082742473054,0.7995915577970512,-0.5778237778751765,113661.628320056
371.45,0.27438717194570234,-0.16494853185595365,0.346066600614408,-0.439335703801656,47904.83682432488,-0.26000109018495626,0.799788817633888,-0.5343882621306586,113717.71605550445
371.5,0.269556628959274,-0.14765006835959973,0.3457856564810266,-0.4172066973188737,47827.08809120581,-0.22003271167031357,0.7987402319195179,-0.4895893406295876,113419.72588210583
371.55,0.264726085972847,-0.13037847521563398,0.3449941306849768,-0.39510456118848103,47608.380082833144,-0.1801475062921414,0.796465402916156,-0.44487359226498846,112774.60231864794
371.6,0.259895542986426,-0.11315892135403027,0.34370660053019714,-0.37305446434045625,47253.6908992098,-0.14040623548515607,0.7929868395533787,-0.40030177847158205,111791.66714752995
371.65,0.2550649999999923,-0.09601582153153768,0.3419386457845798,-0.35108082153153,46768.81499239693,-0.10086846391277221,0.7883298878576251,-0.35593346391276454,110482.49103815394
371.7,0.24832445945946663,-0.07897278798867693,0.3397067711775688,-0.3272972474481436,46160.27615355564,-0.06159242040103266,0.7825226109212038,-0.3099168798604993,108860.73539607781
371.75,0.241583918918918,-0.06205258693001152,0.3370282914163624,-0.30363650584892954,45435.22768601301,-0.02263486616039563,0.775595617688509,-0.2642187850793136,106941.96660935464
371.8,0.234843378378377,-0.04527710156942873,0.33392118527877923,-0.2801204799478057,44601.34319119392,0.015949027256331696,0.7675818463818864,-0.2188943511220453,104743.44727022684
371.85,0.228102837837844,-0.028667303004129337,0.33040393047876987,-0.2567701408419733,43666.70291032791,0.054105788273685916,0.7585163143912179,-0.17399704956415807,102283.9109684688
371.9,0.2206027737556528,-0.012243229528522644,0.3264953338037075,-0.23284600328417543,42639.68119823775,0.09178374258752284,0.7484358502185782,-0.12881903116812995,99583.32833642773
371.95,0.2125059411764842,0.003976025775287259,0.3222143724913965,-0.20852991540119692,41528.84073600976,0.12893309698298872,0.7373788254797923,-0.08357284419349548,96662.67240283696
372.0,0.204409108597288,0.01997232009738944,0.31758006080517687,-0.18443678849989856,40342.83800840793,0.16550601011172986,0.7253849037195997,-0.038903098485558146,93543.6904078743
372.05,0.1963122760181,0.03572846013109472,0.312611351483971,-0.16058381588700527,39090.34283065394,0.2014566514099218,0.7124948189612889,0.005144375391821804,90248.68747496529
372.1,0.18814790090091,0.05122819733460003,0.3073270753888418,-0.13691970356630995,37779.97250682354,0.23674124984289538,0.6987501906192113,0.04859334894198539,86800.32513606829
372.15,0.1795686216216182,0.06645622108382122,0.3017459167708428,-0.11311240053779699,36420.239315150546,0.2713181343214164,0.6841933751629012,0.09174951269979817,83221.43548743156
372.2,0.17098934234235572,0.08139815132415636,0.2958864160533552,-0.08959119101819936,35019.50848195968,0.3051477675151133,0.6688673487454369,0.13415842517275758,79534.84981648886
372.25,0.162410063063064,0.09604053178645325,0.28976698738430556,-0.06636953127661074,33585.96279111052,0.3381927743406179,0.6528156094884604,0.1757827112775539,75763.23910965156
372.3,0.153830783783782,0.11037082414573621,0.2834059362736341,-0.0434599596380458,32127.569886054058,0.37041796576343927,0.6360820852313528,0.21658718197965726,71928.96340484728
372.35,0.14548295022625,0.12437740275801434,0.27682146295788823,-0.021105547468235647,30652.048941658195,0.4017903578115921,0.6187110320093625,0.2563074075853421,68053.92731201608
372.4,0.1372343076923016,0.13804954897338106,0.27003164075340536,0.0008152412810794596,29166.834803190468,0.4322791850259311,0.6007469115107169,0.2950448773336295,64159.440300384915
372.45,0.12898566515838236,0.15137744361093813,0.2630543636928419,0.02239177845255577,27679.039303138376,0.46185590709998625,0.5822342404984537,0.33287024194160386,60266.08192156645
372.5,0.120737022624435,0.16435215604067246,0.25590726379326045,0.04361513341623746,26195.411064861357,0.49049420725634224,0.5632174113003041,0.3697571846319072,56393.573758545055
372.55,0.112792676576575,0.17696562848947314,0.24860760416518085,0.06417295191289814,24722.2963395005,0.5181699810254031,0.54374048874004,0.40537730444882814,52560.66117249023
372.6,0.105630807207211,0.18921065462661388,0.24117215938978126,0.08357984741940287,23265.60418589202,0.5448613145043484,0.5238469947598359,0.43923050729713736,48785.00869669538
372.65,0.0984689378378316,0.20108085215587237,0.23361709787719823,0.10261191431804077,21830.779368225765,0.570548451856864,0.503579696070821,0.47207951401903236,45083.1129412943
372.7,0.09130706846847628,0.21257062988776176,0.22595788104343728,0.12126356141928549,20422.78560225606,0.5952137526114003,0.4829804110603847,0.503906684142924,41470.235994321454
372.75,0.0841451990990965,0.22367515046996822,0.21820919233667274,0.1395299513708717,19046.100648089214,0.6188416401056148,0.46208985096892513,0.5346964410065184,37960.36095439706
372.8,0.0782909479637976,0.23439029050347707,0.21038490443365732,0.15609934253967947,17704.72320542365,0.6414185430821232,0.4409475059407714,0.5631275951183257,34566.16942140207
372.85,0.0726857669683277,0.2447126000398138,0.2024980873498569,0.17202683307148608,16402.19015214011,0.6629328328225733,0.41959158090671145,0.5902470658542456,31299.039069829934
372.9,0.067080585972845,0.25463926344792237,0.19456105385871447,0.18755867747507737,15141.601471445438,0.6833747583018824,0.39805897949278835,0.6162941723290374,28169.057983082683
372.95,0.06147540497738225,0.26416806329275705,0.18658543267865274,0.2026926583153748,13925.649475152022,0.7027363815706621,0.376385327477406,0.6412609765932799,25185.051509382072
373.0,0.0566077027027018,0.2732973482946832,0.17858225602651406,0.21668964559198142,12756.648867007767,0.7210115150316992,0.35460502254729115,0.6644038123289975,22354.617247247086
373.05,0.0527584234234223,0.282026005701369,0.1705620460247116,0.2292675822779467,11636.564617654334,0.7381956615224048,0.3327512940311548,0.6854372380989825,19684.164209672537
373.1,0.0489091441441472,0.2903534376451643,0.16253488561304533,0.2414442935010171,10567.035616498291,0.7542859572941316,0.3108562566104611,0.7053768131499845,17178.95329313224
373.15,0.0450598648648632,0.29827954041177884,0.1545104624886883,0.25321967554691566,9549.39320738734,0.7692811172335939,0.28895094429188883,0.7242212523687307,14843.137459053198
373.2,0.04121058558559415,0.30580468509438874,0.14649808035355777,0.2645940995087946,8584.675018910988,0.7831813811000848,0.2670653164295884,0.7419707955144907,12679.801464824212
373.25,0.0389128800904988,0.31292969798914927,0.1385066376366853,0.27401681789865046,7673.635467768019,0.7959884593118007,0.24522823362720897,0.757075579221302,10691.002056519286
373.3,0.0366468393665164,0.31965583922505647,0.13054457984156606,0.28300899985854006,6816.754930404406,0.8077054768452245,0.22346740780525462,0.7710586374787082,8877.810195768885
373.35,0.0343807986425366,0.32598477858476704,0.12261983682054478,0.2916039799422304,6014.249752758811,0.818336914200122,0.2018093366312359,0.7839561155575854,7240.357040273688
373.4,0.0321147579185523,0.33191856810042525,0.11473975908932346,0.29980381018187297,5266.084926350394,0.827888544976392,0.18027923618740607,0.7957737870578396,5777.884977833696
373.45,0.03050926756757065,0.3374596117569313,0.10691106802610176,0.3069503441893606,4571.990586592703,0.8363673703673276,0.1589009873396278,0.8058581027997569,4488.804227112631
373.5,0.0294227810810815,0.3426106333135505,0.09913983210333605,0.31318785223246903,3931.482523791064,0.8437815516009575,0.13769710923953515,0.8143587705198759,3370.75446985324
373.55,0.0283362945945946,0.34737464376616367,0.09143147714638618,0.3190383491715691,3343.8860052680557,0.8501403419473536,0.11668876960794551,0.8218040473527589,2420.6700360206555
373.6,0.0272498081081091,0.3517549102295957,0.08379083263451281,0.3245051021214866,2808.361453433975,0.8554540202514489,0.09589583548042738,0.8282042121433398,1634.8464466647456
373.65,0.0262351117647056,0.35575492796417296,0.07622221010762555,0.32951981619946735,2323.930125476406,0.8597338279714258,0.07533696179054097,0.8334987162067202,1009.005833214121
373.7,0.02574687647058891,0.3593783969348407,0.06872950394978813,0.33363152046425176,1889.4978852735771,0.8629919114175114,0.05502970873183481,0.8372450349469225,538.3589054418802
373.75,0.0252586411764707,0.3626292036850399,0.06131630085597782,0.3373705625085692,1503.8755002643145,0.8652412702927942,0.03499067403298051,0.8399826291163235,217.66173676129713
373.8,0.0247704058823529,0.3655114085845199,0.05398598271755469,0.340741002702167,1165.7945319920457,0.8664957128842262,0.015235623843971625,0.8417253070018733,41.266530473777195
373.85,0.0242821705882357,0.3680292377516346,0.04674180873083811,0.3437470671633989,873.9186733721014,0.8667698174217118,-0.004220393758031592,0.8424876468334761,3.16652861739236
373.9,0.0238291504504502,0.37018707833609255,0.03958696635578113,0.34635792788564235,626.8511621014987,0.8660788984052956,-0.023362965300307247,0.8422497479548454,97.03611513304187
373.95,0.023391222522523097,0.3719894754431683,0.03252458560329197,0.34859825292064517,423.13946746634684,0.8644389761760434,-0.042178266440520334,0.8410477536535202,316.2677617648932
374.0,0.0229532945945946,0.37344112885839725,0.025557717472438183,0.35048783426380264,261.2787689603888,0.8618667477663875,-0.06065305588247782,0.8389134531717929,654.0076778458626
374.05,0.0225153666666665,0.37454688793237095,0.018689283488569724,0.3520315212657045,139.71572692644995,0.8583795571683742,-0.07877470338136162,0.8358641905017077,1103.1918031682678
374.1,0.0219701176470592,0.37531174346031626,0.011922008263885502,0.35334162581325707,56.853712417661676,0.8539953635703247,-0.09653124075517883,0.8320252459232654,1656.583189641653
374.15,0.021119416289592,0.3757408160688451,0.005258349638990238,0.35462139977925305,11.060096370347507,0.8487327067713077,-0.11391142125377338,0.8276132904817157,2306.8110030319313
374.2,0.020268714932127632,0.37583934135723973,-0.0012995589607444936,0.3555706264251121,0.6755413969805234,0.8426106697446532,-0.13090477168899609,0.8223419548125255,3046.4105335019008
374.25,0.0194180135746605,0.375612652730915,-0.007749941490342227,0.3561946391562545,24.024637241491156,0.8356488390782831,-0.1475016232159649,0.8162308255036226,3867.8629069056856
374.3,0.0185673122171942,0.3750661633791884,-0.014091379740869695,0.3564988511619942,79.42679320055714,0.8278672646272632,-0.16369311091344496,0.809299952410069,4763.632810759359
374.35,0.0171517963800913,0.3742053491004633,-0.020322779120687858,0.35705355272037204,165.20614047530654,0.8192864200676658,-0.17947113797198544,0.8021346236875745,5726.202553770567
374.4,0.0156286968325779,0.37303573362926257,-0.02644330409759263,0.3574070367966847,279.69933263910366,0.8099271660860259,-0.19482830715463947,0.7942984692534479,6748.1012033320085
374.45,0.014105597285069762,0.37156287775193236,-0.032452293113618524,0.3574572804668626,421.2605313328849,0.7998107176389143,-0.2097578283381969,0.7857051203538445,7821.928275405597
374.5,0.0125824977375564,0.3697923729161552,-0.038349166358881845,0.3572098751785988,588.263424168478,0.7889586161652098,-0.22425341535197715,0.7763761184276534,8940.372319471357
374.55,0.0107684944594587,0.3677298393168498,-0.044133341337583766,0.3569613448573911,779.100727047872,0.7773927068976382,-0.2383091877467937,0.7666242124381795,10096.225593695388
374.6,0.008552766981983,0.36538092771835035,-0.049804169856286565,0.35682816073636736,992.1821340295372,0.7651351206431536,-0.25191959256358,0.7565823536611705,11282.39664309336
374.65,0.0063370395045022,0.3627513236683133,-0.05536090664662222,0.3564142841638111,1225.9319938944082,0.752208258711987,-0.2650793582361019,0.7458712192074849,12491.922873397982
374.7,0.004121312027029037,0.3598467523796064,-0.06080271419523681,0.35572544035257736,1478.7880214030606,0.7386347791948792,-0.2777834872605822,0.7345134671678502,13717.985030160009
374.75,0.0019055845495484,0.3566729824846378,-0.0661287023501308,0.3547673979350894,1749.2021098048776,0.7244375826178165,-0.2900272880186576,0.7225319980682682,14953.924941414647
374.8,-0.0008012553603617,0.3532358270832919,-0.07133799517253686,0.35403708244365356,2035.643822094757,0.7096397951423631,-0.3018064394741742,0.7104410505027248,16193.2670058806
374.85,-0.0035181179729715,0.34954114101752526,-0.07642981285010285,0.3530592589904968,2336.6065169206986,0.6942647479487171,-0.3131170769943052,0.6977828659216886,17429.742916525804
374.9,-0.0062349805855872,0.3455948139751537,-0.08140355404295001,0.35182979456074087,2650.615444329393,0.6783359521088008,-0.32395588420157967,0.6845709326943881,18657.31820601374
374.95,-0.008951843198194023,0.34140275978068085,-0.08625886382871223,0.3503546029788749,2976.2366356081275,0.6618770690571013,-0.33432017470619385,0.6708289122552953,19870.21852721422
375.0,-0.0117921809954743,0.3369709029098799,-0.09099567512803627,0.3487630839053542,3312.085156802848,0.6449118775287835,-0.3442079496444013,0.6567040585242578,21062.95335082715
375.05,-0.0147377013574659,0.3323051637671544,-0.09561421600993857,0.3470428651246203,3656.831321278077,0.6274642384442793,-0.3536179211414364,0.6422019398017452,22230.334960425094
375.1,-0.0176832217194541,0.3274114444958738,-0.10011498136464184,0.34509466621532786,4009.203797457033,0.6095580595651209,-0.3625494979546172,0.627241281284575,23367.491283048003
375.15,-0.020628742081449,0.3222956170118987,-0.10449867351255557,0.3429243590933477,4367.989106353473,0.5912172617684133,-0.37100273604782275,0.6118460038498623,24469.872027550296
375.2,-0.023567164864859817,0.31696351458402583,-0.10876612177636076,0.34053067944888565,4732.027698508055,0.5724657484951508,-0.3789782630090225,0.5960329133600105,25533.248681481924
375.25,-0.0264535387387381,0.31142092767953194,-0.11291819468537528,0.33787446641827007,5100.207476401726,0.553327379356256,-0.38647718974167683,0.5797809180949941,26553.709900555394
375.3,-0.0293399126126129,0.30567360407255184,-0.11695571969518445,0.33501351668516477,5471.456147767422,0.5338259481492023,-0.39350102496372935,0.5631658607618152,27527.6545151121
375.35,-0.0322262864864844,0.2997272524898763,-0.12087942387842975,0.3319535389763607,5844.734046872437,0.5139851647626511,-0.4000516073753273,0.5462114512491355,28451.78463352587
375.4,-0.0351126603603622,0.29358754848534446,-0.12468990530647187,0.32870020884570667,6219.028994134768,0.49382863977953867,-0.40613106710066044,0.5289413001399008,29323.101095879316
375.45,-0.03784213076922709,0.2872601408729316,-0.12838763949061577,0.3251022716421587,6593.354389588929,0.4733798701287969,-0.4117418227927667,0.5112220008980239,30138.902868748464
375.5,-0.0404977642533938,0.2807506569892945,-0.13197301892870336,0.3212484212426883,6966.751090062357,0.45266222398011036,-0.4168866142248448,0.49315998823350415,30896.790954640812
375.55,-0.0431533977375572,0.2740647053039911,-0.13544641792256928,0.3172181030415483,7338.29285122212,0.4316989232478091,-0.4215685637390765,0.47485232098536634,31594.676254760496
375.6,-0.0458090312217177,0.26720787440812777,-0.1388082703453635,0.31301690562984547,7707.094366508607,0.41051302254162986,-0.42579125463652334,0.45632205376334756,32230.789782212385
375.65,-0.0483764337837854,0.26018572809606433,-0.1420591456675836,0.30856216187984975,8072.320347121494,0.38912738408783537,-0.429558811336115,0.4375038178716208,32803.69287048819
375.7,-0.05069271756756463,0.25300379699736203,-0.1451998087050443,0.30369651456492663,8433.193779192581,0.36756464893181034,-0.43287596546839036,0.41825736649937495,33312.284707589526
375.75,-0.0530090013513518,0.245667567884319,-0.14823125124721812,0.2986765692356708,8789.001538526361,0.3458472054824595,-0.435748094163541,0.3988562068338113,33755.80472305034
375.8,-0.0553252851351363,0.23818247226017858,-0.15115468855959535,0.29350775739531487,9139.095949419307,0.32399715704190496,-0.4381812213484442,0.37932244217704125,34133.82804309587
375.85,-0.0576415689189182,0.23055387603493976,-0.15397151970954065,0.28819544495385796,9482.891552666186,0.3020362902739281,-0.44018197891862715,0.3596778591928463,34446.253255949996
375.9,-0.0597249366515859,0.22278707199456535,-0.1566832568684203,0.2825120086461512,9819.85719315815,0.2799860465577267,-0.4417575313052805,0.3397109832093126,34693.28292709972
375.95,-0.06175717647058618,0.21488727637101301,-0.15929143400825085,0.2766444528415992,10149.504379361975,0.2578674978393294,-0.44291547295921546,0.3196246743099156,34875.39843318854
376.0,-0.0637894162895935,0.206859630207952,-0.16179750884024166,0.2706490464975455,10471.37354676323,0.23570132800339175,-0.4436637125905569,0.2994907442929853,34993.33153237979
376.05,-0.0658216561085984,0.198709205483342,-0.16420277299651398,0.2645308615919404,10785.02026389788,0.21350782003218008,-0.44401036005080746,0.27932947614077847,35048.03552576848
376.1,-0.067780774774774,0.19044101523126902,-0.16650828378713925,0.258221790006043,11090.003427895399,0.19130684843603266,-0.4439636308162468,0.25908762321080664,35040.65875334128
376.15,-0.0696302117117131,0.18206002632783153,-0.16871482702171786,0.2516902380395446,11385.877142787273,0.16911787576777162,-0.4435317796497404,0.23874808747948473,34972.52258831393
376.2,-0.07147964864864599,0.17357117326326044,-0.1708229148501842,0.2450508219119064,11672.187295165311,0.14695995158234598,-0.4427230695891911,0.21843960023099196,34845.10512826236
376.25,-0.0733290855855851,0.16497937118099287,-0.17283281637490455,0.23830845676657797,11948.47296643259,0.12485171205711691,-0.4415457759382967,0.19818079764270202,34660.030622036
376.3,-0.0751785225225222,0.15628952672387067,-0.17474461299551108,0.23146804924639286,12214.271908380377,0.10281137866514606,-0.4400082185517904,0.17798990118766828,34419.06353655469
376.35,-0.0770107986425319,0.14750654574817473,-0.17655826607387723,0.22451734439070664,12469.128527605611,0.08085675476758294,-0.438118810519336,0.15786755341011482,34124.10526771162
376.4,-0.0788423597285071,0.13863533765050612,-0.17827368229249424,0.21747769737901324,12712.602319250069,0.059005219671934436,-0.43588610824982416,0.13784757940044154,33777.19099825377
376.45,-0.08067392081447623,0.12968081678730942,-0.17989076244343788,0.21035473760178564,12944.274564992562,0.03727372047725953,-0.43331884751174393,0.11794764129173577,33380.484197138845
376.5,-0.0825054819004516,0.1206479021142392,-0.18140942235797314,0.2031533840146908,13163.751408101392,0.015678762749601817,-0.4304259523738436,0.0981842446500534,32936.26675145428
376.55,-0.0844042742081443,0.11154151662150169,-0.18282957958498428,0.19594579082964597,13370.66206848884,-0.005763598383890432,-0.4272165086311729,0.07864067582425387,32446.923599468268
376.6,-0.0863603375565588,0.102366588313824,-0.18415110536551332,0.1887269258703828,13564.651842936157,-0.027037764861375626,-0.4236996993554196,0.059322572695183165,31914.921819355197
376.65,-0.0883164009049776,0.09312805435165908,-0.18537374766629153,0.18144445525663666,13745.37052953837,-0.04812859821942163,-0.4198847068898046,0.04018780268555597,31342.78525865549
376.7,-0.09027246425338986,0.0838308695441613,-0.18649703617004804,0.17410333379755116,13912.457800084881,-0.06902141659058827,-0.4157805914859559,0.021251047662801587,30733.066712250908
376.75,-0.0922517513513502,0.07448001975017932,-0.1875201835075085,0.16673177110152954,14065.527689075863,-0.08970198534433027,-0.4113961610499815,0.002549766007019935,30088.32023585108
376.8,-0.0944013459459454,0.06508053999344135,-0.1884419977925281,0.15948188593938675,14204.154612815668,-0.11015650133159599,-0.40673984812018144,-0.015755155385650588,29411.076275347245
376.85,-0.0965509405405383,0.05563753638601412,-0.1892608196915929,0.1521884769265524,14327.863148133454,-0.13037157147731546,-0.4018196090769335,-0.03382063093677716,28703.82190910927
376.9,-0.0987005351351359,0.04615621037919357,-0.1899744933035178,0.14485674551432948,14436.12324237133,-0.15033418714041108,-0.3966428570574638,-0.051633652005275185,27968.987743059144
376.95,-0.10085012972972661,0.0366418835360191,-0.19058037453324028,0.1374920132657457,14528.351662892055,-0.17003169609893762,-0.39121643452090443,-0.06918156636921101,27208.941980310952
377.0,-0.103098783783784,0.02710002098730548,-0.19107537440418,0.13019880477108947,14603.919481479024,-0.1894517741572205,-0.3855466248668295,-0.08635299037343651,26425.991101547337
377.05,-0.105394054054055,0.017536252014781577,-0.1914560288810933,0.12293030606883658,14662.164397967215,-0.20858239817355462,-0.3796391960109764,-0.10318834411949962,25622.38562628632
377.1,-0.107689324324323,0.00795638673613828,-0.1917185826836768,0.11564571106046129,14702.405978495128,-0.22741182182209663,-0.3734994638958848,-0.11972249749777363,24800.328805424593
377.15,-0.1099845945945966,-0.0016335714451111132,-0.1918590724123186,0.10835102314948548,14723.961466766123,-0.2459285547168687,-0.3671323608579229,-0.1359439601222721,23961.985846953266
377.2,-0.11228876470587935,-0.011227417231844764,-0.1918733950821384,0.10106134747403459,14726.15989613855,-0.26412134475466253,-0.3605424937387769,-0.1518325800487832,23109.49151846684
377.25,-0.114621117647059,-0.020818737649310397,-0.19175735100376562,0.0938023799977486,14708.352665592547,-0.2819791628326416,-0.3537341789032651,-0.16735804518558262,22244.95454655416
377.3,-0.116953470588236,-0.030400907621058574,-0.19150665487732646,0.08655256296717743,14669.91954492137,-0.2994911885543727,-0.34671144600327714,-0.18253771796613666,21370.458095943708
377.35,-0.119285823529411,-0.03996708529369565,-0.19111691511163484,0.07931873823571535,14610.270096715136,-0.31664679529114287,-0.3394780086061596,-0.19736097176173187,20488.056591502896
377.4,-0.1216181764705905,-0.049510205649878944,-0.19058358763153527,0.07210797082071156,14528.841549802832,-0.33343553303190376,-0.33203720653378666,-0.21181735656131326,19599.770048490755
377.45,-0.12383165765765536,-0.05902297140089501,-0.1899019152756895,0.06480868625676034,14425.094970150063,-0.349847107854264,-0.3243919303504251,-0.22601545019660862,18707.577684706674
377.5,-0.126019045045046,-0.06849784077552085,-0.18906686676029275,0.057521204269525145,14298.512042621716,-0.36587135746260857,-0.316544542179095,-0.23985231241756258,17813.41283259962
377.55,-0.128206432432434,-0.07792701256138797,-0.18807309013841028,0.05027941987104602,14148.594893684238,-0.3814982230110042,-0.30849680883932257,-0.2532917905785702,16919.161078052537
377.6,-0.130393819819819,-0.08730240945658788,-0.1869148935566873,0.043091410363231136,13974.870973323097,-0.39671771820137364,-0.3002498618566906,-0.2663238983815546,16026.663030215432
377.65,-0.1324706244343911,-0.09661566133433402,-0.1855862620053263,0.03585496310005706,13776.904258043849,-0.4115198972911406,-0.29180419518201706,-0.2790492728567495,15137.722369035502
377.7,-0.1343670045248848,-0.10585809031573126,-0.18408091274483546,0.028508914209153524,13554.31297478869,-0.42589482404622503,-0.2831597054761065,-0.2915278195213402,14254.118898722736
377.75,-0.136263384615386,-0.11502069952076538,-0.18239238602741856,0.021242685094620628,13306.792992309945,-0.4398325437517171,-0.27431577340436647,-0.3035691591363311,13377.62551794413
377.8,-0.138159764705884,-0.12409416705930368,-0.18051416197056103,0.01406559764658033,13034.145068773576,-0.45332306016046364,-0.2652713779780584,-0.31516329545457966,12510.027373222742
377.85,-0.14005614479638,-0.13306884624783644,-0.17843979044605324,0.006987298548543575,12736.303525772557,-0.4663563187217721,-0.2560252311269869,-0.32630017392539207,11653.141150867032
377.9,-0.1414909864253406,-0.1419347723342063,-0.17616301888470998,-0.00044378590886567926,12413.363689029873,-0.47892219672248715,-0.24657591682776336,-0.3374312102971465,10808.832490569259
377.95,-0.14290659728506638,-0.1506816752480731,-0.17367790340538344,-0.007775077963006721,12065.60565251588,-0.49101050015835307,-0.2369220188069308,-0.3481039028732867,9979.029865875853
378.0,-0.144322208144797,-0.15929899725188268,-0.17097889225606502,-0.014976789107085692,11693.512638844437,-0.5026109664258427,-0.2270622238568775,-0.35828875828104567,9165.733956058799
378.05,-0.145737819004526,-0.167775913933631,-0.16806087558306174,-0.022038094929104995,11297.783160698142,-0.5137132713865533,-0.2169953926060697,-0.36797545238202733,8371.022295513303
378.1,-0.146742554054054,-0.17610135683344963,-0.16491920149294523,-0.02935880277939562,10879.337208428266,-0.5243070391005061,-0.20672059568311657,-0.3775644850464521,7597.049720814676
378.15,-0.1473972837837847,-0.18426403614273845,-0.16154966436777235,-0.03686675235895376,10439.317622935958,-0.5343818525810767,-0.19623711969859242,-0.38698456879729204,6846.045715128834
378.2,-0.14805201351351222,-0.19225246235007779,-0.1579484765705025,-0.04420044883656557,9979.088500377033,-0.5439272643009374,-0.18554445339727677,-0.3958752507874252,6120.310077598971
378.25,-0.148706743243243,-0.20005496634693498,-0.1541122375127477,-0.05134822310369197,9500.232700474224,-0.5529328057997579,-0.1746422680475226,-0.4042260625565149,5422.208318005819
378.3,-0.149249846153846,-0.20765971822248594,-0.15003791439637879,-0.05840987206863993,9004.550302566035,-0.5613879964870037,-0.16353040731763735,-0.41213815033315765,4754.167843106201
378.35,-0.148788307692308,-0.2150547456507818,-0.14572284686224624,-0.06626643795847381,8494.059239055066,-0.569282352471615,-0.15220890047489471,-0.42049404477930696,4118.675446004694
378.4,-0.1483267692307694,-0.2222279532846136,-0.14116478343916167,-0.07390118405384419,7970.998433370165,-0.576605396852159,-0.1406780087691586,-0.4282786276213896,3518.275938000971
378.45,-0.14786523076923144,-0.22916714482527334,-0.13636195197221587,-0.0813019140560419,7437.832778269163,-0.5833466732559324,-0.12893830915135918,-0.43548144248670095,2955.5711229887065
378.5,-0.147403692307692,-0.23586004939084776,-0.13131315993371698,-0.08845635708315575,6897.258388711173,-0.5894957644598423,-0.1169908128383808,-0.4420920721521503,2433.217829081786
378.55,-0.145943171171171,-0.24229435345149503,-0.126017914777074,-0.09635118228032402,6352.205937904753,-0.59504231763636,-0.10483710982005276,-0.44909914646518895,1953.9234836305427
378.6,-0.144012540540542,-0.24845773900343243,-0.12047655071744219,-0.10444519846289044,5805.839709108968,-0.5999760771967554,-0.09247952576361955,-0.45596353665621336,1520.4378107491507
378.65,-0.1420819099099088,-0.25433792792663296,-0.11469034680947308,-0.11225601801672416,5261.550260510885,-0.6042869254580069,-0.07992127535802143,-0.4622050155480981,1135.5396008626994
378.7,-0.1401512792792817,-0.2599227317248878,-0.10866162203508176,-0.11977145244560608,4722.939241317986,-0.6079649305515837,-0.06716659619532109,-0.467813651272302,802.0180701271684
378.75,-0.13779214479638,-0.26520010520355375,-0.1023937962618164,-0.12740796040717375,4193.7958051625465,-0.6110004002533987,-0.0542208498920502,-0.4732082554570187,522.6489889806649
378.8,-0.134076081447963,-0.2701582022119618,-0.09589141157969487,-0.13608212076399878,3678.0651258985763,-0.6133839398713729,-0.04109058259837238,-0.47930785842340984,300.1663961375401
378.85,-0.13036001809955,-0.27478543146569034,-0.08916011470497034,-0.14442541336614034,3179.810421681387,-0.6151065121004629,-0.02778354341159106,-0.48474649400091285,137.23116168955823
378.9,-0.1266439547511287,-0.27907051064158017,-0.0822066071273615,-0.15242655589045148,2703.1705021569446,-0.6161594968358343,-0.014308665718609033,-0.4895155420847056,36.397851492781754
378.95,-0.12292789140271836,-0.2830025174047418,-0.07503857426865519,-0.16007462600202343,2252.315051308992,-0.6165347493373572,-0.0006760218617343789,-0.4936068579346388,0.08124543245205613
379.0,-0.117610061711712,-0.28657093666044225,-0.06766460791627642,-0.16896087494873024,1831.399665785367,-0.6162246557503809,0.013103234602548093,-0.49861459403866887,30.52351236434021
379.05,-0.111940624774773,-0.28976570407421653,-0.06009413670285375,-0.17782507929944352,1444.5221064245095,-0.61522218576049,0.027016923413924882,-0.5032815609857171,129.76251568957912
379.1,-0.106271187837841,-0.2925772465807017,-0.052337376966499,-0.18630605874286071,1095.6804110933679,-0.613520942898007,0.04105187502627419,-0.507249755060166,299.6011454529484
379.15,-0.1006017509008946,-0.29499652112335034,-0.04440531185564484,-0.19439477022245574,788.7326883988289,-0.611115213616531,0.05519394117845524,-0.5105134627156364,541.5770920552493
379.2,-0.09414648009050278,-0.2970150531012963,-0.036309700254232,-0.2028685730107935,527.35773302087,-0.6080000165996629,0.06942797516753585,-0.5138535365091601,856.9322197091511
379.25,-0.0864090592760157,-0.29862497593705745,-0.02806311166559293,-0.21221591666104173,315.0152945422152,-0.6041711537731148,0.08373778418739766,-0.5177620944970991,1246.5807112204775
379.3,-0.0786716384615344,-0.2998190728495036,-0.01967897742184719,-0.2211474343879692,154.90486094782858,-0.5996252642296694,0.09810606252548551,-0.5209536257681351,1711.0754674230175
379.35,-0.0709342176470619,-0.3005908213169119,-0.011171644849487225,-0.22965660366985,49.92225945722978,-0.5943598816958443,0.11251431900483877,-0.5234256640487824,2250.5727966440218
379.4,-0.0631967968325698,-0.3009344400078626,-0.002556419089404365,-0.23773764317529283,2.614111424268417,-0.5883734954391305,0.1269428148657629,-0.5251766986065607,2864.7961326299296
379.45,-0.05375767837839006,-0.30084493719510824,0.006150421094300624,-0.24708725881671817,15.131071854887235,-0.5816656136871461,0.14137052742158052,-0.527907935308756,3553.0001819477066
379.5,-0.0442476558558564,-0.30031815910115045,0.014931643302553027,-0.25607050324529407,89.18158868587066,-0.5742368279670044,0.15577515141802545,-0.5299891721111479,4313.937386543779
379.55,-0.0347376333333333,-0.29935083623184017,0.02376912206360698,-0.26461320289850687,225.98846546985928,-0.5660888762682031,0.17013314517277667,-0.5313512429348698,5145.82881535664
379.6,-0.025227610810821,-0.2979406256899395,0.0326439384824254,-0.27271301487911853,426.25068785774965,-0.5572247027574745,0.18441982206725582,-0.5319970919466535,6046.341470456587
379.65,-0.0149862117647036,-0.29608614766500096,0.041536511768343706,-0.28109993590029736,690.112723952702,-0.5476485118882505,0.1986094816829365,-0.5326623001235469,7012.5735492203885
379.7,-0.004069695927622021,-0.2937870148084985,0.05042674992128744,-0.2897173188808765,1017.1428430496253,-0.5373658152046654,0.21267556854095782,-0.5332961192770433,8041.048436305715
379.75,0.0068468199094965,-0.2910438539077413,0.05929420461138167,-0.29789067381723777,1406.321080198558,-0.526383469833899,0.22659084322745693,-0.5332302897433956,9127.717375027549
379.8,0.017763335746603,-0.28785832003054324,0.06811821502087764,-0.30562165577714623,1856.036487052208,-0.5147097084540323,0.2403275495496989,-0.5324730442006353,10267.96996845564
379.85,0.0287374522522382,-0.2842331040199445,0.07687802854350415,-0.31297055627218273,2364.0925090943356,-0.5023541613062074,0.2538575638165758,-0.5310916135584456,11456.651147891
379.9,0.0402299747747774,-0.2801719347085555,0.08555289012069875,-0.3204019094833329,2927.7188032017416,-0.4893278714102369,0.2671525158759763,-0.5295578461850143,12688.082975798006
379.95,0.051722497297277466,-0.2756795775200454,0.0941220978549232,-0.32740207481732286,3543.587721844696,-0.4756433045500561,0.2801838773860405,-0.5273658018473336,13956.089803924584
380.0,0.0632150198198168,-0.2707618310502682,0.10256502919961033,-0.333976850870085,4207.834085886768,-0.46131435562038897,0.2929230198406034,-0.5245293754402057,15254.025876006854
380.05,0.0747075423423429,-0.26542552288661947,0.11086114740338396,-0.34013306522896236,4916.07760143793,-0.4463563526655811,0.3053412509054338,-0.521063895007924,16574.80524524357
380.1,0.0860510497737462,-0.2596785053175969,0.11899000166814723,-0.34572955509134307,5663.448198794272,-0.43078605937003633,0.3174098422583266,-0.5168371091437826,17910.934748881024
380.15,0.0973177918552094,-0.25352965089710666,0.12693123516218857,-0.35084744275231605,6444.615383919526,-0.4146216760639944,0.3291000636589756,-0.5119394679192039,19254.55144894965
380.2,0.10858453393663418,-0.2469888471260013,0.13466461427828244,-0.3555733810626355,7253.8233354874355,-0.3978828385581324,0.34038323795024295,-0.5064673724947666,20597.466431554083
380.25,0.119851276018097,-0.240066988929981,0.14217008859759542,-0.359918264948078,8084.9336367392525,-0.3805906134585349,0.35123082823007173,-0.5004418894766319,21931.21683541016
380.3,0.13079972972973,-0.2327759672726748,0.1494278857718846,-0.3635756970024048,8931.477218502157,-0.3627674881800629,0.3616145632956453,-0.49356721790979285,23247.127535555603
380.35,0.140740270270262,-0.22512865218466532,0.1564186389434733,-0.3658689224549273,9786.716243571465,-0.344437353728497,0.37150660061277646,-0.48517762399875897,24536.382986464178
380.4,0.1506808108108173,-0.21713886877405428,0.16312353839715618,-0.3678196795848716,10643.715511683395,-0.3256254785389671,0.38087971953171407,-0.4763062893497844,25790.108577876832
380.45,0.1606213513513387,-0.20882136530346485,0.16952449480122223,-0.36944271665480355,11495.421735043848,-0.30635847214598466,0.38970753231348115,-0.46697982349732337,26999.459687442304
380.5,0.170561891891894,-0.20019177313330572,0.17560429882569376,-0.3707536650251997,12334.74790642542,-0.28666423818792186,0.3979646970418515,-0.45722613007981583,28155.715571842247
380.55,0.178823484162899,-0.1912665590928099,0.18134676200473399,-0.37009004325570893,13154.659235840652,-0.2665719170678653,0.40562711572904775,-0.4453954012307643,29250.37458038512
380.6,0.186665339366512,-0.1820629715501638,0.18673682625278087,-0.3687283109166758,13948.256911584509,-0.24611181939771326,0.41267210282319333,-0.4327771587642253,30275.24701306956
380.65,0.1945071945701419,-0.17259898195838094,0.19176063459099407,-0.36710617652852284,14708.8563914963,-0.2253153519770903,0.41907851416219144,-0.41982254654723217,31222.54240575824
380.7,0.20234904977374488,-0.16289322387980695,0.196405561528471,-0.36524227365355183,15430.057839725603,-0.2042149384102936,0.42482683237637364,-0.4065639881840385,32084.948890123283
380.75,0.209106891891893,-0.15296493141661324,0.20066020770825202,-0.36207182330850624,16105.807583007536,-0.18284393650167532,0.4298992113383883,-0.3919508283935683,32855.70345055436
380.8,0.214096081081083,-0.14283387859893926,0.2045143690125961,-0.3569299596800223,16730.45085304813,-0.16123655427760464,0.4342794885683306,-0.37533263535868766,33528.653189541474
380.85,0.219085270270269,-0.13252032067266004,0.20795899388281905,-0.35160559094292904,17298.77725470175,-0.13942776591577496,0.4379531789584532,-0.35851303618604397,34098.30879285599
380.9,0.2240744594594646,-0.1220449374997788,0.21098614398561247,-0.34611939695924343,17806.061181567038,-0.11745322813022457,0.4409074654669307,-0.3415276875896892,34559.89210746182
380.95,0.22906364864864084,-0.11142877855670599,0.21358897138973368,-0.34049242720534684,18248.099479729786,-0.09534919678662199,0.443131201232521,-0.32441284543526283,34909.37982324924
381.0,0.231040113122173,-0.10069320845302931,0.2157617219129843,-0.3317333215752023,18621.248257142386,-0.07315244288196895,0.4446149345400835,-0.30419255600414197,35143.54489174804
381.05,0.232824276018101,-0.08985985152314722,0.2174997688565847,-0.3226841275412482,18922.459781067108,-0.05090016655877825,0.44535096277738834,-0.28372444257687923,35259.996452754975
381.1,0.234608438914027,-0.07895053400642271,0.2187996750162955,-0.3135589729204497,19149.31911489461,-0.028629907695395466,0.4453334149563833,-0.26323834660942247,35257.21786252698
381.15,0.236392601809955,-0.06798722257341169,0.21965927490426476,-0.3043798243833667,19300.078820586943,-0.0063794517844541175,0.4445583558653735,-0.24277205359440912,35134.60120350651
381.2,0.23646981981981813,-0.056991958500808314,0.22007776430952336,-0.2934617783206264,19373.688937391245,0.01581326968080432,0.4430238993142136,-0.2206565501390138,34892.47562019031
381.25,0.234971396396396,-0.04598678748781068,0.22005578262639144,-0.2809581838842067,19369.818986925457,0.037910284397562694,0.44073031537053037,-0.1970611119988333,34532.12637984127
381.3,0.233472972972973,-0.034993685844122276,0.2195954734140374,-0.2684666588170953,19288.868777574084,0.05987368932263112,0.4376801157299661,-0.17359928365034188,34055.801547626055
381.35,0.231974549549551,-0.024034484443458248,0.21870051179388228,-0.2560090339930092,19131.96554356242,0.08166576417544472,0.4338781039333717,-0.15030878537410627,33466.70383516759
381.4,0.2302299909502248,-0.013130792296301291,0.21737609135945893,-0.2433607832465261,18900.946037886333,0.10324908636840084,0.42933138096666146,-0.12698090458182398,32768.96616582055
381.45,0.2256548778280622,-0.0023039218194666495,0.2156288702261947,-0.22795879964752885,18598.32387001005,0.1245866450283027,0.42404930383678896,-0.1010682327997595,31967.61103723829
381.5,0.221079764705884,0.008425182294994803,0.21346688213084375,-0.2126545824108892,18227.243906665415,0.14564195185738332,0.41804340150851016,-0.07543781284850068,31068.49520796541
381.55,0.216504651583711,0.019036009105583642,0.21089942358162,-0.19746864247812734,17791.42674682383,0.16637914692050018,0.41132725842521617,-0.05012550466321081,30078.24240419637
381.6,0.211929538461543,0.029508541509525414,0.2079369314100556,-0.18242099695201758,17295.106977692067,0.18676309810277653,0.40391638011503966,-0.025166440358766473,29004.16748893106
381.65,0.2056832432432409,0.03982331028062729,0.20459086591700043,-0.1658599329626136,16742.968966667217,0.20675949373162844,0.3958280571121097,0.0010762504883875534,27854.195697270687
381.7,0.19857603603604707,0.0499614427126034,0.20087361384055732,-0.14861459332344368,16140.083494946137,0.2263349286974825,0.38708124322372195,0.02775889266143544,26636.7802409995
381.75,0.19146882882883,0.05990470711837478,0.19679842085436325,-0.13156412171045523,15491.847380308429,0.24545698510537353,0.37769646011785135,0.05398815627654352,25360.820619654343
381.8,0.18436162162162,0.06963555479667333,0.192379357905516,-0.11472606682494668,14803.926939255449,0.2640943089679206,0.3676957349120169,0.07973268734630057,24035.58283955346
381.85,0.176825506787336,0.07913716111783978,0.187631318545867,-0.09768834566949622,14082.204679704246,0.28221668460385974,0.3571025700067259,0.10539117781652374,22670.621423183748
381.9,0.1677687194570077,0.0883934670928083,0.18257003948322345,-0.07937525236419939,13332.727726762309,0.2997951082084208,0.3459419388587927,0.13202638875141312,21275.702233134343
381.95,0.15871193212670928,0.09738922230459224,0.17721213194734511,-0.061322709822117044,12561.655883729303,0.3168018616310647,0.3342402959512128,0.15808992950435544,19860.724522231878
382.0,0.14965514479638,0.10611002936331014,0.17157510903353385,-0.04354511543306987,11775.207215947612,0.33321058668791936,0.32202558586388874,0.18355544189153936,18435.640524618804
382.05,0.140598357466062,0.11454238932587936,0.16567739447725166,-0.026055968140182642,10979.599616308344,0.34899635958238096,0.30932723582448585,0.20839800211631895,17010.371346278593
382.1,0.130698765765772,0.12267374683195695,0.15953830125233906,-0.008025018933815048,10180.987826592836,0.3641357642473636,0.29617611843540304,0.2334369984815916,15594.718778926557
382.15,0.1205884729729645,0.13049253328160978,0.15317797401980593,0.009904060308645282,9385.396689924937,0.3786069629036676,0.28260447664630306,0.2580184899307031,14198.273816983263
382.2,0.11047818018019148,0.13798820620850522,0.14661729502136017,0.027510026028313733,8598.652479752227,0.39238976186031554,0.2686458087055306,0.2819115816801241,12830.323650675298
382.25,0.100367887387384,0.1451512831480124,0.13987775944551903,0.0447833957606284,7826.315034999396,0.4054656706452339,0.25433471771010424,0.3050977832578499,11499.759756920606
382.3,0.0901494800904917,0.15197336872856385,0.1329813310406145,0.061823888638072144,7073.6137621334,0.4178179529304241,0.23970673584183477,0.3276684728399324,10214.990081412827
382.35,0.0797388692307729,0.15844717435006536,0.12595029272716995,0.07870830511929246,6345.390495223921,0.42943166833801405,0.22479813821503133,0.34969279910724116,8983.858301323437
382.4,0.0693282583710303,0.1645665305972886,0.11880710764780213,0.0952382722262583,5646.051531054577,0.4402937050285994,0.20964576282022584,0.3709654466575691,7813.572598839892
382.45,0.05891764751132327,0.17032639324850155,0.1115743039575089,0.11140874573717827,4979.530121441035,0.4503928037560298,0.19428685159759532,0.3914751562447065,6710.645458436627
382.5,0.0485070366515808,0.17572284432295507,0.10427439249716657,0.12721580767137428,4349.259572261259,0.459719574754324,0.17875892392358106,0.4112125381027432,5680.844956856292
382.55,0.0386392332579137,0.18075308991580885,0.0969298207904862,0.14211385665789517,3758.156063390309,0.4682665092367859,0.1630996881253106,0.42962727597887224,4729.157025168636
382.6,0.0288060771493255,0.1854154566019203,0.08956296075806132,0.1566093794525948,3208.6095759000127,0.47602798742239566,0.14734699027166062,0.4472219102730702,3859.7574297096626
382.65,0.018972921040715,0.18970938789296488,0.08219612127904556,0.17073646685224989,2702.4809413278267,0.48300028478529833,0.13153879257819728,0.4640273637445833,3075.991813854224
382.7,0.00913976493213866,0.19363544167592983,0.07485157247079784,0.18449567674379116,2241.10316054044,0.4891815777062399,0.11571316864562635,0.48004181277410124,2380.362204090874
382.75,-8.904504505550734e-06,0.1971952888399988,0.06755156639912765,0.19720419334450434,1825.285649190301,0.49457194897815454,0.09990829967296164,0.49458085348266007,1774.5188166297435
382.8,-0.0085257400900916,0.20039171254270408,0.060318339831096426,0.20891745263279568,1455.3208479918535,0.49917339281205236,0.08416245586221847,0.507699132902144,1259.256706979533
382.85,-0.0170425756756681,0.20322860692012829,0.05317408770304241,0.2202711825957964,1130.9934412203386,0.5029898182578426,0.06851394971432566,0.5200323939335108,834.5175654146036
382.9,-0.0255594112612637,0.20571097359046012,0.04614090086837985,0.23127038485172383,851.5930931782626,0.5060270493928485,0.053001052557504175,0.5315864606541122,499.39761283614575
382.95,-0.03393818325790225,0.20784491413577366,0.03924066798062509,0.24178309739367593,615.932009426262,0.5082928203568923,0.03766187207181559,0.5422310036147945,252.16295252512055
383.0,-0.0407292239818986,0.20963761689832844,0.03249494773404857,0.25036684088022704,422.3686512954193,0.5097967633705268,0.022534195428306557,0.5505259873524254,90.27377130686438
383.05,-0.0475202647058837,0.21109733688211874,0.02592482307835486,0.25861760158800245,268.83858065760035,0.5105503882654939,0.007655308821410287,0.5580706529713776,10.41844500465105
383.1,-0.0543113054298611,0.21223336821457384,0.019550751858146285,0.26654467364443496,152.89275928752414,0.5105670527011549,-0.006938192088891062,0.564878358131016,8.557957237751204
383.15,-0.0611023461538523,0.2130560093709082,0.013392429191318493,0.27415835552476053,71.74286385779189,0.5098619230138668,-0.02121058456699549,0.5709642691677191,79.98024847531862
383.2,-0.06651059459458851,0.21357652209993974,0.007468674959560576,0.28008711669452824,22.312442260626867,0.508451926448786,-0.03512717898610759,0.5749625210433745,219.3633250705847
383.25,-0.0712064954954967,0.21380708555327513,0.0017973555952190481,0.28501358104877184,1.2921948542660875,0.5063556961817632,-0.048654445538807746,0.57756219167726,420.8453459002327
383.3,-0.0759023963963979,0.21376074744645743,-0.0036046565217251088,0.2896631438428553,5.197419455846144,0.5035935109731189,-0.061760102009372805,0.5794959073695167,678.0995911481128
383.35,-0.0805982972972938,0.21345137407540204,-0.008721489204455724,0.29404967137269583,30.425749577375093,0.50018723139087,-0.07441316392283388,0.5807855286881638,984.4122604456082
383.4,-0.084810368325793,0.21289360071713354,-0.013538250827552951,0.2977039690429265,73.31369418789527,0.49616023432383133,-0.08658396454900537,0.5809706026496243,1332.76140747083
383.45,-0.08730704253393262,0.21210278338637184,-0.01804099814214039,0.29940982592030446,130.19104558588518,0.4915373469879695,-0.09824415759850041,0.5788443895219022,1715.8959115091534
383.5,-0.0898037167420809,0.21109495220307675,-0.02221670643362554,0.30089866894515765,197.4328179031594,0.4863447809097908,-0.1093667180096817,0.5761484976518717,2126.4140459038645
383.55,-0.0923003909502262,0.20988676589064165,-0.026053256362540994,0.30218715684086783,271.5088668369131,0.48061006558980696,-0.11992595644800168,0.5729104565400331,2556.841783105421
383.6,-0.0947970651583687,0.20849546627356597,-0.029539448452569853,0.3032925314319347,349.0316059528126,0.47436198081933106,-0.12989756030818111,0.5691590459776997,2999.7113198253423
383.65,-0.0954601297297298,0.2069388312292334,-0.032665050956059545,0.3023989609589632,426.80222158478665,0.4676304861119445,-0.13925866897067005,0.5630906158416743,3447.640334841362
383.7,-0.09566479189189153,0.20523512440627356,-0.03542088062346899,0.3008999162981651,501.8555136568163,0.4604466454705284,-0.1479879846886717,0.5561114373624199,3893.4121977270274
383.75,-0.0958694540540541,0.20340304020973718,-0.03779890980286923,0.29927249426379127,571.5030329141774,0.4528425458179252,-0.1560659138543229,0.5487119998719793,4330.05679416621
383.8,-0.0960741162162163,0.20146164300832614,-0.03979238807412899,0.29753575922454245,633.3736594568334,0.44485120782677057,-0.1634747273948787,0.5409253240429869,4750.930932769761
383.85,-0.0954465262443451,0.19943030021168598,-0.04139596327347901,0.2948768264560311,685.4503101356892,0.4365064885722238,-0.17019872478271122,0.5319530148165689,5149.796607584192
383.9,-0.0933393769230753,0.19732860963270796,-0.04260578667210077,0.29066798655578324,726.1012231794239,0.42784297623928896,-0.17622438517430883,0.5211823531623643,5520.894920900117
383.95,-0.09123222760181258,0.19517632227263687,-0.04341958897279704,0.28640854987444947,754.1042826266553,0.4188958779199799,-0.18154049040279915,0.5101281055217924,5859.013272122456
384.0,-0.0891250782805428,0.1929932622331854,-0.04383671831083062,0.2821183405137282,768.6631489052451,0.40970090221021865,-0.1861382086782863,0.49882598049076143,6159.543596437556
384.05,-0.0870179289592754,0.190799245758415,-0.04385813693234137,0.2778171747176904,769.4144700704024,0.4002941387334734,-0.19001113332012617,0.4873120676927488,6418.52991743978
384.1,-0.0827798468468492,0.18861400142228313,-0.04348637994234117,0.2713938482691323,756.426096195861,0.39071193684167177,-0.19315527790634568,0.47349178368852096,6632.704245880468
384.15,-0.0784057477477437,0.18645709313841186,-0.0427254854698623,0.2648628408861555,730.1868434541659,0.38099078548902543,-0.19556903586060267,0.4593965332367691,6799.510717768124
384.2,-0.07403164864865325,0.1843478471072587,-0.041580909513593715,0.25837949575591196,691.5888143910673,0.3711671957583581,-0.19725311727320638,0.44519884440701135,6917.118626488411
384.25,-0.0696575495495478,0.18230528308689845,-0.04005944052799334,0.25196283263644625,641.9035101663341,0.36127758679082916,-0.19821047846644224,0.43093513634037695,6984.425559803727
384.3,-0.0641723468468429,0.1803480496441413,-0.03816912778074109,0.24452039649098423,582.7529262170164,0.351358175097312,-0.19844625957930845,0.4155305219441549,7001.052078403249
384.35,-0.0575760405405437,0.17849436239909172,-0.0359192347271412,0.23607040293963544,516.0765693533866,0.34144486650872413,-0.19796774321901345,0.39902090704926785,6967.32930759631
384.4,-0.0509797342342294,0.1767619438406789,-0.03332022317249907,0.2277416780749083,444.0949089060575,0.33157314948988154,-0.1967843419726424,0.38255288372411095,6884.280399218822
384.45,-0.044383427927937605,0.17516796316108146,-0.030383767819237538,0.21955139108901905,369.26933875733386,0.32177798831329857,-0.19490761623427513,0.36616141624123616,6753.5962428671055
384.5,-0.0376645502001834,0.1737289747398131,-0.027122793862592014,0.21139352493999652,294.2583787650636,0.3120937146906228,-0.19235131636201977,0.3497582648908062,6577.605138880323
384.55,-0.0290253868698649,0.17246085440963846,-0.02355152629777995,0.20148624127950335,221.8697563820082,0.3025539169121181,-0.18913143839770188,0.33157930378198297,6359.235731623769
384.6,-0.0203862235395561,0.17137873325123426,-0.019685536662108382,0.19176495679079036,155.0081414700853,0.29319132615195737,-0.1852662787926094,0.31357754969151347,6101.972276917489
384.65,-0.0117470602092277,0.1704969294429966,-0.01554177193557638,0.1822439896522243,96.61866995898782,0.2840377004123757,-0.18077647172750566,0.2957847606216034,5809.801374265895
384.7,-0.003107896878927544,0.1698288793826566,-0.011138552785526275,0.17293677626158413,49.626943262382056,0.2751237073439195,-0.1756849944341211,0.27823160422284704,5487.1497367674965
384.75,0.0066037728144112,0.16938706985671867,-0.006495532657283429,0.16278329704230746,16.87677780073421,0.2664788078376896,-0.17001712988245304,0.2598750350232784,5138.8132361718945
384.8,0.0169187273369371,0.16918297328546134,-0.0016336158412251613,0.15226424594852422,1.0674802866807165,0.25813114264488274,-0.16380038286021606,0.24121241530794563,4769.878297805043
384.85,0.0272336818594512,0.16922698801914265,0.003425161504569227,0.14199330615969147,4.692692532953172,0.2501074243234932,-0.1570643517156025,0.222873742464042,4385.637436416443
384.9,0.037548636381989,0.16952838531485442,0.008657777524820495,0.13197974893286543,29.982844667714755,0.24243283653498945,-0.14984056459827932,0.20488420015300046,3991.5012976233106
384.95,0.04810318823528101,0.17009526402506972,0.014040384713978424,0.12199207578978871,78.8529611666076,0.23513094214462085,-0.14216229337755265,0.18702775390933984,3592.909805931618
385.0,0.059616129411765,0.17093451331129242,0.019548467982552515,0.11131838389952742,152.85704018595231,0.22822360084570584,-0.13406436185522302,0.16860747143394084,3195.244999048565
385.05,0.071129070588238,0.17205178288964362,0.025156985972471742,0.10092271230140562,253.149577287656,0.2217308961624665,-0.12558296461852275,0.1506018255742285,2803.7477337559353
385.1,0.0826420117646979,0.17345145968979847,0.03084048463181651,0.09080944792510057,380.45419693012417,0.21567107096751387,-0.1167555096161138,0.13302905920281596,2423.43982679439
385.15,0.0941549529411845,0.1751366493645851,0.036573177548676616,0.08098169642340058,535.0389264028094,0.21006047009494638,-0.10762049224347994,0.11590551715376188,2059.0525067962535
385.2,0.10603548235292459,0.17710916099119253,0.04232899361394865,0.07107367863826794,716.6974801478823,0.2049134884232232,-0.09821740243912398,0.09887800607029862,1714.9614474469047
385.25,0.118019690497737,0.1793694934509551,0.048081598181545754,0.0613498029532181,924.7360334766495,0.20024252285619032,-0.08858666017687922,0.08222283235845332,1395.1282420078007
385.3,0.130003898642536,0.1819168224456113,0.05380439952980143,0.0519129238030753,1157.9653635049983,0.196057927042789,-0.07876956831472547,0.06605402840025298,1103.0479808867915
385.35,0.141988106787321,0.18474898776492296,0.05947055493001302,0.04276088097760197,1414.6987614734783,0.19236796831698766,-0.0688082683658432,0.05037986152966667,841.7027192010485
385.4,0.1537752162162229,0.18786248116467702,0.06505299139809659,0.03408726494845413,1692.7566759363312,0.18917878711172315,-0.05874568313879835,0.03540357089550025,613.5209399900616
385.45,0.1652119279279129,0.19125243591247376,0.07052445311486488,0.026040507984560868,1989.4793948603099,0.18649435986543006,-0.04862543262861664,0.021282431937517166,420.34359081246856
385.5,0.176648639639641,0.1949126195390505,0.07585758323939076,0.018263979899409505,2301.7491739684397,0.18431646701116344,-0.03849171348037321,0.00766782737152244,263.39769007202574
385.55,0.188085351351356,0.19883543159915856,0.08102504207483564,0.010750080247802551,2626.0229772915545,0.1826446680033107,-0.028389138132241414,-0.0054406833480453165,143.2787846918193
385.6,0.199522063063059,0.20301190816806156,0.08599965731640043,0.0034898451050025536,2958.3764234153223,0.18147628534691992,-0.018362536378337513,-0.018045777716139078,59.94359862146996
385.65,0.2096174343891503,0.20743173445626564,0.09075459623624473,-0.002185699932884644,3294.5586952015224,0.18080639931173825,-0.008456728646469545,-0.028811035077412034,12.714001671114422
385.7,0.21959616742080362,0.2120832662827404,0.0952635454676961,-0.007512901138063216,3630.05723803032,0.18062785439145473,0.001283714633484723,-0.03896831302934889,0.292964135150723
385.75,0.229574900452491,0.21695356041070285,0.09950088315954551,-0.012621340041788137,3960.170299811811,0.1809312778080253,0.010814711414423285,-0.0486436226444657,20.792530307067963
385.8,0.239553633484168,0.22202841299100573,0.10344182899597042,-0.01752522049316227,4280.084794412634,0.18170510953564026,0.0200928879728899,-0.05784852394852774,71.7731817050851
385.85,0.248256288288284,0.2272924047179622,0.10706256134015556,-0.020963883570321806,4584.956816285829,0.1829356425801518,0.029075767468412443,-0.0653206457081322,150.29337846705624
385.9,0.2556828648648694,0.23272895088923548,0.11034029574099859,-0.022953913975633927,4869.992345684413,0.18460707172147028,0.037721919011715115,-0.07107579314339912,252.9676753646923
385.95,0.2631094414414295,0.23832035442701024,0.11325332570305856,-0.02478908701441926,5130.526313121226,0.1867015486783517,0.04599106600584321,-0.0764078927630778,376.0316715295693
386.0,0.270536018018015,0.2440478601324196,0.11578103270928891,-0.026488157885595415,5362.099014091771,0.18919924177595251,0.05384415918218678,-0.08133677624206251,515.4121738731857
386.05,0.277763828054298,0.24989170890303344,0.11790387699237269,-0.027872119151264557,5560.52968393302,0.19207839859501752,0.06124342504779044,-0.08568542945928048,666.801264281658
386.1,0.281877628959272,0.2558311913106307,0.11960338363046838,-0.026046437648641285,5721.987750342797,0.19531541073231756,0.06815240443727806,-0.08656221822695442,825.7333743257456
386.15,0.2859914298642557,0.2618447006707273,0.12086213830025912,-0.024146729193528393,5843.0625898043845,0.19888488056357773,0.0745359964554278,-0.08710654930067796,987.6648475739636
386.2,0.29010523076922623,0.26790978640628355,0.12166380512513558,-0.022195444362942685,5920.832591010787,0.20275969063550692,0.08036052183006953,-0.08734554013371931,1148.055727786859
386.25,0.29421903167421,0.2740032090316344,0.12199317425425515,-0.020215822642575598,5952.933825851625,0.2069110769260056,0.08559381522410196,-0.08730795474820438,1302.4535474875927
386.3,0.295855387387388,0.2801009982992959,0.12183624061640398,-0.01575438908809207,5937.627811015314,0.21130870752395697,0.09020534980325368,-0.084546679863431,1446.5786903337525
386.35,0.29609818018018,0.28617851598333893,0.12118030931877793,-0.009919664196841094,5873.866946637879,0.21592076829483264,0.09416639097526606,-0.08017741188534738,1576.410522543408
386.4,0.2963409729729733,0.29221052439937206,0.12001411779683167,-0.004130448573601231,5761.355388220716,0.22071405678044614,0.097450170153526,-0.07562691619252715,1688.2730067468747
386.45,0.29658376576576473,0.2981712611726963,0.11832796108156597,0.0015874954069315939,5600.602549488237,0.22565408500908962,0.10003206480526727,-0.0709296807566751,1778.9180425253676
386.5,0.296016778280544,0.3040345200209233,0.11611380455112319,0.00801774174037928,5392.966242934574,0.23070519111946158,0.10188976816343219,-0.06531158716108243,1845.6044189151928
386.55,0.292210669683258,0.3097737365660514,0.11336537049916526,0.01756306688279341,5140.682891365203,0.23583065888159133,0.10300343320453982,-0.05638001080166666,1886.170178119484
386.6,0.288404561085976,0.31536207760130697,0.11007818833920469,0.02695751651533096,4846.883019216568,0.2409928435091696,0.10335577852981769,-0.0474117175768064,1899.096347645284
386.65,0.2845984524886856,0.320772531844697,0.10624960380654194,0.03617407935601141,4515.591323618853,0.2461533016507457,0.10293214921159073,-0.038445150837939895,1883.5604162341651
386.7,0.28079234389140584,0.32597800014479866,0.10187874830669888,0.045185656253392825,4151.71174261588,0.2512729232712408,0.10172053172746326,-0.02951942062016505,1839.4785022076196
386.75,0.273917202702704,0.33095138329273277,0.09696647574572134,0.057034180590028793,3760.998967418226,0.2563120632354619,0.09971152886445592,-0.01760513946724207,1767.5358201755068
386.8,0.266176436936936,0.33566566612123344,0.09151527931339136,0.06948922918429745,3350.0185391232144,0.26123067087988094,0.09689830645059472,-0.0049457660570550455,1669.2056520877097
386.85,0.258435671171176,0.34009399724396044,0.08552920295675068,0.08165832607278445,2926.0978233668197,0.2659884165231542,0.09327652694376183,0.007552745351978196,1546.757418433836
386.9,0.2506949054053978,0.3442097645548087,0.07901376250410606,0.09351485914941088,2497.269866022111,0.2705448146690012,0.08884428598384134,0.019849909263603416,1403.2546047961932
386.95,0.24169976923077746,0.34798666727730193,0.07197588810642289,0.10628689804652447,2072.211387483323,0.27485934439948206,0.08360206534392431,0.0331595751687046,1242.5431697368515
387.0,0.23026967873303,0.3513987858456166,0.06442389610702073,0.12112910711258662,1660.1753558432804,0.2788915680455933,0.07755271246593046,0.04862188931256328,1069.2307930352508
387.05,0.21883958823529,0.3544206511730689,0.056367492213740544,0.1355810629377789,1270.9176713864404,0.28260124960075333,0.07070145049192202,0.06376166136546332,888.65690696208
387.1,0.207409497737563,0.3570273147784139,0.0478178016820074,0.14961781704085086,914.6168630799159,0.2859484743498733,0.06305591611279582,0.0785389766123103,706.853076768701
387.15,0.1959794072398067,0.3591944208990764,0.03878741621886084,0.1632150136592697,601.7854627740595,0.2888937709099999,0.05462621587235557,0.0929143636701932,530.4930596503452
387.2,0.18171650450452193,0.3608982810824737,0.02929044425446745,0.17918177657795176,343.1720498496261,0.29139823626521455,0.04542498762045536,0.10968173176069262,366.83191116773736
387.25,0.167207270270267,0.36211595108601247,0.01934255037962128,0.19490868081574547,149.6537020752749,0.29342366369911066,0.035467452129281596,0.12621639342884367,223.6338063187345
387.3,0.152698036036028,0.36282530918414096,0.008960970470800703,0.21012727314811297,32.11959671142487,0.2949326727377491,0.024771439882655576,0.1422346367017211,109.08875268622566
387.35,0.138188801801806,0.36300513441812027,-0.001835507087605017,0.22481633261631426,1.3476345074593008,0.2958888395655377,0.013357381503971134,0.15770003776373168,31.71904722535647
387.4,0.1224460561085775,0.3626351829463767,-0.01302659872396522,0.2401891268377992,67.87690972608492,0.29625682589732916,0.0012482551314629744,0.17381076978875165,0.2770028219064262
387.45,0.10536700633485734,0.3616962606022288,-0.024590619130686178,0.25632925426737146,241.8794196921876,0.2960025041418185,-0.011530508619317604,0.19063549780696115,23.6360229369169
387.5,0.0882879565610786,0.3601702900295404,-0.036504603095394945,0.2718823334684618,533.0344188609273,0.29509307688048997,-0.024951157523397646,0.20680512031941137,110.67737986798275
387.55,0.0712089067873193,0.35804037126658644,-0.048744443312741456,0.28683146447926716,950.4083015476261,0.2934971891472073,-0.03898377240787765,0.222288282359888,270.1750242043027
387.6,0.0540319729729784,0.35529083533910794,-0.06128503005790175,0.30125886236612953,1502.3419636791684,0.2911850326884337,-0.053596430961187616,0.2371530597154553,510.68042876041784
387.65,0.0353215225225055,0.35190729112892855,-0.07410037782067525,0.31658576860642307,2196.3463972667278,0.28812844213601996,-0.06875536447539557,0.2528069196135145,840.4089145145756
387.7,0.01661107207209644,0.34787666650875854,-0.08716372677226256,0.3312655944366621,3039.006105931856,0.2843009838309811,-0.084425093464707,0.2676899117588847,1267.1282500488023
387.75,-0.0020993783783763,0.3431872451829445,-0.10044761207794578,0.34528662356132084,4035.889108864592,0.2796780385898645,-0.10056853300142903,0.2817774169682408,1798.0497475661368
387.8,-0.020809828828828,0.337828700914231,-0.1139238997088694,0.358638529743059,5191.461969950614,0.27423688005337915,-0.11714706434355052,0.29504670888220713,2439.7217216554604
387.85,-0.0400799638008848,0.33179213069824554,-0.12756379382650565,0.37187209449913033,6509.008598164497,0.26795675023206916,-0.1341205763220879,0.30803671403295396,3197.925154305601
387.9,-0.0596931312217257,0.32507008808931,-0.14133782536733983,0.3847632193110357,7990.5523518274595,0.2608189335688011,-0.1514474852289382,0.3205120647905268,4077.571694607903
387.95,-0.07930629864249972,0.31765661728793876,-0.1552158353562144,0.3969629159304385,9636.78221813098,0.2528068302674737,-0.16908474671874926,0.3321131289099734,5082.60472407886
388.0,-0.0989194660633406,0.30954728788886227,-0.16916696752138144,0.4084667539522029,11446.98516015205,0.24390602890455496,-0.18698787514945348,0.34282549496789555,6215.904969405796
388.05,-0.11849779279279,0.3007392294780248,-0.1831596837420859,0.4192370222708148,13418.987899400372,0.23410437756835717,-0.2051109854574089,0.35260217036114716,7479.202907610562
388.1,-0.137936756756738,0.29123116468276883,-0.19716181135334127,0.4291679214395068,15549.111942452213,0.22339205209613386,-0.22340686859285108,0.3613288088528719,8873.000699460164
388.15,-0.15737572072073,0.281023438973356,-0.21114062610936477,0.43839915969408605,17832.145597541825,0.21176161957007048,-0.24182710637356372,0.3691373402908005,10396.506555913049
388.2,-0.1768146846846559,0.2701180454511351,-0.22506296874443368,0.446932730135791,20261.335960023174,0.1992080950733105,-0.260322225465946,0.3760227797579664,12047.584190496504
388.25,-0.196253648648648,0.25851864311945094,-0.23889538768014382,0.45477229176809897,22828.402501938483,0.18572898989375636,-0.27884188419648115,0.38198263854240433,13822.719356843343
388.3,-0.215017859728511,0.24623056760801965,-0.25260429562727477,0.46124842733653065,25523.572067740653,0.17132434979979771,-0.29733508029118416,0.3863422095283087,15717.004439424878
388.35,-0.233568990950213,0.23326083403423212,-0.26615612524555987,0.46682982498444514,28335.63320229206,0.15599678273020315,-0.31575036414321667,0.3895657736804161,17724.1408811687
388.4,-0.2521201221719571,0.2196181323940055,-0.279517470131165,0.47173825456596263,31252.00644341069,0.13975147599842422,-0.3340360425176908,0.3918715981703813,19836.45825793432
388.45,-0.27067125339363823,0.20531281652058295,-0.2926551995462314,0.47598406991422115,34258.826328577816,0.12259620384101001,-0.35214035916587977,0.39326745723464823,22044.948009506632
388.5,-0.288626770270269,0.19035688811018903,-0.30553654055184093,0.47898365838045803,37341.03104495469,0.10454132670547485,-0.37001164380755097,0.39316809697574384,24339.309609451728
388.55,-0.305426094594599,0.1747639774905484,-0.3181291262171777,0.4801900720851474,40482.456379081996,0.08559978395877849,-0.3875984260642874,0.3910258785533775,26708.0070911134
388.6,-0.32222541891891,0.15854932274314312,-0.3304010148045069,0.48077474166205314,43665.93223353919,0.06578708172763843,-0.4048495175776377,0.3880125006465484,29138.334556950394
388.65,-0.3390247432432581,0.1417297483785025,-0.3423206902938611,0.4807544916217606,46873.38200130622,0.045121277236425145,-0.42171407173230563,0.38414602047968327,31616.49036391826
388.7,-0.3558240675675474,0.12432364418366419,-0.35385705739805634,0.4801477117512116,50085.92682816454,0.02362296045479896,-0.43814163402339756,0.37944702802234637,34127.660704834285
388.75,-0.370440583710412,0.10635094415641809,-0.3649794452288918,0.4767915278668301,53283.998175835855,0.0013152331472852108,-0.4540821979423448,0.3717558168576972,36656.11422011569
388.8,-0.384814565610867,0.08783310478235155,-0.37565763163651195,0.4726476703932186,56447.46248270132,-0.021776315294443984,-0.4694862797625176,0.36303825031642306,39185.309668488706
388.85,-0.399188547511306,0.06879308138208928,-0.3858618972422414,0.4679816288933953,59555.76149735282,-0.04562363646281663,-0.4843050229708047,0.35356491104848936,41698.0187155114
388.9,-0.4135625294117767,0.04925530092943681,-0.39556311241868786,0.4628178303412135,62588.07036254379,-0.0701962576307138,-0.49849033735744497,0.3433662717810629,44176.46514466476
388.95,-0.42646845945944245,0.029245629746998698,-0.404732854429768,0.45571408920644113,65523.47338194711,-0.09546132424921355,-0.5119950713849515,0.3310071352102289,46602.48055510784
389.0,-0.437784,0.008791334751135776,-0.41334354637431503,0.44657533475113576,68341.1549317182,-0.12138365175331593,-0.5247732102539259,0.31640034824668406,48957.67505781531
389.05,-0.449099540540541,-0.012078962536839877,-0.42136860549359734,0.43702057800370114,71020.60067824755,-0.1479257876552788,-0.5367800871550628,0.3011737528852622,51223.619905101645
389.1,-0.46041508108107,-0.03333533934162976,-0.42878258696061483,0.42707974173944024,73541.8027522549,-0.17504808422504223,-0.5479725928860404,0.28536699685602773,53382.03778742225
389.15,-0.471595067873305,-0.05494663176325526,-0.4355613090606653,0.41664843611004976,75885.46158025616,-0.20270878127803224,-0.5583093680294634,0.2688862865952728,55414.99563190379
389.2,-0.47952176470586794,-0.07688050045878894,-0.4416819487101153,0.402641264247079,78033.17752654596,-0.230864097848079,-0.5677509643834563,0.24865766685778895,57305.09467703905
389.25,-0.487448461538457,-0.09910350021697925,-0.44712310104598013,0.3883449613214778,79967.6269955895,-0.2594683309703235,-0.5762599669229895,0.2279801305681335,59035.65324054844
389.3,-0.495375158371038,-0.12158115159393487,-0.451864802826007,0.37379400677710317,81672.72001319447,-0.2884739595066329,-0.5838010737453776,0.2069011988644051,60590.87888111215
389.35,-0.50330185520361,-0.14427801291668013,-0.4558885249299689,0.3590238422869299,83133.73886512914,-0.3178317509821536,-0.5903411375248873,0.18547010422145643,61956.028205187176
389.4,-0.5089414253393678,-0.16715775133564434,-0.4591771438311143,0.34178367400372345,84337.45976675993,-0.34749086970577814,-0.5958491773378,0.16145055563358968,63117.5541571792
389.45,-0.5131792081447901,-0.1901832121979142,-0.4617149052032625,0.3229959959468759,85272.26147474308,-0.3773989850098113,-0.60029637391039,0.13578022313497884,64063.242049771165
389.5,-0.517416990950227,-0.2133164866968622,-0.4634873936331814,0.30410050425336477,85928.22562275187,-0.407502379144404,-0.6036560630161242,0.10991461180582296,64782.33642953367
389.55,-0.521654773755658,-0.2365189784192106,-0.4644815203916959,0.28513579533644745,86297.23311415256,-0.43774605508421743,-0.6059037404367383,0.08390871867144062,65265.66092004096
389.6,-0.525132117117117,-0.2597514699065713,-0.46468553719309513,0.2653806472105458,86373.05939057416,-0.4680738450853114,-0.607017088283184,0.057058272031805635,65505.73252760797
389.65,-0.5255677027027035,-0.2829741906295365,-0.464089078925657,0.24259351207316698,86151.46927122587,-0.49842852120771264,-0.6069760275922441,0.02713918149499084,65496.87076829524
389.7,-0.5260032882882875,-0.30614688777175153,-0.46268323232850367,0.21985640051653593,85630.30939118084,-0.5287519091093886,-0.6057627958224949,-0.0027486208211011665,65235.30040936634
389.75,-0.526438873873874,-0.32922890093754115,-0.4604606226570704,0.19720997293633286,84809.59400709478,-0.5589850062024403,-0.6033620423630868,-0.03254613232856629,64719.245184809835
389.8,-0.526874459459459,-0.3521792413989165,-0.457415506287808,0.1746952180605425,83691.5781570127,-0.5890681047999027,-0.5997609303282986,-0.06219364534044369,63949.008630802884
389.85,-0.524317972972976,-0.3749566758307868,-0.45354385549292675,0.1493612971421892,82280.81154215553,-0.6189409202104169,-0.5949492303877121,-0.09462294723744091,62927.0376424766
389.9,-0.520816621621619,-0.3975198138193289,-0.44884342263324595,0.12329680780229013,80584.16721645066,-0.6485427230324018,-0.5889193927219405,-0.12772610141078278,61657.96464426297
389.95,-0.517315270270275,-0.4198271978565313,-0.4433137743513408,0.09748807241374374,78610.8410118526,-0.6778124742572981,-0.5816665860890674,-0.16049720398702305,60148.625310668525
390.0,-0.513813918918919,-0.44183739418036305,-0.43695629063861496,0.07197652473855598,76372.3199714631,-0.7066889613541238,-0.5731886971774354,-0.1928750424352048,58408.050235016126
390.05,-0.508987533936649,-0.4635090826775496,-0.42977412890103406,0.045478451259099384,73882.32074905705,-0.735110933284452,-0.5634862888963069,-0.226123399347803,56447.43071540129
390.1,-0.501345452488692,-0.4848011442395725,-0.4217721595251183,0.01654430824911951,71156.70182019274,-0.7630172325097162,-0.5525625231957575,-0.2616717800210242,54280.06080719325
390.15,-0.4937033710407172,-0.505672744404629,-0.4129568837663461,-0.01196937336391174,68213.3551400046,-0.7903469224686812,-0.5404230591270354,-0.296643551427964,51921.25917088412
390.2,-0.4860612895927697,-0.5260834127272024,-0.4033363472524119,-0.04002212313443271,65072.08360596728,-0.8170394096284254,-0.5270759402130643,-0.3309781200356557,49388.2749780419
390.25,-0.478419208144796,-0.5459931179927615,-0.392920062233697,-0.06757390984796552,61754.470122292936,-0.8430345599482517,-0.5125314858687071,-0.3646153518034557,46700.18204565062
390.3,-0.467147499999995,-0.5653623400069006,-0.38171895004726697,-0.09821484000690556,58283.74273007516,-0.8682728103047088,-0.4968022005676283,-0.4011253103047138,43877.76470912675
390.35,-0.455472500000005,-0.58415213918505,-0.3697453113617174,-0.12867963918504505,54684.63810958934,-0.892695276044145,-0.4799027108938182,-0.43722277604414,40943.3976752419
390.4,-0.4437974999999877,-0.6023242254054871,-0.3570128264853843,-0.15852672540549945,50983.263310033246,-0.9162438561950228,-0.4618497352968272,-0.4724463561950351,37920.92053222211
390.45,-0.43212250000000824,-0.6198410275685461,-0.3435365820742865,-0.18771852756853785,47206.95328931319,-0.9388613379711378,-0.44266208504464466,-0.5067388379711295,34835.50605085728
390.5,-0.418647411764698,-0.6366657649681721,-0.3293331151998463,-0.21801835320347407,43384.120306894096,-0.960491501951646,-0.42236068879635635,-0.541844090186948,31713.520256094682
390.55,-0.403059176470577,-0.6527625210621233,-0.31442046319577804,-0.2497033445915463,39544.091070499046,-0.9810792288560548,-0.40096862982266646,-0.5780200523854778,28582.371929220713
390.6,-0.387470941176474,-0.6680963196088104,-0.29881820632867895,-0.2806253784323364,35716.92817339558,-1.0005706082224604,-0.37851118265528305,-0.6130996670459863,25470.34940357352
390.65,-0.3718827058823351,-0.6826332025033105,-0.28254749142759916,-0.3107504966209754,31933.23396481169,-1.0189130486288853,-0.3550158362758742,-0.6470303427465502,22406.443378961478
390.7,-0.35615709502263504,-0.6963403081123033,-0.26563102676546724,-0.34018321308966826,28223.936952190546,-1.036055388499437,-0.330512292591889,-0.679898293476802,19420.155654106038
390.75,-0.337134470588228,-0.7091859485352705,-0.24809304451887068,-0.3720514779470425,24620.06349545694,-1.051948006080272,-0.30503243476096664,-0.714813535492044,16541.295334436156
390.8,-0.318111846153835,-0.7211396842197165,-0.22995923290475345,-0.40302783806588155,21152.499519257057,-1.0665429270858715,-0.2786102658880891,-0.7484310809320365,13799.765379241195
390.85,-0.299089221719463,-0.7321723945460056,-0.2112566445276419,-0.4330831728265426,17851.74794283138,-1.0797939286355411,-0.2512818235067069,-0.7807047069160782,11225.343079974364
390.9,-0.2800665972850464,-0.7422563434602598,-0.1920135917818914,-0.4621897461752134,14747.687771593131,-1.091656638523341,-0.22308508025457563,-0.8115900412382946,8847.458316833858
390.95,-0.25937590090092333,-0.7513652398093273,-0.1722595417084194,-0.491989338908404,11869.339883837873,-1.1020886294372338,-0.19405984345629845,-0.8427127285363105,6694.972949739211
391.0,-0.237662837837836,-0.7594742926813983,-0.15202502341330976,-0.5218114548435623,9244.643097526952,-1.1110495084262544,-0.16424766772631166,-0.8733866705884183,4795.963796183623
391.05,-0.215949774774772,-0.7665602626577311,-0.1313415583467794,-0.5506104878829592,6900.241979584183,-1.1185010025803481,-0.13369179239784768,-0.9025512278055761,3177.5102852531913
391.1,-0.194236711711732,-0.772601510279548,-0.11024161919615574,-0.578364798567816,4861.285841196086,-1.1244070423673462,-0.10243711121617805,-0.9301703306556142,1865.4865341005566
391.15,-0.1721463628959209,-0.7775780431804424,-0.08875861680999544,-0.6054316802845215,3151.2368232094427,-1.1287338442991384,-0.07053017521815533,-0.9565874814032175,884.3565540095452
391.2,-0.14833726787334506,-0.7814715631664411,-0.06692691040470491,-0.6331342952930961,1791.6845345277595,-1.1314499944937726,-0.03801922501414546,-0.9831127266204276,256.9709281202176
391.25,-0.124528172850689,-0.78426551420984,-0.04478183161317,-0.6597373413591511,802.1649770521248,-1.1325265344146527,-0.004954243251299693,-1.0079983615639636,4.363471323208632
391.3,-0.100719077828059,-0.785945131714976,-0.02235970938802827,-0.685226053886917,199.98264156683186,-1.1319370494477763,0.028612986453550794,-1.0312179716197174,145.5471988961922
391.35,-0.0769099828054571,-0.7864974927713079,0.0003021178892281019,-0.7095875099658507,0.03651008759665746,-1.1296577602759408,0.06262882939088824,-1.0527477774704836,697.3102703774198
391.4,-0.0523519423423352,-0.7859115664290927,0.02316531495237041,-0.7335596240867575,214.65272673700645,-1.1256676162266448,0.09703777272030961,-1.0733156738843097,1674.0141039143937
391.45,-0.027557392792834177,-0.7841782625766471,0.046190593953501835,-0.7566208697838129,853.4283879109121,-1.1199483891804105,0.13178243149677454,-1.0923909963875764,3087.397200213702
391.5,-0.0027628432432484,-0.7812904777391765,0.06933779320906858,-0.7785276344959281,1923.0918268414225,-1.11248476621914,0.166803593437127,-1.1097219229758915,4946.389117073486
391.55,0.0220317063063089,-0.7772431361307958,0.09256598740110132,-0.7992748424371047,3427.3848094163395,-1.1032644390610125,0.20204030217823601,-1.1252961453673214,7256.939325204075
391.6,0.0468859909502075,-0.772033224566838,0.11583362128111262,-0.8189192155170455,5366.9711276384905,-1.092278188480137,0.23742997324025938,-1.1391641794303444,10021.865278732495
391.65,0.0718672126696982,-0.7656598203566037,0.13909865435386928,-0.8375270330263019,7739.374257222879,-1.079519962333282,0.27290853153451416,-1.1513871750029803,13240.72294832443
391.7,0.0968484343891036,-0.7581241119730028,0.16231870318555092,-0.8549725463621064,10538.94456153559,-1.0649869464468409,0.3084105575194944,-1.1618353808359445,16909.701687019624
391.75,0.121829656108594,-0.7494294129275227,0.1854511687731088,-0.8712590690361167,13756.854399724833,-1.0486796282467934,0.3438694291014942,-1.1705092843553875,21021.543870326677
391.8,0.146810877828057,-0.7395811698552304,0.2084533400228551,-0.8863920476832874,17381.117986673617,-1.0306018536242898,0.3792174493707686,-1.1774127314523468,25565.488694626038
391.85,0.171005486486469,-0.7285869661137333,0.23128246917766537,-0.8995924526002023,21396.632219567095,-1.0107608778846668,0.4143859547865548,-1.1817663643711358,30527.239026553718
391.9,0.1951126936937114,-0.7164565223063054,0.253895820400374,-0.9115692160000168,25785.23504671159,-0.9891674117957123,0.44930540383116646,-1.1842801054894236,35888.95038433557
391.95,0.21921990090087048,-0.7032016948937297,0.2762506992199175,-0.9224215957946003,30525.77952779734,-0.9658356635559637,0.48390545305481747,-1.1850555644568341,41629.24222154456
392.0,0.243327108108113,-0.6888364735763632,0.29830447451854725,-0.9321635816844762,35594.22380711464,-0.9407833770447767,0.5181150320427502,-1.1841104851528896,47723.23314287291
392.05,0.266681678733043,-0.6733769774604649,0.3200146076939372,-0.9400586561935078,40963.73965500181,-0.9140318660370026,0.5518624325509043,-1.1807135447700456,54142.60345973358
392.1,0.289152719457004,-0.6568414492914999,0.3413387027458607,-0.9459941687485038,46604.84399689082,-0.8856060432845354,0.5850754268938798,-1.1747587627415395,60855.689805343245
392.15,0.3116237601810155,-0.6392502464222425,0.36223458845001677,-0.9508740066032579,52485.55882782121,-0.8555344426717254,0.6176814285855068,-1.167158202852741,67827.61728345467
392.2,0.3340948009049513,-0.6206258267151917,0.38266043926355786,-0.954720627620143,58571.60471095162,-0.8238492320847031,0.6496077039267617,-1.1579440329896544,75020.47448906655
392.25,0.356460594594598,-0.6009927274103971,0.40257493544044887,-0.9574533220049951,64826.63145795263,-0.7905862143666978,0.6807816368845431,-1.1470468089612957,82393.5354878574
392.3,0.376300459459464,-0.5803775351279754,0.4219374556472953,-0.9566779945874394,71212.48659124531,-0.755784813788946,0.7111310418498634,-1.1320852732484101,89903.5304324395
392.35,0.396140324324308,-0.5588088456800075,0.44070828980444815,-0.9549491700043156,77689.51868094457,-0.7194880459293677,0.7405845123703293,-1.1156283702536758,97504.96354894195
392.4,0.4159801891891965,-0.5363172130482551,0.45884885674307446,-0.9522974022374515,84216.90933377059,-0.6817424695414799,0.7690717897179704,-1.0977226587306763,105150.47426488927
392.45,0.4358200540540152,-0.5129350877225771,0.4763219093396332,-0.9487551417765923,90753.0245267815,-0.6425981199001176,0.796524132060376,-1.0784181739541328,112791.2343030285
392.5,0.453673104072392,-0.488696745424983,0.49309171175106015,-0.9423698494973749,97255.77447903623,-0.6021084240621983,0.8228746659231895,-1.0557815281345904,120377.37170101346
392.55,0.47020161085973,-0.46363820791508303,0.5091241775087151,-0.933839818774813,103682.97124957024,-0.5603300993187548,0.8480587050064525,-1.0305317101784848,127858.411935506
392.6,0.486730117647049,-0.43779715798923724,0.5243869635352009,-0.9245272756362862,109992.67501026724,-0.5173230367270539,0.8720140273419845,-1.004053154374103,135183.72691221107
392.65,0.5032586244344049,-0.4112128508465771,0.5388495224070127,-0.914471475280982,116143.52311930626,-0.4731501718766363,0.8946811090976141,-0.9764087963110413,142302.9843513132
392.7,0.5190319999999812,-0.383926023710425,0.552483121919049,-0.9029580237104062,122095.04000216752,-0.4278773449492751,0.9160033205293938,-0.9469093449492563,149166.5925726001
392.75,0.531365333333337,-0.355978804994148,0.5652608464604434,-0.887344138327485,127807.92981647077,-0.3815731516926094,0.9359270958181674,-0.9129384850259464,155726.13843317848
392.8,0.543698666666671,-0.3274146234910248,0.5771575976629407,-0.8711132901576958,133244.35701602278,-0.3343087862328682,0.9544020924350489,-0.8780074528995392,161934.81849678216
392.85,0.556031999999991,-0.29827811717641267,0.5881501120435033,-0.8543101171764036,138368.2217187142,-0.286157875827147,0.9713813569087604,-0.842189875827138,167747.86498664969
392.9,0.568365333333336,-0.2686150403929494,0.5982170098645024,-0.8369803737262855,143145.43635649048,-0.23719630685926457,0.9868215111817035,-0.8055616401926007,173122.96798772283
392.95,0.5772586153846005,-0.23847216762247928,0.6073388836996381,-0.8157307830070798,147544.207861409,-0.1875020408039872,1.0006829685102683,-0.7647606561885878,178020.69394960403
393.0,0.584943230769229,-0.207897191794278,0.6154984278372401,-0.7928404225635071,151535.32586804568,-0.1371549186017933,1.0129301806496063,-0.7220981493710223,182404.8979325945
393.05,0.592627846153846,-0.17693861522356652,0.6226806020947115,-0.7695664613774125,155092.452890013,-0.08623645200510455,1.0235319102557467,-0.6788642981589506,186243.1237887605
393.1,0.600312461538454,-0.14564563177177642,0.6288728161198832,-0.7459580933102303,158192.40754182098,-0.034829600949273835,1.0324615143795073,-0.6351420624877278,189506.98287552455
393.15,0.606377639639641,-0.11406799968904732,0.6340651142841691,-0.7204456393286883,160815.42766087857,0.0169814630999049,1.039697218154855,-0.5893961765397361,192172.49874470118
393.2,0.60900151351351,-0.0822559056398145,0.6382503400867433,-0.6912574191533245,162945.3986483374,0.06911160675864217,1.0452223557598348,-0.5398899067548678,194220.40408535796
393.25,0.611625387387387,-0.05025982144516465,0.6414242598690151,-0.6618852088325516,164570.0324594055,0.1214749950909883,1.0490255559153734,-0.49015039229639873,195636.37634907704
393.3,0.614249261261262,-0.018130356010025626,0.6435856296409544,-0.6323796172712877,165680.9850721375,0.1739853594482032,1.0511008527573245,-0.4402639018130588,196411.2004741644
393.35,0.616873135135134,0.014081894448398219,0.6447361950303974,-0.6027912406867357,166273.90447290984,0.22655626870252882,1.0514477090897754,-0.39031686643260516,196540.8506578021
393.4,0.6150162714932113,0.04632649445134791,0.6448806233744941,-0.5686897770418633,166348.40736155046,0.279101399350564,1.050070948418055,-0.33591487214264726,196026.4883042833
393.45,0.6125483981900489,0.07855331236432578,0.6440263754259058,-0.5339950858257232,165907.9888976919,0.3315348000453301,1.0469806014511187,-0.2810135981447188,194874.3786337682
393.5,0.610080524886878,0.1107126558698604,0.6421835316268041,-0.49936786901701763,164959.8753170698,0.38377114658997596,1.0421916813692131,-0.22630937829690206,193095.7334604778
393.55,0.60761265158371,0.14275539803777812,0.6393645929964504,-0.4648572535459319,163514.83311100668,0.43572598434500764,1.0357239085837904,-0.17188666723870238,190706.49152214822
393.6,0.602959504504509,0.17463309324351428,0.6355842778208539,-0.4283264112609947,161586.94968522256,0.48731595608780975,1.0276014081537743,-0.11564354841669922,187727.04960704353
393.65,0.5957410360360298,0.2062980832673647,0.6308593355366386,-0.3894429527686651,159193.40049349167,0.5384590145738313,1.0178524043685588,-0.05728202146219852,184181.9585917967
393.7,0.5885225675675753,0.23770359488168055,0.6252083944798034,-0.3508189726858947,156354.2146112054,0.5890746202013823,1.0065089331242307,0.0005520526338070875,180099.59688157815
393.75,0.581304099099097,0.2688038308932211,0.6186518534991865,-0.3125002682058759,153092.04633519155,0.6390839250517997,0.9936065864475065,0.0577798259527027,175511.83086788733
393.8,0.57399994570135,0.2995540569099815,0.6112118185373812,-0.27444588879136855,149431.95484790904,0.6884099450974044,0.979184294581255,0.11440999939605434,170453.66804526045
393.85,0.562497230769234,0.3299106859417336,0.6029120782608247,-0.23258654482750035,145401.18964511473,0.736977722414423,0.9632841435389417,0.17448049164518908,164962.90510107597
393.9,0.5509945158370919,0.35983136252421866,0.5937781065702408,-0.19116315331287326,141028.9759368561,0.7847144789926517,0.9459512190524851,0.23371996315555976,159079.77045811247
393.95,0.539491800904989,0.38927504728313017,0.5838370749352558,-0.15021675362185888,136346.2920275822,0.8315497630914869,0.9272334620140649,0.2920579621864978,152846.5587695268
394.0,0.527989085972846,0.4182021019734431,0.5731178556788312,-0.1097869839994029,131385.63059916065,0.8774155882960654,0.9071815177807743,0.34942650232321937,146307.25443609408
394.05,0.514430972972966,0.4465743740764737,0.5616509986719593,-0.06785659889649232,126180.7377236837,0.922246564515335,0.8858485622445373,0.407815591542369,139507.14226323803
394.1,0.499502594594603,0.47435527929902904,0.5494686689921632,-0.025147315295573958,120766.32728160774,0.9659800194342543,0.8632900921702771,0.46647742483965127,132492.40590922054
394.15,0.484574216216207,0.5015098798210234,0.5366045386731721,0.016935663604816353,115177.77236985916,1.0085561084261796,0.8395636727080703,0.5239818922099726,125309.71742774468
394.2,0.4696458378378615,0.5280049559668806,0.5230936323403005,0.05835911812901906,109450.7792779878,1.0499179107521266,0.8147286418126186,0.5802720729142651,118005.82396263721
394.25,0.454298615384622,0.5538090691003144,0.5089721316248519,0.09951045371569234,103621.05230829821,1.0900115100042158,0.7888457768085023,0.6357128946195938,110627.13948241946
394.3,0.436752461538464,0.5788926139367538,0.49427715013219115,0.14214015239828987,97723.96045712025,1.1287860571758028,0.7619769357740377,0.6920335956373389,103219.35122694969
394.35,0.419206307692327,0.6032278591770146,0.4790464932830493,0.18402155148468763,91794.21709071465,1.1661938155111613,0.734184689596427,0.7469875078188344,95827.05038894256
394.4,0.401660153846149,0.6267889760420955,0.4633184171041864,0.2251288221959465,85865.58225117155,1.202190187052631,0.7055319607580404,0.800530033206482,88493.39513797067
394.45,0.3841140000000307,0.6495520549922061,0.44713139819079595,0.26543805499217543,79970.59489922244,1.2367337216129946,0.6760816833123316,0.8526197216129638,81259.81200185527
394.5,0.365483500000007,0.6714951113945475,0.43052392294704006,0.30601161139454053,74140.33929188355,1.2697861094930678,0.6458964942974162,0.9043026094930608,74165.73890590084
394.55,0.346472013513515,0.6925980812404325,0.4135343005473206,0.34612606772691756,68404.24709166467,1.3013121596994472,0.6150384627994375,0.9548401461859323,67248.41079514578
394.6,0.327460527027044,0.7128428080929562,0.3962004987298428,0.3853822810659122,62789.934077510465,1.3312797655712016,0.5835688568968691,1.0038192385441578,60542.68635376329
394.65,0.3084490405405293,0.7322130223019067,0.3785599976883287,0.42376398176137736,57323.068739914976,1.3596598596155602,0.5515479440455383,1.0512108190750309,54080.91281437515
394.7,0.2893372895927875,0.7506943132068054,0.3606496542419885,0.46135702361401787,52027.26924194635,1.386426359029595,0.5190348165017057,1.0970890694368076,47892.82502061498
394.75,0.269991588235295,0.7682740946559086,0.3425055697148546,0.49828250642061356,46924.026114278844,1.4115561029421777,0.4860872338446957,1.1415645147068827,42005.475361206736
394.8,0.250645886877825,0.7849415639076343,0.3241629563493257,0.5342956770298093,42032.64890765393,1.4350287820666903,0.45276147553965274,1.1843828951888653,36443.19177472775
394.85,0.231300185520377,0.8006876537566588,0.3056560003156259,0.5693874682362818,37370.23621157836,1.4568268611287098,0.41911219945852035,1.2255266756083327,31227.561908437077
394.9,0.2119544841628859,0.8155049777796642,0.2870177239732192,0.6035504936167784,32951.669549906816,1.4769354943801563,0.38519230699724044,1.2649810102172703,26377.44237686335
394.95,0.19346656756759312,0.8293877688005329,0.26827985411007754,0.6359212012329398,28789.632048529795,1.495342434624233,0.3510528198981876,1.30187586705664,21908.992419283437
395.0,0.175095621621621,0.8423318111323623,0.24947270638158253,0.6672361895107413,24894.652491740515,1.512037936568053,0.31674277804477785,1.336942314946432,17835.73110107083
395.05,0.156724675675669,0.8543343676834546,0.23062509757356037,0.6976096920077857,21275.174252325694,1.5270146558201654,0.2823091696328978,1.3702899801444963,14168.616401567337
395.1,0.138353729729738,0.8653941036195273,0.21176429711665096,0.7270403738897893,17937.64701332369,1.5402675454627182,0.247796905645497,1.4019138157329802,10916.143368441484
395.15,0.1208611990950074,0.8755110087443848,0.1929160250490764,0.7546498096493774,14886.63708829435,1.551793752636836,0.21324884683580647,1.4309325535418285,8084.457009209111
395.2,0.10448665158372854,0.8846863210163969,0.17410449974841824,0.7801996694326684,12124.950733058788,1.561592517891715,0.1787058877532226,1.4571058663079863,5677.474545363093
395.25,0.0881121040723942,0.8929224536511013,0.15535253228462953,0.8048103495787071,9653.763714898745,1.5696650801401402,0.14420709575835342,1.481552976067746,3697.0109274771403
395.3,0.0717375565610786,0.9002229279168513,0.13668165802613144,0.8284853713557727,7472.7502563089365,1.5760145897631372,0.10978989624722751,1.5042770332020587,2142.9015676403524
395.35,0.0554230334684748,0.9065923131550512,0.11811229101940891,0.8511692796865764,5580.205315941417,1.5806460318424922,0.07549028943591071,1.5252229983740173,1013.117119843124
395.4,0.0420497068918822,0.9120361746821481,0.09966388140923516,0.869986467790266,3973.155703021636,1.5835661605934825,0.0413430778379554,1.5415164537016004,303.8666817982647
395.45,0.028676380315335107,0.9165610292285123,0.08135505669348818,0.8878846489131772,2647.4580998402703,1.5847834449862286,0.007382083105254768,1.5561070646708934,9.688026839624511
395.5,0.0153030537387426,0.9201743066832618,0.06320373006772144,0.9048712529445192,1597.8845977893582,1.584308024530999,-0.02635966742994148,1.5690049707922564,123.52570080304315
395.55,0.0019297271621652,0.9228843161092318,0.04522716054359982,0.9209545889470666,818.1984203346209,1.5821516732371372,-0.059849803300752666,1.580221946074972,636.799814246895
395.6,-0.0095393657918444,0.9247002133683465,0.02744195706677273,0.934239579160191,301.2244030618391,1.5783277689501336,-0.09305653401650103,1.587867134741978,1539.469959673638
395.65,-0.0196295309502316,0.9256319675613547,0.009864027452732571,0.9452614985115863,38.91961503530472,1.572851264954572,-0.12594863536487344,1.5924807959048037,2820.099333382018
395.7,-0.02971969610858436,0.9256903236545718,-0.007491521448880295,0.9554100197631562,22.449157447613405,1.5657386607409383,-0.1584954953381098,1.5954583568495226,4465.923918661829
395.75,-0.0398098612669717,0.9248867591459674,-0.024610519902096558,0.9646966204129391,242.27107594059632,1.5570079691928023,-0.1906672091908538,1.596817830459774,6462.93060633401
395.8,-0.0493778316742133,0.9232334333754151,-0.04147989004500874,0.9726112650496284,688.232511258406,1.5466786781305482,-0.2224347068576929,1.5960565098047614,8795.946455976493
395.85,-0.0562042796380079,0.920743129027785,-0.058087800688204974,0.9769474086657929,1349.6770355170506,1.5347717050723604,-0.2537698940176915,1.5909759847103684,11448.739397288959
395.9,-0.063030727601818,0.9174291862608888,-0.07442380450920306,0.9804599138627068,2215.56107104963,1.5213093449861825,-0.2846457881502776,1.5843400725880006,14404.12883763426
395.95,-0.06985717556560478,0.9133054307045495,-0.09047894485629077,0.9831626062701543,3274.5757849230818,1.5063152116885186,-0.31503663515221003,1.5761723872541233,17644.103375649192
396.0,-0.0766836235294149,0.9083860970587717,-0.10624582322151531,0.9850697205881866,4515.269980806993,1.4898141741167947,-0.3449179957060996,1.5664977976462096,21149.942002117856
396.05,-0.0814927000000023,0.9026857503977623,-0.12171862421783684,0.9841784503977646,5926.169392593191,1.4718322891748845,-0.37426679639468075,1.5533249891748868,24902.33509040665
396.1,-0.0855929702702682,0.8962192071829141,-0.13689310321683437,0.9818121774531824,7495.888683333948,1.4523967328303147,-0.40306134931010323,1.537989703100583,28881.502454698853
396.15,-0.0896932405405433,0.8890014576912956,-0.1517665431899505,0.9786946982318389,9213.233452730845,1.4315357309007488,-0.4312813458900731,1.521228971441292,33067.3065444894
396.2,-0.09379351081080388,0.8810475911620207,-0.16633769148125957,0.9748411019728246,11067.291042925877,1.409278490588352,-0.45890783551842645,1.5030720013991559,37439.360266703494
396.25,-0.0973397337837832,0.8723727243760954,-0.18060668659655896,0.9697124581598786,13047.510097355067,1.3856551332276237,-0.4859231993862482,1.4829948670114068,41977.12990253644
396.3,-0.0995931797297299,0.8629919339959757,-0.19457498248966743,0.9625851137257057,15143.769524341755,1.360696628293463,-0.5123111278161061,1.4602898080231927,46660.034077193
396.35,-0.101846625675674,0.8529201926358398,-0.20824527509499974,0.9547668183115139,17346.437839756847,1.3344347283217328,-0.5380566065997835,1.4362813539974069,51467.53989434208
396.4,-0.1041000716216235,0.8421723085616402,-0.22162143024420825,0.9462723801832637,19646.423337395387,1.3069019042882042,-0.5631459120081979,1.4110019759098278,56379.256570941325
396.45,-0.10635351756756369,0.8307628690596561,-0.23470840763101836,0.9371163866272199,22035.21464507531,1.2781312811182264,-0.5875666091037993,1.38448479868579,61375.02580155323
396.5,-0.107989158371041,0.8187061879039877,-0.24751217112370583,0.9266953462750287,24504.909941748254,1.248156573411652,-0.6113075428447299,1.356145731782693,66435.00656690866
396.55,-0.109524226244344,0.8060162578824961,-0.2600395742970697,0.9155404841268401,27048.23208024049,1.2170120220582712,-0.6343588091994592,1.3265362483026153,71539.75089936993
396.6,-0.111059294117646,0.7927067098631106,-0.2722982122687193,0.9037660039807567,29658.526561896208,1.184732333043399,-0.6567116949646877,1.295791627161045,76670.2667206032
396.65,-0.1125943619909519,0.7787907802896081,-0.28429623084600325,0.89138514228056,32329.738749297587,1.1513526202833915,-0.6783585744006578,1.2639469822743434,81808.06319340317
396.7,-0.11431329411764529,0.764281289378,-0.29604209041811647,0.8785945834956452,35056.3677196513,1.1169083548657852,-0.6992927569625589,1.2312216489834305,86935.17510049714
396.75,-0.116266235294118,0.7491906321594183,-0.3075442885062245,0.8654568674535363,37833.39575711994,1.0814353230967824,-0.7195082871318027,1.1977015583909003,92034.16448912722
396.8,-0.118219176470589,0.7335307842980896,-0.3188110483465885,0.8517499607686786,40656.193819140324,1.0449695956756238,-0.7389997013099664,1.1631887721462126,97088.09929532792
396.85,-0.120172117647057,0.7173133239637857,-0.32984999211643695,0.8374854416108427,43520.4069196854,1.0075475097666895,-0.7577617588435382,1.1277196274137464,102080.5125627827
396.9,-0.1221511621621647,0.7005494700627899,-0.3406678145372106,0.8227006322249546,46421.823944623735,0.9692056648141839,-0.7757891624672356,1.0913568269763485,106995.34659584265
396.95,-0.1254092702702662,0.6832501364493649,-0.3512699746439307,0.8086594067196311,49356.2380345391,0.9299809322622643,-0.7930762863919087,1.0553902025325306,111816.8881843877
397.0,-0.128667378378379,0.6654260006411937,-0.3616604258534036,0.7940933790195728,52319.30545138609,0.8899104781982141,-0.8096169335848913,1.018577856576593,116529.70295953819
397.05,-0.131925486486488,0.6470875847701493,-0.3718413993691909,0.7790130712566372,55306.410513935254,0.8490317970566972,-0.8254041393030689,0.9809572835431852,121118.57656509156
397.1,-0.135183594594594,0.6282453458391735,-0.38181324793016697,0.7634289404337675,58312.54251799326,0.8073827537519574,-0.8404300302131132,0.9425663483465514,125568.46856604701
397.15,-0.1394890045248917,0.6089097722635642,-0.3915743519210192,0.7483987767884559,61332.189232946475,0.7650016314001916,-0.8546857432203578,0.9044906359250833,129864.48349584632
397.2,-0.14455280542985918,0.5890914835913917,-0.4011210834712915,0.7336442890212509,64359.24944207312,0.7219271816142624,-0.8681614013391874,0.8664799870441215,133991.86111559495
397.25,-0.149616606334843,0.5688013307809185,-0.4104478198853381,0.7184179371157615,67386.96513945078,0.6781986747700524,-0.8808461388549966,0.8278152811048953,137935.98583746774
397.3,-0.154680407239822,0.548050494830933,-0.4195469914758833,0.7027309020707551,70407.87122258596,0.6338559480348925,-0.8927281610001454,0.7885363552747146,141682.41234536917
397.35,-0.160027765765763,0.5268505824936733,-0.42840915082346503,0.6868783482594363,73413.76020371297,0.5889394498991453,-0.9037948243726974,0.7489672156649083,145216.90392228888
397.4,-0.1668638018018067,0.5052137181503537,-0.4370230534449654,0.6720775199521604,76395.65969694444,0.5434902803544219,-0.914032726839983,0.7103540821562286,148525.480130584
397.45,-0.17369983783782816,0.4831526316579861,-0.4453757379395359,0.6568524694958142,79343.81917807445,0.49755022666431903,-0.9234277933156054,0.6712500645021472,151594.46923870727
397.5,-0.180535873873872,0.4606807422395477,-0.4534526039333271,0.6412166161134196,82247.70560556592,0.45116179502180026,-0.9319653540982433,0.6316976688956722,154410.56377590474
397.55,-0.187371909909909,0.4378122384794279,-0.4612374912070733,0.6251841483893369,85096.00931799802,0.40436823845036873,-0.9396302179138861,0.5917401483602778,156960.87936300394
397.6,-0.195291972850669,0.41456215415137926,-0.46871276887091157,0.6098541270020482,87876.66388105463,0.3572135810171248,-0.9464067479803476,0.5525055538677938,159233.01913293108
397.65,-0.2036336018099565,0.3909464392103287,-0.475859439607526,0.5945800410202852,90576.88250543548,0.3097426380374906,-0.952278946339791,0.5133762398474471,161215.14518080401
397.7,-0.21197523076921554,0.3669820249814666,-0.4826572715964469,0.5789572557506821,93183.21672997052,0.2620010316259979,-0.9572305599631652,0.47397626239521345,162896.06132042574
397.75,-0.220316859728503,0.34268688173054296,-0.48908497169737775,0.563003741459046,95681.64381608991,0.21403520003206317,-0.9612452239295135,0.4343520597605662,164265.31209374234
397.8,-0.228918972972971,0.3180800664969847,-0.49512040197343316,0.5469990394699558,98057.6849801336,0.16589239880051412,-0.9643066458215894,0.39481137177348513,165313.299053455
397.85,-0.238128882882873,0.2931817590528379,-0.5007408369985382,0.5313106419357109,100296.55433519864,0.11762069167448105,-0.9663988308075171,0.35574957455735406,166031.4133664242
397.9,-0.2473387927927964,0.2680132840096054,-0.5059232616248315,0.5153520768024018,102383.33866124308,0.06926892922384237,-0.9675063487793363,0.3166077220166388,166412.18398725736
397.95,-0.2565487027026886,0.24259711722408006,-0.5106446959312122,0.49914581992676865,104303.20219307208,0.020886713236370744,-0.9676146315013932,0.27743541593905935,166449.435572547
398.0,-0.265758612612612,0.2169568756727369,-0.5148825316807076,0.48271548828534894,106041.60857197395,-0.027475654109300335,-0.9667102843091668,0.2382829585033117,166138.4486736196
398.05,-0.275234149321268,0.19111729052045093,-0.5186148620418182,0.4663514398417189,107584.55005226163,-0.07576723670574873,-0.9647813935904249,0.19946691261551927,165476.11331880576
398.1,-0.284752927601802,0.16510416427985458,-0.5218207892765224,0.44985709188165657,108918.77444846914,-0.1239365458091157,-0.9618178132697403,0.16081638179268629,164461.06771964175
398.15,-0.2942717058823578,0.13894431332095947,-0.5244806980871975,0.43321601920331726,110032.00106641362,-0.17193163491014213,-0.957811416179177,0.12234007097221566,163093.8149267841
398.2,-0.30379048416288096,0.11266549809150725,-0.5265764710051206,0.4164559822543882,110913.11192648266,-0.21970020572856186,-0.9527562843772331,0.0840902784343191,161376.80665249977
398.25,-0.31311826126126,0.08629634368892579,-0.5280916696508039,0.3994146049501858,111552.32462182951,-0.2671897224771548,-0.9466488600986337,0.045928538784105244,159314.5003246298
398.3,-0.322202945945948,0.05986625248903265,-0.5290116501817899,0.38206919843498066,111941.33041122416,-0.314347532401069,-0.9394880245160118,0.007855413544879009,156913.3774593775
398.35,-0.331287630630625,0.03340531243534773,-0.5293236563970994,0.3646929430659727,112073.41328863785,-0.36112098862340875,-0.9312751462277117,-0.02983335799278375,154181.93741892368
398.4,-0.3403723153153223,0.006944200354883471,-0.5290168913339319,0.34731651567020577,111943.54852664685,-0.40745757556722856,-0.9220141017196175,-0.06708526025190625,151130.66733685922
398.45,-0.34945699999998864,-0.01948591653378274,-0.5280825436984626,0.3299710834662059,111548.46918361547,-0.45330503345993267,-0.9117112440179528,-0.10384803345994403,147771.98088333567
398.5,-0.357628493212671,-0.045853481084246694,-0.526513837455598,0.3117750121284243,110886.72841288794,-0.4986114817962638,-0.9003753899941704,-0.14098298858359282,144120.14985016081
398.55,-0.365799986425343,-0.07212664960038837,-0.5243060999848203,0.29367333682495467,109958.75459251694,-0.5433255425459399,-0.888017824468942,-0.1775255561205969,140191.22783547602
398.6,-0.373971479638005,-0.09827339873826883,-0.5214568261713065,0.27569808089973613,108766.88862426087,-0.5873964636927731,-0.8746523009845254,-0.21342498405476812,136002.95957644886
398.65,-0.3821429728506843,-0.12426163529893727,-0.5179657385282089,0.257881337551747,107315.40251562916,-0.6307742425494843,-0.8602950408991882,-0.2486312696988,131574.67687035305
398.7,-0.3894828153153059,-0.15005930947823068,-0.5138348636810365,0.2394235058370752,105610.50685364373,-0.6734097495734117,-0.8449647529317815,-0.28392693425810583,126927.18821281183
398.75,-0.39622042792793,-0.17563453187977965,-0.5090685997269653,0.22058589604815035,103660.33569118929,-0.7152548532270828,-0.8286826487999213,-0.3190344252991528,122082.65465280954
398.8,-0.402958040540545,-0.200955693505193,-0.5036737747648271,0.20200234703535203,101474.90855433991,-0.7562625453609749,-0.8114724552667834,-0.3533045048204299,117064.45256119143
398.85,-0.409695653153152,-0.22599158792615467,-0.49765965551378977,0.1837040652269973,99066.05309044156,-0.7963870665810029,-0.7933603811110748,-0.3866914134278509,111897.01232297062
398.9,-0.4161976018099608,-0.25071153199776686,-0.4910378974328156,0.16548606981219394,96447.28668609615,-0.8355840281481479,-0.7743750282217535,-0.4193864263381871,106605.63277038961
398.95,-0.4212519004524843,-0.2750854833947781,-0.4838224579444042,0.14616641705770617,93633.66832454591,-0.8738105287906056,-0.7545472672362722,-0.4525586283381213,101216.28062110691
399.0,-0.426306199095025,-0.29908415265659266,-0.47602947314743294,0.12722204643843232,90641.62372200904,-0.9110252641512393,-0.7339100767443177,-0.4847190650562143,95755.37791055118
399.05,-0.43136049773756,-0.32267910803239946,-0.467677076577819,0.10868138970516056,87488.73918255007,-0.9471886271484744,-0.7124983239027977,-0.5158281294109144,90249.57538920817
399.1,-0.43641479638009,-0.3458428700857436,-0.4587852003423634,0.0905719262943464,84193.54402127302,-0.9822627961462794,-0.6903485257655276,-0.5458479997661894,84725.52658251331
399.15,-0.4401137297297326,-0.3685489968614805,-0.44937537163061364,0.0715647328682521,80775.28985126085,-1.0162118116880348,-0.6674986058537429,-0.5760980819583021,79209.66912296719
399.2,-0.44328557657657236,-0.3907721577581894,-0.43947048088184654,0.05251341881838295,77253.72142660858,-1.0490016399421318,-0.6439876226414065,-0.6057160633655594,73728.01033161432
399.25,-0.446457423423424,-0.4124881964371119,-0.4290945770893335,0.03396922698631211,73648.8624349896,-1.080600223241842,-0.6198555272484032,-0.6341427998184179,68305.93327295929
399.3,-0.449629270270271,-0.43367418438527583,-0.4182726996981234,0.015955085884995168,69980.82052510262,-1.1109775195026579,-0.595142962297961,-0.6613482492323869,62968.02587960752
399.35,-0.452226574660632,-0.454308467300342,-0.40703076411496,-0.002081892639710037,66269.61717440328,-1.14010553297669,-0.5698911215154631,-0.687878958316058,57737.93606793818
399.4,-0.4533464841628963,-0.4743707062485505,-0.3953954437921933,-0.021024222085654187,62535.02278865021,-1.1679583387103905,-0.5441416150228878,-0.7146118545474942,52638.239502171855
399.45,-0.45446639366515673,-0.49384191263839233,-0.3833940711142433,-0.0393755189732356,58796.405506221374,-1.1945121002000538,-0.5179363623825135,-0.7400457065348971,47690.32452942761
399.5,-0.45558630316742,-0.51270447990969,-0.3710545844151137,-0.057118176742270044,55072.60184618909,-1.2197450836244472,-0.491317542037518,-0.7641587804570272,42914.29815356236
399.55,-0.456706212669683,-0.530942212057158,-0.3584054519910393,-0.074235999387475,51381.78720676046,-1.2436376692763567,-0.4643275271796531,-0.7869314566066736,38328.89822164826
399.6,-0.455833711711713,-0.5485403479586343,-0.34547558747662593,-0.09270663624692127,47741.35261692793,-1.2661723595862853,-0.4370088204722604,-0.8103386478745722,33951.41496365446
399.65,-0.4546368648648646,-0.5654855812381424,-0.3322942451152216,-0.11084871637327781,44167.78613467799,-1.2873337837997008,-0.4094039743456934,-0.8326969189348361,29797.620304008746
399.7,-0.4534400180180193,-0.5817660740280605,-0.31889088923442754,-0.12832605601004116,40676.559694689575,-1.3071086978906081,-0.3815554885402325,-0.8536686798725888,25881.70503736454
399.75,-0.452243171171171,-0.597371463539855,-0.3052950238683502,-0.14512829236868402,37282.020639510614,-1.3254859787190156,-0.353505668659384,-0.8732428075478447,22216.223604323233
399.8,-0.449898742081447,-0.6122928591342987,-0.2915360028354066,-0.16239411705285167,33997.296379698484,-1.342456610099821,-0.325296463537583,-0.892557868018374,18812.05141156588
399.85,-0.445969556561088,-0.6265228305112261,-0.27764285716470055,-0.18055327395013815,30834.222453831324,-1.3580136613040055,-0.2969693178816278,-0.9120441047429175,15678.36013565854
399.9,-0.4420403710407216,-0.6400553868405657,-0.2636440987771512,-0.19801501579984415,27803.28432800651,-1.3721522577029022,-0.26856499868927397,-0.9301118866621806,12822.605959283508
